time,CV,F,X_prime,P1_prime,P2_prime,T_prime
0,0.85,357.803962388692,0.0015904364123877,0.876839744812112,0.650831841108068,0.269553371322623
0.01,0.85,357.911297596038,0.00104807537929535,0.877251914343329,0.648720330050472,0.272904502145118
0.02,0.85,358.01863660276,0.00204773839909424,0.87705722936691,0.649303999923553,0.271043008907636
0.03,0.85,358.126015245732,0.000385106621798412,0.875915684169366,0.65127973370617,0.270596793981906
0.04,0.85,358.233469284028,0,0.877335166998164,0.651804885012682,0.270464168273245
0.05,0.85,358.341034381565,0,0.876934551629301,0.647769803010834,0.271176674636325
0.06,0.85,358.448746089757,0,0.876718363791536,0.653217348857476,0.268477388728226
0.07,0.85,358.556639830196,0.000498745149194543,0.876418415923504,0.652122877209064,0.270494969701632
0.08,0.85,358.664750877366,0.000155079958551659,0.878483457650553,0.652171487557789,0.269735910947529
0.09,0.85,358.773114341395,0,0.877546848872311,0.649828518408475,0.271507396682896
0.1,0.85,358.881765150854,0,0.877688616586413,0.649739720086422,0.269332347746348
0.11,0.85,358.990738035618,0,0.877819099598124,0.650163232862297,0.272054724015278
0.12,0.85,359.100067509778,0.000673470324274201,0.876543264841653,0.651927977205998,0.270940265538109
0.13,0.85,359.209787854635,0.0019004365964407,0.87956971508597,0.649587878929536,0.269081974904598
0.14,0.85,359.319933101766,0.000656869273196019,0.880304151901362,0.653969913344769,0.268572120950901
0.15,0.85,359.430537016182,0.000585957452008616,0.878951568489139,0.652674405731951,0.27316127022716
0.16,0.85,359.541633079573,0.00167301749494063,0.880071997952305,0.650765821832055,0.272247321936835
0.17,0.85,359.653254473665,0.000681150507188553,0.880502106583835,0.652464424062773,0.269691957526146
0.18,0.85,359.765434063679,0.000454291666673705,0.879977575740671,0.647530497670771,0.270567646144492
0.19,0.85,359.878204381912,0,0.883060627345695,0.65300478649564,0.268852647227215
0.2,0.85,359.991597611449,0.000806125858957328,0.880619284605217,0.651736207440249,0.270053964044551
0.21,0.85,360.105645569998,0.000509300735130238,0.883101650343854,0.653162200534435,0.27138900839084
0.22,0.85,360.220379693879,0,0.878100876780247,0.651146649734581,0.270344946839558
0.23,0.85,360.335831022159,0,0.878819227388398,0.652737014169397,0.269609903561868
0.24,0.85,360.452030180942,0.000630002611568108,0.881942333297182,0.651435981573041,0.269437722932507
0.25,0.85,360.569007367829,0,0.882751969505142,0.653385630298696,0.271756088601841
0.26,0.85,360.686792336554,0,0.882235577515345,0.652865113662504,0.270165470988721
0.27,0.85,360.805414381796,0,0.882176889434548,0.652929062445695,0.26881639838119
0.28,0.85,360.924902324186,0.00116320568959533,0.883869018042558,0.654517516928924,0.268812283306238
0.29,0.85,361.04528449551,0.000497366167960295,0.883523353465671,0.65451297147537,0.269902348823127
0.3,0.85,361.166588724116,0,0.882630940067193,0.653496032011904,0.272678173057849
0.31,0.85,361.288842320533,0,0.88495902152358,0.653222795458721,0.272356405566103
0.32,0.85,361.412072063318,0,0.882811085309748,0.651329061810664,0.27004720395413
0.33,0.85,361.536304185119,0.00276096232739813,0.885813661521681,0.654672083749108,0.269950230823822
0.34,0.85,361.661564358982,0,0.882450975271274,0.652971206639535,0.272366443651491
0.35,0.85,361.787877684901,0,0.884554863776608,0.655442538785238,0.272902826969773
0.36,0.85,361.91526867661,0.00120202958343099,0.882580236132397,0.656083461537559,0.269905024436632
0.37,0.85,362.04376124864,0,0.883579120305671,0.657827648979022,0.270018150665737
0.38,0.85,362.173378703637,0.00231073342368822,0.885978068259892,0.655407053307716,0.268611760194859
0.39,0.85,362.30414371995,0,0.886350610259176,0.653658869943815,0.269961147861883
0.4,0.85,362.436078339498,0.000864488552660981,0.885803154156525,0.654611360975531,0.271801828919246
0.41,0.85,362.569203955918,0,0.883369218049122,0.653926454997475,0.271123680103823
0.42,0.85,362.703541303012,0,0.888454385290782,0.656874226099196,0.272255032225721
0.43,0.85,362.839110443477,0.00247159321682592,0.884213263308592,0.656125799778141,0.267613600793917
0.44,0.85,362.975930757956,0,0.888119540845847,0.657846233174471,0.268782225017336
0.45,0.85,363.114020934379,0,0.887080047141282,0.65376716518132,0.270215054135487
0.46,0.85,363.253398957635,0.00178870677793159,0.888369074184861,0.653745853335313,0.269681310336309
0.47,0.85,363.394082099557,0,0.885076996934434,0.656039521415657,0.268301013467179
0.48,0.85,363.536086909234,0.0022898840386322,0.890115927690267,0.657452184543728,0.272583358255333
0.49,0.85,363.679429203653,0,0.887575091814573,0.655448024994637,0.270311665157095
0.5,0.85,363.824124058685,0,0.885488552167083,0.652268838854037,0.269284439452232
0.51,0.85,363.970185800405,0,0.886835471969284,0.656933470020799,0.270881050101621
0.52,0.85,364.117627996758,0,0.889175386243734,0.655348229147854,0.270039763793659
0.53,0.85,364.266463449585,0.000621802961441602,0.890665545942638,0.655109742080344,0.270759904992714
0.54,0.85,364.416704186994,0.00206307544884678,0.889847496346945,0.655910323633866,0.267569314080718
0.55,0.85,364.568361456098,0.000116216040950707,0.88997060069262,0.65633557774314,0.268136838654353
0.56,0.85,364.721445716111,0.000192472556859112,0.889743960237652,0.653126967431276,0.27042343056931
0.57,0.85,364.875966631813,0.00098604920059797,0.889225770524878,0.657495107596623,0.27043690408072
0.58,0.85,365.03193306739,0.00302005542645349,0.890701480796481,0.654633496280238,0.269798268552414
0.59,0.85,365.18935308064,0,0.89180829958839,0.653206253617145,0.271348190378758
0.6,0.85,365.348233917561,0,0.887453064538694,0.658037308956297,0.265319300384087
0.61,0.85,365.508582007318,0.00177710233213938,0.893399437276761,0.655056883857773,0.268918167186842
0.62,0.85,365.670402957591,0,0.892920423318473,0.654049937611221,0.269955567567372
0.63,0.85,365.833701550309,0.000813164503835432,0.890828636954732,0.654786918847065,0.269269295720289
0.64,0.85,365.998481737767,0.00101548589389924,0.891569826622669,0.656555503805146,0.270048920088688
0.65,0.85,366.16474663914,0.000803830180536098,0.892511864572097,0.657798057620402,0.270439385746312
0.66,0.85,366.332498537373,0,0.89143914056074,0.657380814877696,0.269831870265167
0.67,0.85,366.501738876477,0,0.89170642732511,0.655941261244909,0.270343005361484
0.68,0.85,366.67246825921,0,0.891956494771855,0.656973002633288,0.270260625755377
0.69,0.85,366.844686445148,0.00167460403273641,0.894134356441003,0.65800066567986,0.266895080778128
0.7,0.85,367.01839234916,0,0.893042887481359,0.658343550383312,0.270375185384767
0.71,0.85,367.193584040264,0,0.894885512825921,0.658246494791131,0.271054129013574
0.72,0.85,367.370258740893,0.00239421197707594,0.893199182979088,0.657476961627738,0.271151569262677
0.73,0.85,367.548412826537,0,0.89326345598157,0.658267277680037,0.269536399210778
0.74,0.85,367.728041825798,0.000315794893956485,0.893427545082662,0.65693478759151,0.269396830703305
0.75,0.85,367.90914042082,0,0.893386760220763,0.656186984735106,0.271144950220783
0.76,0.85,368.091702448123,0,0.892797767555671,0.658799916455293,0.269635277467083
0.77,0.85,368.275720899827,0.000470390912327044,0.893720458018909,0.655598878186754,0.271554402969865
0.78,0.85,368.461187925257,0.00314836487362104,0.895133713528523,0.656761208464679,0.269642210098709
0.79,0.85,368.648094832947,0,0.896826757471209,0.656954571078611,0.269840796283078
0.8,0.85,368.836432093023,0,0.896450025194902,0.656273979735639,0.267532257325862
0.81,0.85,369.026189339971,0,0.896318030362833,0.656726820814737,0.268591079512563
0.82,0.85,369.217355375792,0.00101990582510489,0.896047208520269,0.6568801067417,0.2668722739438
0.83,0.85,369.409918173525,0,0.893885247661769,0.657194787267085,0.270313980341489
0.84,0.85,369.603864881159,0.00334928165577619,0.897549527770962,0.658865351852857,0.270226260008725
0.85,0.85,369.799181825908,0.0022995523461232,0.899138663511694,0.657080600268305,0.271753306283834
0.86,0.85,369.995854518864,0.00224371873340816,0.896249299419762,0.656468358353709,0.270941621263393
0.87,0.85,370.193867660007,0.001820636846838,0.896127424822008,0.656529090501198,0.27113742871442
0.88,0.85,370.393205143591,0.000246924285120768,0.897542645778655,0.658342526974585,0.268023085514597
0.89,0.85,370.593850063874,0.000527747306474481,0.89701065051765,0.658808240506089,0.267215121666954
0.9,0.85,370.795784721214,0,0.897973434111614,0.656503088603662,0.271507967717476
0.91,0.85,370.998990628512,0,0.897587299373349,0.655658247313861,0.269919573669382
0.92,0.85,371.203448517998,0,0.899022392192125,0.658153718346538,0.269462694784143
0.93,0.85,371.409138348364,0.00395290066695416,0.898838330394132,0.659640919278477,0.270369391164046
0.94,0.85,371.616039312228,0.000896089039651375,0.901912674741323,0.657990069912137,0.274538159203464
0.95,0.85,371.824129843936,0,0.901918421764387,0.657854646304239,0.270001921682762
0.96,0.85,372.03338762768,0,0.901807544259604,0.655735284293178,0.273300595094987
0.97,0.85,372.243789605951,0,0.899478674526793,0.653681220884284,0.268032909184372
0.98,0.85,372.455311988291,0.00103473375444298,0.899310597922605,0.659153823217711,0.269578218109311
0.99,0.85,372.667930260372,0.000493375538436211,0.902068150879663,0.65517460318666,0.269547335684867
1,0.85,372.881619193362,0,0.900653260783532,0.6564878014984,0.270096353436199
1.01,0.85,373.096352853604,0.00249701908045494,0.901961003728676,0.655934796900368,0.271511120771544
1.02,0.85,373.312104612573,0,0.90020166916553,0.657083153924158,0.271317476892624
1.03,0.85,373.528847157131,0.00214987529753387,0.901177117878392,0.656815917527323,0.27031627530708
1.04,0.85,373.74655250005,0,0.899906609259721,0.656924673714499,0.268596508430652
1.05,0.85,373.965191990816,0,0.901724266023709,0.654181381501238,0.270868986135034
1.06,0.85,374.184736326695,0.00121193492074625,0.901254776125715,0.655013909074524,0.268144408368087
1.07,0.85,374.40515556406,5.42484569753842e-05,0.903718979652606,0.654418374954834,0.269796492512882
1.08,0.85,374.626419129968,0,0.901498196484749,0.655571989699891,0.270928506303353
1.09,0.85,374.848495833982,0.00121142243171616,0.902636120310277,0.65550177465661,0.271205878220347
1.1,0.85,375.071353880241,0,0.903010778691589,0.65487467469093,0.269269385571773
1.11,0.85,375.294960879748,0.00126158457871179,0.902223214605685,0.659754092221001,0.268576018812062
1.12,0.85,375.519283862892,0.00169904240743562,0.902004168009796,0.655534049511772,0.268796709548041
1.13,0.85,375.744289292183,0,0.904190207272081,0.657270867243696,0.268843669633079
1.14,0.85,375.969943075198,0.00186025736297524,0.903470105451017,0.656052390493302,0.270031178449879
1.15,0.85,376.196210577733,0.000854308355155398,0.902378433689974,0.653399979298809,0.269573318895766
1.16,0.85,376.423056637144,0.000947026979052987,0.90410551773241,0.655233200450624,0.271622806281387
1.17,0.85,376.650445575882,0,0.90344433931162,0.655814995741721,0.269359955015708
1.18,0.85,376.878341215205,0.00193736322887489,0.907811088577622,0.65087869674782,0.274144985457877
1.19,0.85,377.106706889064,0,0.90323503804055,0.656546557326806,0.271782903409004
1.2,0.85,377.335505458159,0,0.906046322091691,0.654420458523404,0.270202173242919
1.21,0.85,377.564699324143,0,0.906087033072076,0.656845116539907,0.272647533952513
1.22,0.85,377.794250443991,0,0.905944589341138,0.655972900955191,0.2718629836695
1.23,0.85,378.024120344496,7.50834406581735e-05,0.906847106876031,0.652935278357517,0.266815232799582
1.24,0.85,378.25427013692,0.0017903614180514,0.90596561437249,0.657242453946174,0.270082035843913
1.25,0.85,378.484660531752,0.000871359397190984,0.906067087413338,0.655309944661877,0.269731956396549
1.26,0.85,378.715251853607,0.000340305461365037,0.907308362776315,0.655922716359947,0.269167529409818
1.27,0.85,378.946004056225,0,0.906556361685576,0.653090764136737,0.271096094547361
1.28,0.85,379.176876737581,0.0027280711376627,0.907102296851059,0.656145091275495,0.267893962187889
1.29,0.85,379.407829155093,0,0.910570713888224,0.654012307627731,0.269339845138876
1.3,0.85,379.638820240924,0.00165659341095689,0.908276480965188,0.653763096629235,0.268462316331267
1.31,0.85,379.869808617364,0,0.90911380347419,0.652687173724078,0.268940491403385
1.32,0.85,380.100752612291,0.00108021865010657,0.90665610494779,0.655727865237481,0.272899723763528
1.33,0.85,380.3316102747,0,0.906125875859096,0.652926423932251,0.268132993197344
1.34,0.85,380.5623393903,2.68537550851162e-05,0.906143805464581,0.654670137045429,0.270554391641546
1.35,0.85,380.792897497157,0.000164320055438749,0.908341368270333,0.654910226241319,0.26831736846781
1.36,0.85,381.023241901395,0,0.90746251388404,0.652159172178358,0.271570797901019
1.37,0.85,381.25332969293,0.000946762348172772,0.908801351804076,0.65145405466788,0.269468057753316
1.38,0.85,381.483117761246,1.19740486304906e-05,0.9083332562411,0.650444039016881,0.268814260069258
1.39,0.85,381.712562811193,3.46957079075874e-05,0.908046188492591,0.652313949305611,0.270057693389751
1.4,0.85,381.941621378807,0,0.906485030330367,0.652427785485679,0.268001906941775
1.41,0.85,382.170249847147,0,0.909936028761161,0.654615078203769,0.273481268804781
1.42,0.85,382.398404462137,0,0.904716886826051,0.652773229931868,0.270886397108034
1.43,0.85,382.62604134841,0.00138811803477745,0.909113462924028,0.650799005023844,0.26909406107097
1.44,0.85,382.853116525145,0.00136136047877113,0.91041454422403,0.651353247695529,0.271076022731001
1.45,0.85,383.079585921895,0,0.909892702196176,0.65444825200581,0.270543483848003
1.46,0.85,383.305405394396,0.00122438993675656,0.91208100176632,0.650766656319228,0.269306021667746
1.47,0.85,383.530530740349,0.000672722488771029,0.910956204719948,0.651175452652897,0.269808700075057
1.48,0.85,383.754917715178,0,0.911926434618508,0.649850017108882,0.271558998102119
1.49,0.85,383.978522047744,0.000728650729574877,0.909624975770309,0.652336071267924,0.269666047074497
1.5,0.85,384.201299456026,0.000501297781277488,0.909896982846497,0.650750876322344,0.271071282882642
1.51,0.85,384.423205662746,0,0.910959009323021,0.650564036444207,0.269011269680873
1.52,0.85,384.644196410943,0,0.908650123921011,0.649608206940846,0.271929741247373
1.53,0.85,384.864227479493,0.00120020746728052,0.912422179274511,0.652061426781666,0.271104398992322
1.54,0.85,385.083254698556,0.0019459726448921,0.911988972182004,0.653779271301172,0.273347732660939
1.55,0.85,385.301233964962,0.000441929160589714,0.910968955634613,0.649841532682058,0.268977760579647
1.56,0.85,385.518121257512,0,0.911402670003572,0.649241912137389,0.271464508647345
1.57,0.85,385.733872652208,0.0016026341590592,0.911201990325279,0.652284789068491,0.269410830419627
1.58,0.85,385.948444337394,0,0.910829259916202,0.64682878404224,0.270164682243551
1.59,0.85,386.161792628804,0.000422856390912737,0.91107978952999,0.650041096021047,0.268909829130767
1.6,0.85,386.373873984521,0.000529617131704954,0.912647006287021,0.649521387667643,0.270337508832025
1.61,0.85,386.584645019827,0,0.910426517169807,0.648285318321471,0.271755258193699
1.62,0.85,386.794062521963,0,0.911781298132586,0.649342874461775,0.268810150079826
1.63,0.85,387.002083464762,0,0.913144793361265,0.64820474019012,0.269902151088569
1.64,0.85,387.208665023186,0,0.914319850492353,0.649769694507669,0.269476372349885
1.65,0.85,387.413764587732,0,0.912530382655977,0.649143359357748,0.271507687604007
1.66,0.85,387.617339778724,0.00187857009480449,0.91264555568036,0.648194249520299,0.270428170596512
1.67,0.85,387.819348460479,0.000641541757043843,0.914418803261859,0.646387639836893,0.271159956713537
1.68,0.85,388.019748755334,0.000912528320737259,0.913200501157229,0.646770623816692,0.268103413104049
1.69,0.85,388.218499057556,0.000312448966870187,0.913822178273907,0.649734341268592,0.269970626310405
1.7,0.85,388.415558047095,0,0.913231792464418,0.647687049379118,0.269854745441071
1.71,0.85,388.610884703212,0,0.915067591806218,0.646929312059353,0.270492920791224
1.72,0.85,388.804438317953,0,0.914069213771734,0.648309691977441,0.269787903857888
1.73,0.85,388.996178509478,0,0.914144257617794,0.648857276033121,0.269840538490847
1.74,0.85,389.186065235237,0.000682572713789538,0.913690227348483,0.643736412994756,0.273400516244183
1.75,0.85,389.374058804994,0.000921399454957651,0.913159886735023,0.647037650777699,0.268792581873096
1.76,0.85,389.560119893689,0,0.914403132095097,0.647235586660817,0.270404386042261
1.77,0.85,389.744209554141,0,0.915355530296106,0.645709879979371,0.269195780935165
1.78,0.85,389.926289229586,0.000143116813199656,0.912983418706167,0.648742577185242,0.268837355411304
1.79,0.85,390.106320766052,0,0.917961931926857,0.647300413679273,0.271403710973591
1.8,0.85,390.284266424556,0.00145617566558692,0.914163664616281,0.648399100286689,0.267087448693841
1.81,0.85,390.460088893136,0,0.91632596712684,0.650374614609993,0.269543560745709
1.82,0.85,390.633751298705,0,0.91500063514879,0.645102829515545,0.270422607255119
1.83,0.85,390.805217218727,0.000368481480818538,0.915445934678306,0.646450838575494,0.267749320370067
1.84,0.85,390.97445069271,3.03870959754714e-05,0.914559288583722,0.645285712847518,0.269189370514248
1.85,0.85,391.141416233527,0.00252086855690179,0.917123725016659,0.645509011689021,0.269365975956221
1.86,0.85,391.306078838537,0.000609329021015487,0.916412959620521,0.644990617672262,0.27037676108746
1.87,0.85,391.468404000531,0,0.914662462963301,0.6492169107389,0.269044490758967
1.88,0.85,391.628357718483,0,0.915265200851313,0.645017200238222,0.271120002755901
1.89,0.85,391.785906508112,0.00134626679566341,0.915214114904875,0.643356574856111,0.27125349950787
1.9,0.85,391.941017412252,0.000867764106131891,0.916146451995982,0.646841848678007,0.269044855808446
1.91,0.85,392.09365801102,0,0.916141875106016,0.645371651325267,0.267062327726078
1.92,0.85,392.243796431797,0,0.917025811150785,0.645721973524213,0.270187953611842
1.93,0.85,392.391401359005,0,0.917997328301528,0.643953238698473,0.271309551558357
1.94,0.85,392.536442043681,0.000702392994247452,0.91723702487489,0.646240802299779,0.269869386553629
1.95,0.85,392.678888312853,0.000656816988559373,0.914861275711404,0.645032106587663,0.268818029993913
1.96,0.85,392.818710578715,0,0.916096105635617,0.645064346094409,0.269110138527222
1.97,0.85,392.95587984759,2.40156873250073e-05,0.91531464083166,0.642594482716115,0.269098241159042
1.98,0.85,393.09036772869,0,0.916819042488677,0.644456633001859,0.269212476746272
1.99,0.85,393.22214644267,0.00157754913561864,0.917730755139003,0.643739997129455,0.271915730455173
2,0.85,393.351188829968,2.25909949398107e-05,0.915667577276318,0.644633329793432,0.269276120443342
2.01,0.85,393.477468358941,0,0.915757622831949,0.640601678325995,0.269532156449541
2.02,0.85,393.600959133783,0.000135743457183929,0.914667001146793,0.644675254946922,0.270934853033095
2.03,0.85,393.721635902235,0.000697923609718097,0.918495696093161,0.643995712560631,0.269911372514629
2.04,0.85,393.839474063078,0.00204998785759834,0.918342672112699,0.643285100819598,0.271596045524484
2.05,0.85,393.95444967341,0,0.916751729450079,0.641608724097861,0.270546560005471
2.06,0.85,394.066539455715,1.75448324993412e-05,0.917395321581084,0.643675218546571,0.269174270744166
2.07,0.85,394.175720804704,0.000538215524134658,0.917486378938834,0.642887302110145,0.269514014689437
2.08,0.85,394.281971793946,0.000615709636167568,0.91723459063351,0.641965417070433,0.265683086193275
2.09,0.85,394.385271182277,0.000726029633367774,0.915272957268238,0.640689701934381,0.268143300298688
2.1,0.85,394.485598419991,0,0.918729577144426,0.645420603505886,0.272665033386065
2.11,0.85,394.582933654811,0,0.916312314975025,0.642444207451828,0.267128505686503
2.12,0.85,394.677257737636,0,0.91532960715948,0.645685297046018,0.26999266461605
2.13,0.85,394.768552228072,0.000673213470408727,0.916310549904818,0.644108752879401,0.27163526814274
2.14,0.85,394.856799399734,0,0.920779664560307,0.642088399461894,0.26713583832232
2.15,0.85,394.941982245332,0.000154234681708195,0.919155018881083,0.641551954130618,0.269224495707011
2.16,0.85,395.024084481525,0,0.920069107388163,0.642464523482967,0.272538632182237
2.17,0.85,395.103090553564,0,0.917978958784466,0.645387860803951,0.27006257548633
2.18,0.85,395.178985639692,0.00269739017399717,0.916407329495337,0.642189269267862,0.270925624112101
2.19,0.85,395.25175565534,0.000959567856439359,0.916591663840609,0.643974177453051,0.268131593881581
2.2,0.85,395.321387257079,0,0.918030906089578,0.643038634959469,0.26744970549782
2.21,0.85,395.38786784636,0,0.916342991703994,0.644579205431569,0.270923448849231
2.22,0.85,395.451185573016,0,0.917284661291596,0.644661597754243,0.269423055262239
2.23,0.85,395.511329338551,0,0.915455003827145,0.64429356449115,0.269227687509539
2.24,0.85,395.568288799186,0,0.918177426303259,0.642496405410629,0.271896524131609
2.25,0.85,395.622054368696,0.00129821072377352,0.917982371867683,0.643286224672686,0.269616951410701
2.26,0.85,395.672617220999,0,0.920122103399214,0.643257276458881,0.268212649207457
2.27,0.85,395.719969292538,0.00197771133078775,0.917271637690476,0.644133403858608,0.269404545635277
2.28,0.85,395.764103284419,0,0.917918687781832,0.642109378165273,0.272297371156808
2.29,0.85,395.805012664332,0.00175880933661974,0.917387666436192,0.643352274295888,0.268578090819088
2.3,0.85,395.842691668234,0.00081340611526002,0.916600125850908,0.64276708104823,0.271284090759841
2.31,0.85,395.877135301814,0.000340857023975967,0.917579630460174,0.645591805865127,0.269173348633542
2.32,0.85,395.908339341717,0,0.917322723293552,0.645118388770027,0.269542238140239
2.33,0.85,395.936300336557,0,0.920541068795189,0.641778712514814,0.269021089607211
2.34,0.85,395.961015607681,0.000460894158586875,0.918377236095836,0.643555805865655,0.273682418219444
2.35,0.85,395.982483249719,0,0.91712317699292,0.63991286149112,0.270075592005331
2.36,0.85,396.000702130902,0,0.919354576899207,0.642293031616662,0.269727826036217
2.37,0.85,396.015671893147,0.000252067525607879,0.918042160299351,0.643905235429781,0.271876194416034
2.38,0.85,396.027392951919,0,0.91843110360229,0.642842419119312,0.268393530177315
2.39,0.85,396.035866495858,0,0.918651258307643,0.643570204023159,0.268809495824514
2.4,0.85,396.041094486187,0.000916521790351564,0.917395291370618,0.645355931696286,0.268629696306906
2.41,0.85,396.04307965588,0,0.917753684884267,0.64426269342157,0.271790264312928
2.42,0.85,396.041825508614,0.00136450089692339,0.918901174340873,0.643736732304386,0.268194381970759
2.43,0.85,396.03733631748,0.000291134807669714,0.918597615007347,0.643561983472812,0.26846006788604
2.44,0.85,396.029617123478,0.00151244031760349,0.917482826787966,0.642587097216578,0.270046407408113
2.45,0.85,396.018673733776,0.00312411148393995,0.916480146936874,0.642782851215979,0.269789540626576
2.46,0.85,396.004512719747,0.00124518313597777,0.918900031885344,0.644072530626764,0.271399171676401
2.47,0.85,395.987141414771,0.000461557978150398,0.920362020152558,0.644786741618267,0.270772771620795
2.48,0.85,395.966567911823,0,0.917162367022715,0.646098041338558,0.26979435052488
2.49,0.85,395.94280106082,9.1526708403417e-05,0.918709761214842,0.644654516755665,0.26993267173482
2.5,0.85,395.915850465752,0,0.91536533453851,0.641780021789568,0.26967676843043
2.51,0.85,395.885726481581,0,0.919873375754103,0.643842866000069,0.269771323497099
2.52,0.85,395.852440210916,0.000808791890371396,0.917702899034913,0.642975343938721,0.271301120636116
2.53,0.85,395.816003500468,0.001206493543879,0.915311229356728,0.644406100659191,0.273212554236045
2.54,0.85,395.776428937271,8.64006148422761e-06,0.916762760599423,0.644229879266064,0.270524945318241
2.55,0.85,395.733729844685,0.00062085125195393,0.916762813390931,0.643510230798041,0.266854355507582
2.56,0.85,395.687920278173,0.00211656429823566,0.919046827392976,0.644524390259989,0.268469973837126
2.57,0.85,395.639015020856,0,0.921332218372381,0.64235868017373,0.267630182288846
2.58,0.85,395.587029578846,0,0.919373498379821,0.644084245649108,0.269635293075285
2.59,0.85,395.531980176351,0,0.917468853557343,0.643600888487656,0.269225504723493
2.6,0.85,395.473883750569,0.00120274810830589,0.916876313779628,0.64627307938355,0.267225363823739
2.61,0.85,395.412757946351,0,0.915700628512891,0.643032264957888,0.268645474336655
2.62,0.85,395.34862111065,0.00177152584525525,0.918947572211768,0.642732648846251,0.270901600681076
2.63,0.85,395.281492286748,0.00146497240858267,0.91854790742764,0.644946004325668,0.266664207662677
2.64,0.85,395.211391208266,2.53787357203586e-05,0.917171457279894,0.64376975077786,0.269712339015445
2.65,0.85,395.138338292955,0.000200436444933598,0.916830187916928,0.645992030119127,0.268134695601533
2.66,0.85,395.062354636271,0.00181535191373346,0.9194864404243,0.642583361263871,0.272242241204467
2.67,0.85,394.983462004736,0,0.920635219508015,0.64265770603183,0.271003615672445
2.68,0.85,394.901682829076,0,0.91891038126156,0.646863096353635,0.271807345987454
2.69,0.85,394.817040197155,0.00269576248541992,0.919358326694194,0.643966813715666,0.26933347630354
2.7,0.85,394.729557846693,0,0.917456745819484,0.6446359854637,0.269494717495058
2.71,0.85,394.639260157764,0.00151357854009372,0.918607723722943,0.646492292297071,0.269307365674819
2.72,0.85,394.546172145099,0,0.920698882830996,0.646418304791536,0.270960386309403
2.73,0.85,394.450319450162,0.000796380767566471,0.918726534230032,0.645203231271095,0.268559629639987
2.74,0.85,394.351728333032,0.000653589341265771,0.919151036340172,0.64592389521552,0.268757420106121
2.75,0.85,394.250425664068,0,0.919372018164235,0.644498783552363,0.266359564117709
2.76,0.85,394.146438915375,0,0.919809208000133,0.644805309637829,0.270908894279387
2.77,0.85,394.039796152061,0,0.916292025264595,0.646701260830202,0.27006625481797
2.78,0.85,393.930526023295,0,0.91889858135812,0.647242090703143,0.268805776463283
2.79,0.85,393.818657753159,0.00115368409408154,0.918267286979812,0.643609409343534,0.271436783365104
2.8,0.85,393.704221131305,0.00183468116954797,0.915297874210558,0.643578423925423,0.270173581835922
2.81,0.85,393.587246503412,0.0014915594579953,0.917889232656705,0.646801568424292,0.268831638587101
2.82,0.85,393.467764761445,0,0.917926490952637,0.646371216584073,0.268007093939405
2.83,0.85,393.345807333722,0,0.917165711421761,0.647202328825896,0.272078772523048
2.84,0.85,393.221406174787,0,0.916435221030562,0.64455564171496,0.269611035614349
2.85,0.85,393.094593755091,0,0.920270199820279,0.647070824685824,0.271546663538654
2.86,0.85,392.965403050486,0.000985740150704329,0.918071365349817,0.646872503634295,0.268535647517909
2.87,0.85,392.833867531533,0.000852712535697391,0.916073054934998,0.646864427845652,0.27291123166292
2.88,0.85,392.700021152622,0,0.916903236450593,0.646469786000361,0.27162933906508
2.89,0.85,392.563898340909,0,0.916319789101174,0.645859042887075,0.269522125619033
2.9,0.85,392.425533985079,0,0.917722137944037,0.647011902907869,0.269747594856068
2.91,0.85,392.284963423926,0,0.916974301293793,0.646735929903742,0.270794325942234
2.92,0.85,392.142222434756,0.000937667656662266,0.917583109468293,0.647465317646026,0.271177651117878
2.93,0.85,391.997347221622,0,0.915542049437171,0.648247028835358,0.271708493819893
2.94,0.85,391.850374403388,0.00219041909446946,0.91714238671595,0.648269605074113,0.270967704609096
2.95,0.85,391.701341001618,0.00160148387253314,0.917826755075451,0.649398102046509,0.272340671892092
2.96,0.85,391.550284428311,9.74767461145437e-05,0.917732443236696,0.65152248902759,0.268687371909946
2.97,0.85,391.397242473467,0,0.915923461596095,0.646252754600493,0.272380483491828
2.98,0.85,391.242253292493,0,0.915985460927764,0.649182776834719,0.270186315114458
2.99,0.85,391.08535539346,0,0.91648841497792,0.649279917000397,0.269162225381143
3,0.85,390.926587624202,0,0.917535400791644,0.650201490426761,0.269058241756511
3.01,0.85,390.76598915926,0,0.917389310020854,0.647844856097495,0.272072276633273
3.02,0.85,390.603599486693,0,0.915278943349521,0.647542804955955,0.269306417804386
3.03,0.85,390.439458394734,0.00247978263168046,0.916484019714989,0.649318599152648,0.270668075281292
3.04,0.85,390.273605958314,0,0.915647401369118,0.648889227880849,0.26833179097135
3.05,0.85,390.106082525442,0,0.916661795202664,0.648839171399744,0.271779345028567
3.06,0.85,389.936928703463,0,0.915799552599442,0.6482074195425,0.268938304965106
3.07,0.85,389.76618534518,0,0.916866931887355,0.648716792719988,0.268743912891372
3.08,0.85,389.593893534852,0,0.916546384146356,0.649801424986948,0.268394073837667
3.09,0.85,389.420094574079,0,0.91597267119868,0.651575126501069,0.270061014718713
3.1,0.85,389.244829967555,0,0.914045989410743,0.650618072169863,0.269989927029064
3.11,0.85,389.06814140873,0.000233165972842991,0.915436807864968,0.650294338923883,0.2707836953789
3.12,0.85,388.89007076534,0.00150367391446652,0.912768939707647,0.65107801053356,0.270009343557285
3.13,0.85,388.710660064858,0.000329299246606079,0.915237128157206,0.647623784138242,0.270394562412682
3.14,0.85,388.529951479823,0.00051747300244626,0.91386381371016,0.648591660449996,0.268384608643358
3.15,0.85,388.34798731309,0.00370649529018986,0.912823351424381,0.650003027984912,0.270631437087857
3.16,0.85,388.164809982987,0.000569750900659527,0.913841807048915,0.649783626402015,0.269911306479624
3.17,0.85,387.980462008378,0,0.915122631080239,0.649394986822307,0.268614618227889
3.18,0.85,387.794985993659,0,0.917257414594089,0.648632096528237,0.269890679337919
3.19,0.85,387.608424613671,0.00200686389598258,0.914427457689953,0.648612107127907,0.269477010433904
3.2,0.85,387.420820598543,0,0.915219091407856,0.650168229085194,0.270018921818556
3.21,0.85,387.23221671847,0,0.91581577473313,0.649737328185053,0.268212903543181
3.22,0.85,387.042655768438,5.56024582689947e-06,0.913468565115951,0.651426842033281,0.269304618594394
3.23,0.85,386.852180552884,0,0.915809140493064,0.6519388315044,0.270549600388473
3.24,0.85,386.660833870314,0,0.913315479272078,0.652301475845259,0.269894605160071
3.25,0.85,386.46865849788,0.000207854004317927,0.917671592902435,0.650473992251075,0.270360108945993
3.26,0.85,386.27569717591,0.00173940738848587,0.911561865159539,0.65538717063521,0.26890937857278
3.27,0.85,385.769723580181,0.000452069654217743,0.914167801412263,0.652264518214251,0.272055796365712
3.28,0.85,379.378130287529,0.00415986623801825,0.911124442516632,0.653502571923712,0.2699714632448
3.29,0.85,373.369261681714,0.0076971902027021,0.91397876948951,0.651693583153092,0.272527875248418
3.3,0.85,368.495560750039,0.0113905980916235,0.911906198056412,0.648947920478838,0.27099753195883
3.31,0.85,364.063731120349,0.0109866698837693,0.91454345698007,0.651064417438865,0.269816097459673
3.32,0.85,359.798500029264,0.0116808068959855,0.916257726858413,0.650885158622377,0.265684393578321
3.33,0.85,355.616324412919,0.0165281394018709,0.914395979070238,0.653878064994015,0.269710897082127
3.34,0.85,351.492685894334,0.0177905277795003,0.911456884032569,0.651336986005955,0.269152685671319
3.35,0.85,347.420256956406,0.0183898270445971,0.913502353137216,0.653086898724221,0.271520254036995
3.36,0.85,343.396663369696,0.0208105210463852,0.912290791405144,0.651678129995051,0.267854517745134
3.37,0.85,339.420952981056,0.0249393813796436,0.910661548971694,0.6524860801495,0.269864503225153
3.38,0.85,335.492580029349,0.0248844378575362,0.912355634384087,0.654338867537055,0.269237311365226
3.39,0.85,331.611113436427,0.0286414972145804,0.914922076710809,0.652283573003325,0.268859007208722
3.4,0.85,327.776153177523,0.0301932352338521,0.908094273214534,0.653387455447515,0.271437557078346
3.41,0.85,323.987306402656,0.0337893995467679,0.911073440055606,0.654434775785328,0.270287490703711
3.42,0.85,320.244180701497,0.0355500232477316,0.910506453912993,0.656200515523998,0.271524495385025
3.43,0.85,316.5463822825,0.0388551918516186,0.914741385479501,0.653882816338583,0.269016791146798
3.44,0.85,312.893515558969,0.0408107777870714,0.913315656791599,0.652368357574394,0.270269103722659
3.45,0.85,309.285183136931,0.042123591946084,0.908825269183438,0.654135315560877,0.269490779652561
3.46,0.85,305.720985916901,0.0444829611642843,0.910767365039044,0.65529006619204,0.269940574552176
3.47,0.85,302.200523227126,0.0464037956500139,0.911016004773064,0.655310238962497,0.268693302751634
3.48,0.85,298.723392964661,0.0509736222275229,0.909536530185533,0.654287513165746,0.268749358673473
3.49,0.85,295.289191737468,0.0511679488944534,0.909885190077989,0.65230723007638,0.269794509444275
3.5,0.85,291.897515005532,0.052876719738942,0.910563991138102,0.655579383977537,0.269911778124077
3.51,0.85,288.54795722037,0.0562959328004729,0.911786942280954,0.655112289361153,0.269864912698728
3.52,0.85,285.240111962701,0.0566112263373649,0.912945590204563,0.654281117256379,0.268838316796112
3.53,0.85,281.973572078162,0.0609429010558065,0.908606253225394,0.654917879329342,0.270928417406237
3.54,0.85,278.747929810986,0.0641112511716052,0.911477831453453,0.654786365321232,0.268926979051538
3.55,0.85,275.562776935592,0.0671810470991179,0.909378814909036,0.654972529189837,0.269889027777062
3.56,0.85,272.417704886007,0.0654286877730144,0.907809858390945,0.655304666979442,0.27054151852909
3.57,0.85,269.312304883081,0.0683712793492446,0.908625791013252,0.656215784829829,0.271524746328769
3.58,0.85,266.246168059448,0.0724498039951786,0.909087983862086,0.653407989062981,0.270725223404925
3.59,0.85,263.218885582174,0.0730507312026518,0.908583495225532,0.655700440108998,0.274125839611135
3.6,0.85,260.230048773063,0.0768153169857303,0.909587291569406,0.652694059701079,0.272322158553972
3.61,0.85,257.279249226574,0.0784272708350319,0.90692751275154,0.655588795112421,0.270896625543034
3.62,0.85,254.366078925334,0.0813356377774677,0.907905408117814,0.655325161007442,0.268352162728647
3.63,0.85,251.490130353187,0.0842139923995982,0.909651098890404,0.656806210445147,0.270213966211211
3.64,0.85,248.650996605785,0.0850679912623083,0.904797965545997,0.655980915800101,0.271962206465046
3.65,0.85,245.848271498674,0.0856696358128799,0.909152806387778,0.657923409764951,0.27241215160857
3.66,0.85,243.081549672875,0.0874157415348451,0.908058077395555,0.655333037381139,0.268458592662393
3.67,0.85,240.350426697921,0.091708437183828,0.909763667565991,0.655608357569116,0.268980192893118
3.68,0.85,237.654499172368,0.090101537033982,0.908235261261656,0.653036694431844,0.27118641162405
3.69,0.85,234.993364821742,0.0949437836213742,0.908298422920755,0.659111004621844,0.270260222430266
3.7,0.85,232.366622593934,0.0971638181239247,0.907058373816311,0.655392790048145,0.270445926202032
3.71,0.85,229.77387275203,0.100293733865165,0.905471603211797,0.654210587991563,0.269741907112901
3.72,0.85,227.214716964584,0.0985115317531663,0.905093877426329,0.657044877182656,0.271729163360994
3.73,0.85,224.688758393325,0.105008013724874,0.906671954657037,0.658129339138815,0.270455202232528
3.74,0.85,222.195601778318,0.106424061661456,0.906894013926885,0.655427424969154,0.271271223823413
3.75,0.85,219.73485352057,0.106749341981014,0.908021159119821,0.653973271139225,0.270882253081824
3.76,0.85,217.306121762106,0.111064586587649,0.90536509575697,0.659733681020571,0.269298075207564
3.77,0.85,214.909016463517,0.110232847048719,0.90736213409827,0.658067383207084,0.267975403477809
3.78,0.85,212.543149478997,0.115653861577524,0.905698881539198,0.656103847051433,0.271432296258792
3.79,0.85,210.208134628892,0.117483557961372,0.904061242481665,0.656762495074555,0.269090260580501
3.8,0.85,207.90358776977,0.117697677742052,0.906010027028312,0.658492934784298,0.270046939489831
3.81,0.85,205.629126862041,0.121288459600876,0.90336011007503,0.655179005450681,0.270171324402645
3.82,0.85,203.384372035145,0.122986202648281,0.90471984862243,0.657325895154322,0.271111040733741
3.83,0.85,201.168945650334,0.125337616832383,0.902184726680397,0.656483983257815,0.269894668706285
3.84,0.85,198.982472361073,0.128682226201603,0.90443054337511,0.658621986601865,0.267930678438377
3.85,0.85,196.824579171088,0.130443964399738,0.906206112489222,0.656473130729363,0.268925050474121
3.86,0.85,194.694895490095,0.133761430550105,0.901336367009392,0.657101150295048,0.271028358916116
3.87,0.85,192.593053187227,0.134079989635495,0.901485529330072,0.658184626187204,0.26971135009431
3.88,0.85,190.51868664221,0.133614603077201,0.903426937719595,0.655389488438578,0.269248744913057
3.89,0.85,188.471432794303,0.136564800630944,0.90246852208066,0.657717719850775,0.26776447454037
3.9,0.85,186.450931189046,0.140789385421929,0.900900520680854,0.658105579782567,0.270736616199105
3.91,0.85,184.45682402285,0.141036566719427,0.905836288275373,0.655905468937016,0.267346607286778
3.92,0.85,182.48875618546,0.143050462458161,0.905353875989728,0.657441791582653,0.267407486505822
3.93,0.85,180.546375300336,0.145729168699535,0.901389640542574,0.656789734173138,0.267873953256116
3.94,0.85,178.629331762979,0.147114704735062,0.904972630959857,0.655362580979523,0.273505961369567
3.95,0.85,176.737278777256,0.149482802488431,0.903204324618441,0.657809823312823,0.26966829355897
3.96,0.85,174.869872389739,0.149384780817309,0.902283687984451,0.65536101027472,0.272534935131736
3.97,0.85,173.026771522128,0.152178835336573,0.903267572511357,0.655952417163812,0.267835336840351
3.98,0.85,171.207638001765,0.154396644419906,0.898252936289122,0.656019554578073,0.272188056469703
3.99,0.85,169.412136590311,0.15881559505493,0.899628449049969,0.658000389681216,0.270941431873611
4,0.85,167.639935010596,0.157974643057946,0.900864791573765,0.658006487186532,0.270985467610958
4.01,0.85,165.890703971717,0.162730004720378,0.899681716681101,0.656899162288358,0.268339875636615
4.02,0.85,164.164117192385,0.15994663392388,0.899903842189519,0.656188416894007,0.26771729432149
4.03,0.85,162.459851422601,0.164024684912686,0.900545053789956,0.657026129671539,0.270986728174127
4.04,0.85,160.777586463677,0.170116462192007,0.899111963198623,0.658707909509259,0.27297684803091
4.05,0.85,159.11700518665,0.17042285176789,0.899735040572743,0.657750715726868,0.269993463194667
4.06,0.85,157.477793549133,0.171257206453623,0.901499128918722,0.656703270318594,0.269288402222373
4.07,0.85,155.859640610647,0.173172557981466,0.898092402970869,0.65673351460021,0.271760662088514
4.08,0.85,154.262238546461,0.175213031040347,0.900305733606571,0.657121466032204,0.2687218524642
4.09,0.85,152.685282659999,0.179761431388069,0.896994777970508,0.654135725429065,0.2706972038557
4.1,0.85,151.12847139384,0.177470707206848,0.89652109255837,0.657929226287094,0.269818650675436
4.11,0.85,149.591506339361,0.181984223100572,0.897279238127433,0.656628514886624,0.269059627940119
4.12,0.85,148.074092245057,0.18372868761147,0.897704412685496,0.657458477940652,0.269973629914185
4.13,0.85,146.575937023577,0.18403778090171,0.897499243027279,0.656780645261456,0.271630845450826
4.14,0.85,145.096751757524,0.188725388358917,0.898597146413898,0.655084476329011,0.26904914895214
4.15,0.85,143.636250704047,0.191241885220495,0.897755038870225,0.65869269356587,0.269485238203697
4.16,0.85,142.194151298267,0.191830108107152,0.895165243705932,0.656217666155909,0.271443144211166
4.17,0.85,140.770174155577,0.192966517313499,0.898093033642222,0.655366369576701,0.268895458697334
4.18,0.85,139.364043072854,0.195532045520036,0.898311202275678,0.656174351544351,0.271408293621906
4.19,0.85,137.975485028611,0.197460223038549,0.89774053328626,0.658150174387438,0.2691467965816
4.2,0.85,136.604230182135,0.197982979286347,0.898129811823742,0.657739421271877,0.270279937857292
4.21,0.85,135.250011871645,0.200891352457058,0.895822897595887,0.65458501479382,0.269373726301437
4.22,0.85,133.912566611493,0.204358268816925,0.896999061576241,0.656516918737634,0.271198323013104
4.23,0.85,132.591634088463,0.204187967587041,0.896341247229066,0.655453437055006,0.271449501352005
4.24,0.85,131.28695715718,0.207775247619251,0.893424046381039,0.655309083907567,0.270339284524755
4.25,0.85,129.998281834675,0.210285117910821,0.892069807591588,0.657210769256808,0.269835938954228
4.26,0.85,128.725357294133,0.209613833526403,0.894883359433859,0.653609526358328,0.26824049350188
4.27,0.85,127.467935857861,0.213484840255183,0.893315591119407,0.655534111365743,0.269570120426748
4.28,0.85,126.22577298949,0.214283885865163,0.892657015228605,0.653606629897364,0.272380747940022
4.29,0.85,124.998627285467,0.216206684992479,0.894319429647915,0.65556455810423,0.268914692387462
4.3,0.85,123.78626046584,0.218646749093633,0.891798701062972,0.654660069808627,0.272859670752846
4.31,0.85,122.588437364378,0.221065549883044,0.892497535421102,0.657001375890221,0.271193265707854
4.32,0.85,121.404925918053,0.220614261897264,0.894184053436475,0.656338088782797,0.270340990597107
4.33,0.85,120.23549715591,0.22408553581102,0.892873778585954,0.65535673558819,0.27040036811355
4.34,0.85,119.079925187336,0.225871994252459,0.89111381466342,0.655261893803008,0.273815527702088
4.35,0.85,117.937987189787,0.226306939480147,0.894910271448843,0.656329870454937,0.272118898859849
4.36,0.85,116.809463395952,0.228636487642328,0.894462846577654,0.654124941394995,0.267207872709643
4.37,0.85,115.694137080422,0.232996443507858,0.891881366568703,0.652763949705313,0.269722819265089
4.38,0.85,114.591794545851,0.232907376515373,0.888863051339099,0.655226533264293,0.269105279545139
4.39,0.85,113.502225108654,0.235194782000541,0.891416882581364,0.655238529271234,0.270886457007933
4.4,0.85,112.425221084246,0.237485942970042,0.891753086606876,0.651921383879906,0.271685898726955
4.41,0.85,111.360577771863,0.240430175701669,0.890379348777563,0.654604956205521,0.270796776037565
4.42,0.85,110.308093438956,0.240019443569341,0.889970849961144,0.652732819005691,0.272184204389746
4.43,0.85,109.267569305206,0.242903941061748,0.891256690052037,0.652590633715539,0.271516921690634
4.44,0.85,108.238809526155,0.243366248371964,0.890338183677205,0.655335907936794,0.270784905026956
4.45,0.85,107.221621176483,0.24319236190334,0.888745673898522,0.652829205149214,0.269505979782414
4.46,0.85,106.215814232943,0.247787365437973,0.889816507381485,0.651329560546659,0.269792798392626
4.47,0.85,105.221201556971,0.2474935194087,0.889436448480871,0.656495875300985,0.271371846007274
4.48,0.85,104.237598876981,0.250903838584857,0.88786228297021,0.650822084383578,0.267944634531606
4.49,0.85,103.264824770365,0.25636895723286,0.888978723554435,0.652477401903696,0.265971774935177
4.5,0.85,102.302700645212,0.257013587243705,0.888231382337234,0.654686647006025,0.270192446396095
4.51,0.85,101.35105072175,0.25598498750817,0.886407358305671,0.654350889315797,0.271217564100571
4.52,0.85,100.409702013536,0.258800364194686,0.884252168487015,0.653096391702747,0.267636716165837
4.53,0.85,99.4784843083895,0.260764861537357,0.884560517249041,0.649943532767748,0.270636583308756
4.54,0.85,98.5572301490986,0.262593902195235,0.888327742454445,0.649948573824477,0.269128971168751
4.55,0.85,97.6457748138924,0.262482494775643,0.887776836564196,0.652605269650777,0.268905564866333
4.56,0.85,96.7439562966986,0.265184231656929,0.887656859625993,0.651462937619728,0.268657807515116
4.57,0.85,95.8516152871931,0.266468268686678,0.886630209004918,0.651902152847055,0.267914607178109
4.58,0.85,94.968595150648,0.267999981367198,0.8878744356117,0.652126048013419,0.26980845831831
4.59,0.85,94.0947419075886,0.272851439229954,0.885910802326615,0.653865186878492,0.269824041728836
4.6,0.85,93.2299042132648,0.273434331332424,0.884562614056384,0.65268304329784,0.270415552246305
4.61,0.85,92.3739333369434,0.276922999278669,0.884934258769112,0.653441055669039,0.270354327087473
4.62,0.85,91.5266831410297,0.276862886191691,0.888183508967267,0.651685268257158,0.270300059636162
4.63,0.85,90.6880100600213,0.277414390627936,0.888038574047807,0.651104820369615,0.271189060458895
4.64,0.85,89.8577730793022,0.281457312120155,0.887439688861633,0.650681786324256,0.272740287320656
4.65,0.85,89.0358337137793,0.278999765429834,0.88627774801104,0.650527276784526,0.270089926839801
4.66,0.85,88.2220559863682,0.282553124621717,0.883845103034251,0.650136346794519,0.269711859557351
4.67,0.85,87.4163064063303,0.284376245046576,0.884849499565125,0.651295422403311,0.269398614600382
4.68,0.85,86.6184539474672,0.287539820291128,0.883235749046124,0.650833777951497,0.27056401434824
4.69,0.85,85.8283700261728,0.28845213923017,0.883823173876089,0.652393770202711,0.270514989499187
4.7,0.85,85.0459284793495,0.293768423298818,0.882376621929749,0.653231531542931,0.270623170206596
4.71,0.85,84.2710055421877,0.292922783449262,0.883363043213077,0.651758867438497,0.269492573016381
4.72,0.85,83.5034798258144,0.295360765407876,0.882094388774744,0.648998933006137,0.2697925899789
4.73,0.85,82.7432322948098,0.295155236912476,0.882552369224101,0.649222102544729,0.270452791085779
4.74,0.85,81.9901462445973,0.295505565699279,0.882308132623599,0.648068473217562,0.270762839076895
4.75,0.85,81.244107278705,0.299237445689176,0.883022557996899,0.65079267126383,0.270335076770365
4.76,0.85,80.51648943782,0.303937079820638,0.881897941178275,0.64987602351451,0.269554830195623
4.77,0.85,79.8235765560788,0.301749308376135,0.87921759449562,0.650340867604421,0.268457882683731
4.78,0.85,79.1463188556174,0.304475077092948,0.880332231556206,0.647673854569728,0.2693589298327
4.79,0.85,78.477110693744,0.306838629120146,0.883578929360696,0.649610310125071,0.269661217544926
4.8,0.85,77.8140926334384,0.307557948527496,0.879657997982786,0.650046193149792,0.269214670195682
4.81,0.85,77.1568008190792,0.310721731633179,0.879457373900046,0.649565053316551,0.270731492792161
4.82,0.85,76.505070999624,0.311438747651529,0.877639397661389,0.64783770232073,0.270346585257815
4.83,0.85,75.8588019165379,0.31227524107682,0.876964867710991,0.649213479996781,0.270307108404091
4.84,0.85,75.2179065113393,0.312058088447548,0.880037388710701,0.649534727392582,0.271275044360366
4.85,0.85,74.5823020198754,0.315933833850649,0.880444336457449,0.648986712413915,0.269978814655315
4.86,0.85,73.9519079645414,0.316159544830527,0.880399002217889,0.647896406599056,0.268782694479727
4.87,0.85,73.326645737375,0.31839695413889,0.878956608937243,0.650592262415691,0.27173991750302
4.88,0.85,72.706438502053,0.320239278740299,0.879261740590611,0.646317731331965,0.271705510909195
4.89,0.85,72.0912111595032,0.32331160498952,0.876221994916743,0.647221587832257,0.271013293582476
4.9,0.85,71.4808903260682,0.324033147616126,0.878057082388282,0.645795680215164,0.269531940792555
4.91,0.85,70.8754043140336,0.328301753004144,0.876194415215748,0.650085387746719,0.268400399719106
4.92,0.85,70.274683112497,0.329034381351829,0.877082425158423,0.646770291927596,0.270089541079135
4.93,0.85,69.6786583681777,0.328592798339702,0.877447694968273,0.647815864588952,0.270025986408726
4.94,0.85,69.0872633660857,0.329485620296803,0.877989272579657,0.650228037521172,0.266863611973708
4.95,0.85,68.5004330100382,0.331296409118976,0.875956445421317,0.64806604873638,0.271646965246471
4.96,0.85,67.9181038030208,0.334586276211539,0.87705188363929,0.646665058092718,0.270392176760804
4.97,0.85,67.3402138273941,0.337621005350454,0.874028576087117,0.647560036809952,0.268889625985862
4.98,0.85,66.7667027249475,0.33697802379125,0.8747776171989,0.644237653025312,0.270314570496517
4.99,0.85,66.1975116768019,0.339580534117773,0.876257591209249,0.646063532256459,0.270878068792466
5,0,65.6325833831629,0.342103935402853,0.874447523924221,0.646453707558114,0.268195483011556
5.01,0,65.0718620429282,0.342215073624511,0.873251526876041,0.648080402863395,0.273037435047626
5.02,0,64.5152933331497,0.343274537116914,0.874553652747214,0.646344848240578,0.272750277933206
5.03,0,63.9628243883537,0.346376773502931,0.871118228978693,0.649137231283322,0.270880827961614
5.04,0,63.4144037797221,0.348458198761815,0.87386451166782,0.647736206241214,0.269874062787419
5.05,0,62.8699814941375,0.348442214885439,0.877353522707701,0.645549069010531,0.26854341748717
5.06,0,62.3295089130959,0.351575711973356,0.873318244128802,0.645134013736652,0.271241728002648
5.07,0,61.7929387914889,0.351985942638145,0.872730008743304,0.645343294193402,0.27183005947901
5.08,0,61.2602252362616,0.352036159760587,0.872339245446396,0.64543567672382,0.271857236292035
5.09,0,60.7313236849479,0.359073869381237,0.872113663063246,0.642908101838092,0.271727331255893
5.1,0,60.2061908840882,0.35862471344636,0.872329590602268,0.645633346921626,0.270502700013569
5.11,0,59.6847848675346,0.358921242997629,0.870351555560276,0.644278408329752,0.273305767160914
5.12,0,59.1670649346472,0.360891822212748,0.872712326630871,0.643631983490143,0.271209093682817
5.13,0,58.6529916283871,0.363547936403874,0.8734488918712,0.647496957351443,0.267994286112295
5.14,0,58.1425267133109,0.363546126853667,0.872479639462827,0.644693142342412,0.267733733063982
5.15,0,57.6356331534723,0.364388848577074,0.871785495845323,0.645131932925175,0.27011124975865
5.16,0,57.1322750902365,0.368111228140743,0.870607207157662,0.644276374566275,0.269984509531288
5.17,0,56.632417820013,0.369981891255054,0.871041983396156,0.645157706256081,0.2718224704125
5.18,0,56.1360277719135,0.370941746660199,0.871179626320211,0.644466255652924,0.269628872161692
5.19,0,55.6430724853405,0.372198449043831,0.869890402478871,0.64266118799381,0.267483264171921
5.2,0,55.153520587514,0.373580468843899,0.869319793754994,0.644047728438037,0.274434155929247
5.21,0,54.6673417709423,0.374416231601707,0.867702163893708,0.644352944378344,0.26670708429278
5.22,0,54.1845067708452,0.378118197142425,0.867321107626414,0.644647892679793,0.269508069857305
5.23,0,53.7049873425351,0.377722817448873,0.867145722830174,0.642014262175599,0.268368057716294
5.24,0,53.2287562387651,0.385079605065294,0.866864517867279,0.644423673966261,0.2703795301593
5.25,0,52.7557871870514,0.382567136631942,0.866581344486729,0.645420142210601,0.269804128912755
5.26,0,52.2860548669768,0.384747634929471,0.867829226080694,0.643964367653151,0.270225372629294
5.27,0,51.8195348874851,0.385427360622549,0.868586799002159,0.641507550295758,0.273195636459263
5.28,0,51.3562037641738,0.387982218831672,0.868744739765323,0.641530169773587,0.268672206208163
5.29,0,50.8960388965924,0.388559327869088,0.869838421934559,0.64344089650821,0.27258735774716
5.3,0,50.439018545558,0.390178609250257,0.86629710242504,0.643682897468247,0.268805022668388
5.31,0,49.9851218104927,0.39204779485211,0.865935405703885,0.643222333855868,0.268926028717953
5.32,0,49.5343286067964,0.392957668115249,0.865279859620885,0.643985057049238,0.269344163691773
5.33,0,49.0866196432592,0.394967950487334,0.865119674412858,0.644430295423303,0.267380040720864
5.34,0,48.6419763995271,0.399117655823001,0.86579683872207,0.642351040755447,0.269069437624231
5.35,0,48.2003811036266,0.398270328967624,0.86477098945833,0.64435236462588,0.269664491696728
5.36,0,47.7596457290307,0.402568671375904,0.866093187530474,0.643756863598811,0.27103502463198
5.37,0,47.3158655678785,0.403945351822784,0.866366056835564,0.642164290555612,0.268499496569967
5.38,0,46.873061731198,0.407016194018737,0.865517904911307,0.641375271249506,0.27028678526747
5.39,0,46.4329153691839,0.4047968861388,0.865967227922774,0.645270417968786,0.268884170488152
5.4,0,45.9957996170438,0.404852110340647,0.865974611361439,0.643315835912786,0.270337354808264
5.41,0,45.561778164305,0.411386540826249,0.860819305008359,0.642829609075339,0.270476669764447
5.42,0,45.1308519977235,0.412241191163701,0.863389062525848,0.64366447007765,0.272400171659136
5.43,0,44.7030103775724,0.416099530367092,0.861792927324017,0.643864953043872,0.269651855711941
5.44,0,44.2782407766807,0.41503398037657,0.862688625567299,0.641940614513815,0.26741363214288
5.45,0,43.8565307619784,0.417389173705751,0.862393211342144,0.642609655669765,0.268821163797491
5.46,0,43.4378683326865,0.418833438832945,0.863332910773296,0.642599713761268,0.270146602021244
5.47,0,43.0222419662074,0.420646433465864,0.8625590099312,0.643255343886185,0.27090561320646
5.48,0,42.6096406091117,0.42210767998886,0.862004146066298,0.640626865348934,0.269779089841957
5.49,0,42.200053658,0.425423194863638,0.862108512791882,0.645059680034827,0.26853210563139
5.5,0,41.8115238936194,0.42641548240738,0.861645914646508,0.640657210908638,0.269739778874956
5.51,0,41.5752656451742,0.427394633999058,0.858801514966716,0.642749273371111,0.270067846671181
5.52,0,41.416796763417,0.42698461586045,0.862981749256845,0.643420126187106,0.271564728490036
5.53,0,41.2759777170246,0.430915486018522,0.861438541809509,0.643207967035846,0.27118758621708
5.54,0,41.1645705694239,0.42803539519566,0.86210451681177,0.643589415763814,0.269666543298229
5.55,0,41.094633611949,0.429348109057746,0.861352306063794,0.641424274091738,0.269550845806175
5.56,0,41.0359072777985,0.430502480540362,0.858067830130842,0.641974041283505,0.27067423542653
5.57,0,40.9787105748189,0.429528496586015,0.860382941479271,0.642670043592868,0.266116354332429
5.58,0,40.9209505675976,0.430812487852668,0.85957505197543,0.645007627504604,0.269524983837558
5.59,0,40.8622254349718,0.430919860091379,0.858327141600609,0.642308792930951,0.269896723582876
5.6,0,40.80246856921,0.428523012618761,0.859882657659209,0.644481380881897,0.270009048531014
5.61,0,40.7416775776154,0.430926556611684,0.858420021143571,0.64091010137233,0.270080925975297
5.62,0,40.679862561718,0.428244717552744,0.857518722783378,0.643423957360183,0.27014525394
5.63,0,40.6170364045314,0.432998355407196,0.857465358827629,0.645456778821329,0.268823935340082
5.64,0,40.5532129520962,0.429699451414654,0.860052721641889,0.64370744571287,0.270757636867773
5.65,0,40.488406668544,0.432397227466779,0.857626814632798,0.642630551509765,0.269686053780284
5.66,0,40.4226325655333,0.433744093626755,0.856201760129885,0.644254359432418,0.268664846632532
5.67,0,40.3559061825828,0.431232666386315,0.859100448963433,0.643830691359929,0.270657404900307
5.68,0,40.2882435766556,0.434485782398123,0.854187473623591,0.646554125641498,0.267314379630106
5.69,0,40.2196613132277,0.431808159092924,0.857521034178788,0.646277578927673,0.269470743295513
5.7,0,40.1501764574004,0.432099610999741,0.855400919581754,0.645600200809292,0.271562189084357
5.71,0,40.079806564792,0.433386879248754,0.857519426943841,0.643181669153329,0.271507782662015
5.72,0,40.0085696721697,0.432431709237052,0.855810497018252,0.644248436251606,0.271751514044542
5.73,0,39.9364842878214,0.431059187959014,0.854063737614075,0.645985084478467,0.271926143257774
5.74,0,39.8635693816749,0.433886105422494,0.856017296716631,0.643530888339429,0.268989832453764
5.75,0,39.7898443751772,0.432185234225231,0.856292290175913,0.645132365412595,0.271917589222455
5.76,0,39.7153291309424,0.432541274441065,0.854345067224704,0.645114991685903,0.268002440269609
5.77,0,39.6400439421807,0.433367780540386,0.853253520097237,0.643083052832051,0.269069970232913
5.78,0,39.5640095219191,0.433627307205914,0.85545657650859,0.642856554724768,0.27132265683104
5.79,0,39.4872469920251,0.435795827406386,0.853308360109667,0.644756307448928,0.269586111019915
5.8,0,39.4097778720459,0.436421144047774,0.855274195558478,0.642323692646926,0.272796236815807
5.81,0,39.3316240678734,0.435644541609427,0.856509159504311,0.643576978775972,0.271864185889841
5.82,0,39.2528078602474,0.434607459389263,0.855243938161991,0.643819283387308,0.271024988899869
5.83,0,39.1733518931103,0.434036989362895,0.85471628725867,0.643557410865147,0.269304392887669
5.84,0,39.0932791618224,0.435853296267923,0.854884334753708,0.645625574179308,0.271426176136635
5.85,0,39.0126130012526,0.435343493258867,0.849957859963537,0.643322168900347,0.271515240465233
5.86,0,38.9313770737553,0.436623219158162,0.851852448484043,0.645357605411562,0.268745724507382
5.87,0,38.8495953570453,0.438079983389684,0.850949634149345,0.642063757540914,0.269963613746181
5.88,0,38.7672921319837,0.438357260090799,0.849598529690889,0.642577128920196,0.272580354012563
5.89,0,38.6844919702872,0.436611892476668,0.854150731514899,0.645340844621633,0.268877859232636
5.9,0,38.601219722171,0.437027176155039,0.852377353447283,0.646868802013905,0.270766793036474
5.91,0,38.5175005039399,0.438450409470409,0.853238203053758,0.644157918443511,0.271649703938264
5.92,0,38.4333596855376,0.437491478118351,0.848108631073802,0.644308393580899,0.269936918293607
5.93,0,38.3488228780673,0.439410065679498,0.849177758271963,0.644176214299112,0.268931936436571
5.94,0,38.2639159212945,0.439330477237722,0.850843399840224,0.64842889498839,0.272213970950787
5.95,0,38.178664871145,0.439545455631863,0.852132332248237,0.642820143273331,0.272132601836379
5.96,0,38.0930959872085,0.439024516685087,0.848547457617983,0.647217499955371,0.271087015477
5.97,0,38.0072357202592,0.438338460728913,0.850132824944221,0.645865217635015,0.268525539660465
5.98,0,37.9211106998063,0.438289195265102,0.847801776926477,0.643821393707981,0.269501669397915
5.99,0,37.8347477216837,0.439040019727078,0.850213067372078,0.646787192410629,0.268961177755743
6,0,37.7481737356906,0.440781354481884,0.848257290357113,0.646933015918669,0.268647114459858
6.01,0,37.6614158332939,0.4407934179201,0.848815255235507,0.644986285142641,0.266338029932586
6.02,0,37.5745012354024,0.439633940981297,0.849104568842004,0.645675884610177,0.269741557748534
6.03,0,37.4874572802241,0.440900531961142,0.849382440122795,0.646329845281064,0.269301082683762
6.04,0,37.4003114112152,0.441351723070657,0.85004211478683,0.644786553828982,0.269899843333527
6.05,0,37.313091165132,0.437273560367003,0.846268512932865,0.644753209289483,0.270476091988139
6.06,0,37.2258241601947,0.442041523745386,0.847181423591326,0.646579332241334,0.26941122036635
6.07,0,37.1385380843717,0.442345902683486,0.848932128308157,0.646326467283208,0.270755485323688
6.08,0,37.0512606837944,0.444054074051712,0.849820000212182,0.647196521850428,0.272599388475721
6.09,0,36.9640197513116,0.442896238091981,0.846179611066951,0.647065344782626,0.271238363829383
6.1,0,36.87684311519,0.443635093961943,0.845948727331959,0.647266260293561,0.268866495820195
6.11,0,36.7897586279706,0.446169691349147,0.847623453094732,0.648189042172796,0.268186150087301
6.12,0,36.7027941554884,0.443163271252349,0.846232996034278,0.648485920166801,0.268609853127883
6.13,0,36.615977566062,0.44128267571174,0.844952557764721,0.647792043107477,0.27008480495593
6.14,0,36.5293367198621,0.444350542756104,0.845011650953517,0.646761542118045,0.269670374189441
6.15,0,36.4428994584633,0.44356774786453,0.843447861529838,0.652043775992791,0.27170770274605
6.16,0,36.3566935945873,0.444481729741932,0.846362454581083,0.64947983661259,0.269858053564925
6.17,0,36.2707469020435,0.443244883372922,0.845250114449396,0.649947707272233,0.270433000731808
6.18,0,36.1850871058716,0.444260062315026,0.843746869498627,0.649555018353766,0.268757908506513
6.19,0,36.0997418726931,0.443266498235092,0.846899602312334,0.650550133911754,0.271735180066765
6.2,0,36.0147388012754,0.448584646065331,0.844653378490852,0.649902726630116,0.269337650402811
6.21,0,35.9301054133143,0.445131102875793,0.844482351688703,0.649815134380457,0.270803167814437
6.22,0,35.8458691444383,0.449549789622345,0.845029129584319,0.650771413891947,0.268007875182417
6.23,0,35.7620573354392,0.447417637364179,0.842402905412622,0.649875319901969,0.271412870934305
6.24,0,35.678697223732,0.449808941632462,0.842486808979378,0.646126904102822,0.269919825829806
6.25,0,35.5958159350487,0.448965553156055,0.844793434866278,0.648845280595917,0.26928002420792
6.26,0,35.5134404753666,0.444505613528103,0.845492547120137,0.648455098829508,0.269366953490376
6.27,0,35.431597723076,0.445896600689613,0.845485804004291,0.651412696245667,0.270940342369988
6.28,0,35.3503144213877,0.448458248973661,0.844498790792761,0.649300450425489,0.271220712298601
6.29,0,35.2696171709828,0.448699486833595,0.84534736721789,0.650568563300333,0.271577381695415
6.3,0,35.1895324229065,0.446917554420793,0.842423195879895,0.648451849362894,0.268594934681572
6.31,0,35.1100864717061,0.451423722550873,0.843914265037978,0.649339192571302,0.269122314834182
6.32,0,35.0313054488146,0.448107474211646,0.843101320084185,0.651681572163817,0.270093367731574
6.33,0,34.9532153161809,0.448016318847214,0.840794736666809,0.650967716366479,0.270503738423153
6.34,0,34.8758418601443,0.448680431027201,0.842429212809658,0.651372170525374,0.268258281704841
6.35,0,34.7992106855566,0.448617319068974,0.843372439947204,0.651121855636428,0.268985229466198
6.36,0,34.7233472101474,0.448063633749527,0.84130609508644,0.649736998974392,0.270717758839183
6.37,0,34.6482766591347,0.451188052781983,0.841837241778972,0.64925568088604,0.270557298562085
6.38,0,34.5740240600783,0.447052742082925,0.840237337093866,0.653529162246398,0.271807807030242
6.39,0,34.5006142379731,0.450159390263318,0.841414307492984,0.650780566721166,0.269064713562004
6.4,0,34.4280718105845,0.452173604763313,0.842633975708715,0.651971623575001,0.271787265805487
6.41,0,34.3564211840182,0.45081155154607,0.840058256595198,0.653957932968489,0.270706236225042
6.42,0,34.2856865485273,0.452420804212155,0.839173120512903,0.651342412971142,0.269665378271943
6.43,0,34.2158918745499,0.451673042369774,0.843240520902965,0.649438368758164,0.272410783973487
6.44,0,34.1470609089771,0.45166799228117,0.841111628896112,0.654441635085952,0.272221685658535
6.45,0,34.0792171716465,0.454271719498119,0.841849583249756,0.65263213276794,0.266408192899904
6.46,0,34.0123839520582,0.450252498495787,0.839309382461163,0.649832111565905,0.270725507419935
6.47,0,33.9465843063097,0.45353186344852,0.84167743101031,0.65340056291038,0.269719013950492
6.48,0,33.8818410542459,0.452450157194106,0.843411088972114,0.651514478808389,0.272749360998642
6.49,0,33.8181767768189,0.452905350807969,0.838356837358114,0.652815378762799,0.268306199837813
6.5,0,33.7556138136557,0.45298299504265,0.840878759663373,0.652722579464985,0.270923018612874
6.51,0,33.6941742608254,0.454181788034169,0.8390586907692,0.652854754916105,0.268279169073405
6.52,0,33.6338799688056,0.453720498690878,0.839599607220634,0.65187944337676,0.271107343341607
6.53,0,33.5747525406387,0.451308332632964,0.838922639308044,0.653618276407128,0.269959203826749
6.54,0,33.5168133302762,0.455840959396599,0.841967405094124,0.65352908489846,0.27130930176188
6.55,0,33.4600834411039,0.452603352582541,0.838309889378079,0.652745978372313,0.266859675044974
6.56,0,33.4045837246432,0.454273728878629,0.837247931905729,0.65566270723558,0.269496379833745
6.57,0,33.3503347794225,0.455493961632736,0.839248686482015,0.65392433500941,0.269781073359627
6.58,0,33.2973569500133,0.453928721838988,0.839755114033846,0.653042983198489,0.270126109142047
6.59,0,33.2456703262254,0.457112136958132,0.838644579163252,0.655404081000855,0.272834428888978
6.6,0,33.1952947424537,0.458803755788628,0.835133584882515,0.653640739776431,0.270760178131807
6.61,0,33.1462497771726,0.451218169299932,0.836918366303621,0.653341391603598,0.269925791581233
6.62,0,33.0985547525699,0.458132426849771,0.834005834646508,0.654017504296121,0.267199129322046
6.63,0,33.0522287343157,0.455664437311833,0.837964517244008,0.653733681719127,0.26889075876162
6.64,0,33.007290531458,0.458098386681989,0.83606163293227,0.651192208131188,0.271536402445993
6.65,0,32.96375869644,0.453377559455943,0.836863970763715,0.656243445012748,0.272597227473589
6.66,0,32.9216515252324,0.457143258330547,0.837441907399695,0.654608108917206,0.269848797169148
6.67,0,32.8809870575734,0.457258186210731,0.837235237297122,0.652799652433619,0.27045769144375
6.68,0,32.8417830773107,0.458278715652517,0.837192770429348,0.654309555210068,0.272877936737036
6.69,0,32.8040571128381,0.455878689609423,0.837701499029784,0.653700486323314,0.268800999717455
6.7,0,32.7678264376211,0.456855168900204,0.838492038804123,0.655579985984825,0.271880361928255
6.71,0,32.7331080708036,0.455561432005144,0.83654408383801,0.655165475024067,0.27050632885603
6.72,0,32.6999187778904,0.457330668540587,0.836691901874591,0.654177177915945,0.270411511627424
6.73,0,32.6682750714975,0.457765263371461,0.836218873018008,0.654825012772076,0.269609742423652
6.74,0,32.6381932121644,0.458471190550654,0.835217336693657,0.6550599586381,0.269970076900278
6.75,0,32.6096892092224,0.457845620599296,0.835514929184433,0.655383991009702,0.266871547751139
6.76,0,32.5827788217101,0.459458244493191,0.837460820798832,0.655349779181967,0.270013208365058
6.77,0,32.5574775593326,0.457589147226574,0.836668995458497,0.654627917063197,0.271736989291036
6.78,0,32.5338006834557,0.456551628917945,0.836862561326115,0.656138207167733,0.269754321756968
6.79,0,32.511763208129,0.45660552705163,0.834047962978783,0.653296268502448,0.27085108729596
6.8,0,32.4913799011326,0.457349469351524,0.834763948843183,0.65541842481578,0.269686976046809
6.81,0,32.4726652850402,0.457452572264542,0.835227338282802,0.654634459003391,0.271094381633021
6.82,0,32.4556266702292,0.456052943458575,0.833920443192525,0.658879017770246,0.269255419588927
6.83,0,32.4394252140858,0.455616297468623,0.834022966229542,0.655746524433937,0.27046982787231
6.84,0,32.4235844131641,0.459087706343754,0.83343958841731,0.658275715573555,0.270109364981376
6.85,0,32.4081074850756,0.456279008172356,0.834048447503813,0.655256179285443,0.268302094364718
6.86,0,32.3929975444605,0.458962189617592,0.833591909929277,0.6549338409152,0.271302079714001
6.87,0,32.3782576014949,0.454955734678271,0.833910152510179,0.657446681188842,0.271620715717745
6.88,0,32.3638905604457,0.455785379501619,0.833425384638759,0.656219358822697,0.269668899635403
6.89,0,32.3498992182744,0.459522472215806,0.834784197935894,0.659338007985466,0.271316517211613
6.9,0,32.3362862632907,0.457123149999451,0.836158829622181,0.655344320285848,0.268939684964122
6.91,0,32.3230542738576,0.457929247974878,0.83475506754221,0.657859916139132,0.26947031662129
6.92,0,32.3102057171489,0.457052440411279,0.833734636725648,0.655382901074269,0.271190535643982
6.93,0,32.2977429479595,0.456860083903929,0.834965478266702,0.653768230259293,0.271735082178431
6.94,0,32.2856682075707,0.456126647806583,0.835235548921346,0.657415085151081,0.272019067043114
6.95,0,32.2739836226701,0.459634321032515,0.832250061969803,0.655669284500503,0.268787659801593
6.96,0,32.2626912043286,0.455695821287169,0.832078163889757,0.656517755059396,0.271013146417081
6.97,0,32.2517928470337,0.456470939158988,0.832879052604502,0.654579196933424,0.27107619381854
6.98,0,32.2412903277813,0.455966578127809,0.834426796199972,0.656601277472841,0.272235386856608
6.99,0,32.2311853052259,0.456500635446718,0.834090532508908,0.657671009939963,0.269767259173617
7,0,32.221479318891,0.458431888625315,0.834786237061256,0.654499546110172,0.270601413478552
7.01,0,32.2121737884386,0.456954755534575,0.835110667041279,0.658376121934124,0.268872759017839
7.02,0,32.203270013001,0.457491700529705,0.832938724042337,0.655972878251378,0.269944141745582
7.03,0,32.1947691705726,0.457768739134425,0.835158966571444,0.656400574581077,0.268185779404566
7.04,0,32.1866723174654,0.45558528111269,0.832780019502117,0.65736010379274,0.269515477093457
7.05,0,32.1789803878254,0.454487600215925,0.830811947542137,0.655839962898448,0.27019095459955
7.06,0,32.1716941932133,0.45860156855413,0.831755216187289,0.656898275710515,0.270448495581379
7.07,0,32.1648144222481,0.458820811500797,0.833505290645525,0.654000400340196,0.268973598700645
7.08,0,32.1583416403142,0.457426447308172,0.832474002096492,0.658372333535005,0.268953920033379
7.09,0,32.2163759763187,0.457440686574113,0.833111065516674,0.655438190008374,0.270617288232071
7.1,0,32.3067560660391,0.455108508514638,0.830654773524775,0.657670728601589,0.271041797702193
7.11,0,32.3592692830238,0.456297925241268,0.832237698183394,0.655849500352428,0.268991038601095
7.12,0,32.4016894769549,0.45662362648106,0.833697797423007,0.657474023849261,0.269484443836523
7.13,0,32.4431264230831,0.455744469242148,0.831346969822565,0.657402544095994,0.270130441207788
7.14,0,32.4858594995084,0.454121448475826,0.833352771817588,0.656935425811193,0.271308242028585
7.15,0,32.5304306410157,0.454206315346004,0.832432682974124,0.657751301813261,0.270381058248595
7.16,0,32.5769704417072,0.453222825073479,0.830805511079506,0.654653410546171,0.269490364540058
7.17,0,32.6255137121435,0.454096875966352,0.83284687184369,0.658282158500872,0.268719693405879
7.18,0,32.676072915286,0.453704179480898,0.834253792683091,0.657293544367629,0.269076050006311
7.19,0,32.7286551619118,0.452726414350865,0.832674197475538,0.65565990239493,0.267838976268526
7.2,0,32.7832661390384,0.45109119450058,0.832043538535063,0.656958778330816,0.266433497100097
7.21,0,32.839911017082,0.452217743079134,0.834473701233224,0.657220357959694,0.266944763469417
7.22,0,32.8985946582661,0.452520315283152,0.833536969911545,0.655945784943204,0.268787370551842
7.23,0,32.959321663269,0.452392082159414,0.831935358016541,0.653049334929571,0.270713886208721
7.24,0,33.0220963803326,0.450597172734541,0.832130369188748,0.658937464675249,0.270922252980994
7.25,0,33.0869229055923,0.450853891332633,0.832284378369405,0.655259877567839,0.269513619504115
7.26,0,33.1538050812939,0.452105915818635,0.830936216925127,0.659129877164412,0.269824520738077
7.27,0,33.2227464934402,0.449468074051901,0.828998782029196,0.658926261665483,0.269879352787036
7.28,0,33.2937504692325,0.449026610257167,0.831077015614195,0.656120112204819,0.269500073429228
7.29,0,33.366820074389,0.446904671837038,0.83301105872048,0.658937395955316,0.269331556488097
7.3,0,33.4419581103641,0.449929142070455,0.829699067113219,0.654423478114343,0.270743100358428
7.31,0,33.5191671114765,0.449553714359976,0.831882940253802,0.654585650667271,0.269867139971938
7.32,0,33.5984493419488,0.44975676899182,0.829882590768928,0.655403082864626,0.269931657286075
7.33,0,33.6798067928644,0.449603769849976,0.833257486646931,0.657014763010416,0.267063057268297
7.34,0,33.7632411790438,0.446168791273217,0.831120077452676,0.654947918222809,0.271245534113513
7.35,0,33.8487539358455,0.447184743571052,0.831234644360141,0.656102220883846,0.270760161213564
7.36,0,33.9363462158952,0.447458735655438,0.831904013539931,0.657459470124797,0.26796007033024
7.37,0,34.0260188857472,0.446623053925997,0.830606265033245,0.655098439348649,0.26894504665343
7.38,0,34.1177725224845,0.445171582861404,0.829527212938125,0.655469851529653,0.269949352225218
7.39,0,34.2116074102602,0.445478383763932,0.833929580661602,0.655856931044747,0.26921202490458
7.4,0,34.3075235367868,0.445352916375032,0.832149061763931,0.654622921298683,0.272378395025334
7.41,0,34.4055205897783,0.444419295365666,0.831340124559847,0.656495566300181,0.269842436094449
7.42,0,34.5055979533506,0.443244379170377,0.828859575751923,0.655986372589392,0.266118000924336
7.43,0,34.607754704386,0.442855711864671,0.831624088948278,0.656953052050288,0.269016667519383
7.44,0,34.7119896088672,0.442233409227844,0.832100417644638,0.653911702274251,0.267552463900063
7.45,0,34.8183011181884,0.440438422352402,0.832043447529018,0.655317504153641,0.269532408136621
7.46,0,34.9266873654478,0.441154412532537,0.831047318606336,0.657320729140365,0.270066626697038
7.47,0,35.0371461617295,0.441192800713799,0.83014378924558,0.654316707263006,0.27087196607944
7.48,0,35.1496749923809,0.441318688938865,0.831250291501531,0.655905338793982,0.27238362735299
7.49,0,35.264271013293,0.438145116153347,0.830059720358587,0.654420127723249,0.271472899398142
7.5,0,35.3809310471894,0.437225972989662,0.830099409664278,0.654936769467342,0.268604724663295
7.51,0,35.4996515799325,0.437389133537465,0.830832490611164,0.656445378352851,0.26995014082626
7.52,0,35.6204287568541,0.435522998036017,0.830121532268515,0.654891475956435,0.269513668022119
7.53,0,35.7432583791166,0.436119981441084,0.83020989569937,0.652939060269245,0.272517935027381
7.54,0,35.8681359001146,0.435561328715297,0.832035345614858,0.653425287918615,0.268127902211999
7.55,0,35.9950564219224,0.432095195553201,0.828495540212893,0.653145475502011,0.270463660699843
7.56,0,36.1240146917974,0.433700879920713,0.828706291999352,0.652343243398873,0.270404551183299
7.57,0,36.2550050987455,0.435002490207379,0.830624202256746,0.653948880467409,0.271539729089175
7.58,0,36.388021670159,0.434066375308965,0.831529643043955,0.653901229586915,0.270531756936753
7.59,0,36.5230580685319,0.432357034736526,0.830635319344259,0.654976429721295,0.270054704556656
7.6,0,36.6601075882651,0.433511998444949,0.833761687407844,0.653848764251129,0.270956970964877
7.61,0,36.7991631525658,0.430867100110945,0.832912172262091,0.655085306560488,0.270582538994142
7.62,0,36.9402173104532,0.429803039668349,0.829864584435331,0.653951298554801,0.270481936340471
7.63,0,37.0832622338761,0.433093442433255,0.834202593141472,0.651783148790364,0.268223693837227
7.64,0,37.2282897149532,0.429058162082325,0.830840979121543,0.65256220275923,0.273825303185469
7.65,0,37.3752911633438,0.427781293989644,0.82994243634988,0.653278604185475,0.269064364439865
7.66,0,37.5242576037574,0.427371983236224,0.830824607891094,0.653225973152599,0.267410388245899
7.67,0,37.6751796736116,0.427784288100852,0.830752508354549,0.649855145646224,0.269041701798707
7.68,0,37.8280476208467,0.427886686110738,0.831169076219409,0.652567558702425,0.269550551895397
7.69,0,37.9828513019056,0.428050699134764,0.831135259410353,0.651033921585447,0.270244529610129
7.7,0,38.1395801798878,0.423287974294285,0.831715274744871,0.651764244717011,0.271641011044031
7.71,0,38.2982233228871,0.424040739485214,0.832262824431274,0.651848798194905,0.273118323762334
7.72,0,38.4587694025194,0.422860678897912,0.832987322648752,0.65261510294748,0.268850866790919
7.73,0,38.6212066926519,0.422364764989697,0.831503191747957,0.652523778294558,0.266368943234631
7.74,0,38.7855230683405,0.423406010394579,0.832886501304115,0.651179257941004,0.272364748181558
7.75,0,38.9517060049847,0.422667105580427,0.83328411605202,0.652874287413266,0.270901746711808
7.76,0,39.1197425777077,0.42013048892232,0.834044331087182,0.650326950749387,0.271035828392739
7.77,0,39.2896194609706,0.422943260619398,0.832819322135003,0.650124290668926,0.270330083656569
7.78,0,39.4613229284287,0.415556112359986,0.830708777191045,0.652502411190854,0.268625598899908
7.79,0,39.6348388530378,0.416393912600971,0.832275380752941,0.652550349203587,0.269164915225874
7.8,0,39.8101527074185,0.417688561490687,0.832003091502733,0.651995027192409,0.269448539063011
7.81,0,39.9872495644865,0.416789302308411,0.830816643868515,0.65005839117134,0.271566088585862
7.82,0,40.1661140983557,0.414775972242928,0.834249445956792,0.652238852740539,0.271295134108326
7.83,0,40.3467305855223,0.415727377554281,0.831919231387505,0.650012316319415,0.268904335434208
7.84,0,40.5290829063371,0.415336849139925,0.832649679723454,0.649130511623916,0.26852055363666
7.85,0,40.713154546772,0.414325187554621,0.831645751383632,0.650341761614169,0.269783934252109
7.86,0,40.8989286004888,0.411009580722439,0.833340209214864,0.650446262920598,0.267945684267601
7.87,0,41.0863877712158,0.412600992751965,0.832740309423701,0.647197685656934,0.272226429095263
7.88,0,41.2755143754387,0.408544521200029,0.833596598787008,0.648987895167787,0.26811328742441
7.89,0,41.4662903454123,0.410795824786102,0.830873487027753,0.647080114490889,0.271788334501017
7.9,0,41.6586972324985,0.409080368354906,0.833056070330213,0.651462467590001,0.267764775881546
7.91,0,41.8527162108347,0.408244705054822,0.834396390277424,0.649174054719778,0.2696376342602
7.92,0,42.0483280813403,0.408758731277865,0.832488681071079,0.648475927943452,0.268814590237594
7.93,0,42.2455132760642,0.407123644075934,0.832998338882746,0.651818519967206,0.270747810925314
7.94,0,42.4442518628779,0.409194832319516,0.833078212672195,0.649144862000336,0.268427961272411
7.95,0,42.644523550519,0.405363216275425,0.834543644923697,0.649642375353393,0.26923705762344
7.96,0,42.846307693989,0.405277701799635,0.833157793743789,0.649557561697297,0.268911883556645
7.97,0,43.0495833003075,0.404387793635473,0.832822899057358,0.647713372260107,0.269215281662211
7.98,0,43.2543290346277,0.403902641637542,0.833762133079114,0.649184576466866,0.268800060155799
7.99,0,43.4605232267141,0.400290553484869,0.832705318697435,0.648167382162352,0.270103584448025
8,0,43.6681438777861,0.402498020986468,0.8329769078286,0.648602947409843,0.27141925491474
8.01,0,43.8771686677283,0.403524297258912,0.830600061205892,0.647506498833699,0.269793047096962
8.02,0,44.0873772198868,0.400898420153786,0.832067582147956,0.647281350635961,0.271703689776954
8.03,0,44.2966475634394,0.398159730575819,0.834494892614397,0.646319758441723,0.268001938423912
8.04,0,44.5058220236444,0.398608297054131,0.83298239762232,0.647512788826641,0.270491253245608
8.05,0,44.7158899084701,0.398337206805539,0.83206180265364,0.64730445391784,0.26951819768187
8.06,0,44.9271112760386,0.395317443459857,0.834241520525401,0.647888745952357,0.269395200398765
8.07,0,45.1395293819559,0.395461217411646,0.83562145370267,0.649741946976246,0.270209890052334
8.08,0,45.3531353239577,0.394516925830859,0.834403882527742,0.648103013271465,0.272544026499068
8.09,0,45.5679081385975,0.394058080898403,0.832296332549328,0.647941321398184,0.26907000175754
8.1,0,45.7838239823491,0.392971908476427,0.833828383120256,0.646482661225642,0.27070179809685
8.11,0,46.0008582046975,0.390050943624327,0.833840541123946,0.648359853298733,0.269496550365072
8.12,0,46.2189858207985,0.392104904735384,0.833926721890336,0.645617680130352,0.268862761335595
8.13,0,46.4381816261165,0.388835853385651,0.833339514405474,0.644866267147213,0.270452359717863
8.14,0,46.6584202313005,0.389836436914214,0.835486233585403,0.645385884039965,0.268735231052034
8.15,0,46.8796760794929,0.388188627235465,0.834781113685573,0.648367351166324,0.270220155657791
8.16,0,47.101923459962,0.386874934463217,0.834451843395848,0.647814695185355,0.271747012082716
8.17,0,47.3251365211572,0.389439565819421,0.834154937732145,0.643901598479978,0.269144757202213
8.18,0,47.549289283873,0.386093727943146,0.837277729951704,0.646644034154542,0.269077295638148
8.19,0,47.774355654673,0.3862658513646,0.835342535654954,0.645463105607287,0.271018203238491
8.2,0,48.0003094395983,0.384061485770967,0.836717907003136,0.644059115891494,0.268515641859318
8.21,0,48.2271243581632,0.383051122810099,0.836622837233451,0.646005499450523,0.270163731685385
8.22,0,48.4547740576311,0.381659549477601,0.83450808892979,0.647937814606754,0.271783242285071
8.23,0,48.6832321275624,0.384251289830529,0.835445402824016,0.643477304266299,0.269736897008758
8.24,0,48.9124721146265,0.382185530362064,0.835038692827945,0.64460437036768,0.269799223082958
8.25,0,49.1424675376679,0.381271336602654,0.838169248228415,0.646480663571156,0.269866364341184
8.26,0,49.3731919030182,0.378519694270969,0.836057502602277,0.646672809644728,0.271032929724431
8.27,0,49.6046187200425,0.378777995286954,0.836481277654491,0.645669073806368,0.270152401240395
8.28,0,49.8367215169111,0.379240911441255,0.834385698380001,0.645307833972878,0.269819570836637
8.29,0,50.0694738565856,0.379272998652855,0.836475894107965,0.645834209865933,0.271000390985879
8.3,0,50.3028493530073,0.377047714040494,0.83560497444223,0.643055769663689,0.272887473092974
8.31,0,50.5368216874782,0.377012444789725,0.835743016381582,0.644942693967276,0.272263942473458
8.32,0,50.7713646252214,0.375009136118324,0.834873263910128,0.644965600824212,0.2679715161584
8.33,0,51.0064520321093,0.373379052406454,0.836745470356552,0.647350790956897,0.268501549095707
8.34,0,51.2420578915477,0.372860814984559,0.839502577985313,0.644338947370039,0.269934345725062
8.35,0,51.4781563215021,0.369498782024822,0.837628527166079,0.645807113105695,0.267547269458237
8.36,0,51.7147215916541,0.373012085945362,0.837112207726241,0.640504973706879,0.271447211008529
8.37,0,51.9517281406742,0.370716035533202,0.838096220761724,0.643082872063693,0.271187674286878
8.38,0,52.1891505935971,0.370344216014348,0.83792576352997,0.64548074160312,0.27041703383456
8.39,0,52.4269637792875,0.367670235015305,0.837590020616079,0.643516581652788,0.269678180158006
8.4,0,52.6651427479791,0.368464367926422,0.838588270922563,0.643798526589833,0.268981070661459
8.41,0,52.9036627888772,0.369636540356808,0.83857949131108,0.641800289982261,0.265932317404088
8.42,0,53.1424994478056,0.368083309595705,0.83960416526432,0.645790709630331,0.268602127246197
8.43,0,53.3816285448875,0.365191723348399,0.842588555089832,0.640936850407758,0.269357056390645
8.44,0,53.6210261922433,0.366768510680592,0.839519964246627,0.642947799628524,0.268942132719738
8.45,0,53.8606688116909,0.365031580531681,0.838683356914516,0.64110077353278,0.270596750791499
8.46,0,54.1005331524348,0.363058981583668,0.840594829980433,0.643197896382157,0.271238351605956
8.47,0,54.3405963087275,0.362442530983358,0.838773753793309,0.64311801143147,0.271186659914059
8.48,0,54.5808357374889,0.365332354178796,0.837273295172199,0.642961730215254,0.268392154872866
8.49,0,54.821229275869,0.359521555693221,0.83773427310593,0.644713365304228,0.27204262479
8.5,0,55.0617551587381,0.359996601967979,0.839605413142551,0.643813687292521,0.267194010288926
8.51,0,55.30239203609,0.361197324009784,0.839311984130108,0.643133811808751,0.26849920156375
8.52,0,55.5431189903425,0.357412226187161,0.843976699623813,0.640563860567036,0.268552240787959
8.53,0,55.7839155535213,0.359264344746276,0.842678996274368,0.642634763933659,0.271306506752344
8.54,0,56.0247617243103,0.357408268163451,0.839186593922106,0.643097138687655,0.269115382585635
8.55,0,56.2656379849567,0.355463031263152,0.842101173379427,0.64436714631809,0.269820555825796
8.56,0,56.5065253180127,0.355170600259975,0.840720655606943,0.644815694197576,0.271319838236967
8.57,0,56.7474052229008,0.356066125962245,0.839384721372463,0.642679666121727,0.270085854851091
8.58,0,56.9882597322892,0.355325825069894,0.841406302559327,0.643508159264724,0.270507817666659
8.59,0,57.2290714282607,0.351455385834844,0.839837250201872,0.644327068876008,0.267782463994466
8.6,0,57.4698234582629,0.351832821912078,0.840103066431896,0.64237301107279,0.26953240967902
8.61,0,57.7104995508248,0.351546332414665,0.84184769555479,0.642877340138504,0.270497886508759
8.62,0,57.9510840310265,0.351250865050377,0.842946424147281,0.642689318861462,0.270489080707578
8.63,0,58.1915618357083,0.350180362816854,0.841453789670304,0.643226111482582,0.269820600276585
8.64,0,58.4319185284067,0.350673598725122,0.845060588219802,0.643655905714199,0.268705513431562
8.65,0,58.6721403140032,0.349668256560884,0.845158834084746,0.643331942919656,0.271596842687926
8.66,0,58.9122140530744,0.347119049823757,0.842917905373173,0.642713894713753,0.268330935584469
8.67,0,59.1521272759312,0.347867402955437,0.843389960603987,0.642791704037564,0.272106038032705
8.68,0,59.3918681963338,0.348126987985215,0.841617698217364,0.642474143394886,0.269934288148077
8.69,0,59.6314257248727,0.345034228339739,0.843855795666432,0.640753144023676,0.270652304971982
8.7,0,59.8707894820035,0.34592294022811,0.844160158858371,0.643540720047135,0.269642846262959
8.71,0,60.1099498107247,0.344492550043461,0.845086410674697,0.64175833708121,0.27168778112734
8.72,0,60.3488977888884,0.343760878293388,0.842292425463672,0.64333021913776,0.26841108354259
8.73,0,60.5876252411337,0.345711567410163,0.84232418378923,0.642847075313116,0.27019543214512
8.74,0,60.8261247504336,0.342453539539688,0.841053548371774,0.641647758728829,0.270847903425747
8.75,0,61.064389669245,0.341539210815111,0.842101934813477,0.643738139457155,0.270819406790237
8.76,0,61.3024141302551,0.34134706773258,0.844487755234583,0.641823157750965,0.269871974473521
8.77,0,61.5401930567143,0.340290601948879,0.84457278474667,0.643387787663247,0.270808482904215
8.78,0,61.7777221723484,0.339168578434365,0.847077802812366,0.643188121964521,0.269400149681344
8.79,0,62.014998010843,0.343702026490603,0.843391863238763,0.644639073362284,0.269645208384009
8.8,0,62.2520179248927,0.342190826181073,0.843539316507272,0.644595697885562,0.270413048077108
8.81,0,62.4887800948093,0.338614133601313,0.845113247663323,0.64405564070392,0.26926640570893
8.82,0,62.7252835366832,0.337617459675417,0.846312941782279,0.642508297218277,0.270337485285778
8.83,0,62.961528110092,0.336828465256403,0.847540556784232,0.644404907008606,0.2682973859058
8.84,0,63.1975145253519,0.33433271383588,0.845129468372557,0.642412443094044,0.271256271906401
8.85,0,63.433244350308,0.336264491933562,0.846583666022483,0.64559947112241,0.271387614850247
8.86,0,63.6687200166588,0.334343923987354,0.846531816698202,0.642549254509682,0.271061722243392
8.87,0,63.9039448258117,0.334099755771698,0.844919130847794,0.642317517511235,0.272054898149482
8.88,0,64.1389229542677,0.333293566715898,0.845789635995771,0.64444147712734,0.270388624129719
8.89,0,64.3736594585315,0.329945118927032,0.847070560033249,0.642661483995646,0.271091738814411
8.9,0,64.6081602795467,0.333670772160888,0.845588876249161,0.644807564701417,0.266756079523558
8.91,0,64.842432246653,0.332284362105094,0.845805240444682,0.643381728812799,0.267241651859182
8.92,0,65.0764830810672,0.333715003272833,0.847800757677224,0.644101231768798,0.27067775629504
8.93,0,65.3103213988842,0.329075836886961,0.850667495737642,0.644654332362446,0.269324773801302
8.94,0,65.5439567136018,0.327923684507026,0.847698948575932,0.645511034064514,0.268582347080934
8.95,0,65.7773994381674,0.328072609999992,0.848599851028747,0.646168034574448,0.268176573144628
8.96,0,66.0106608865491,0.328205754443955,0.848249921718088,0.644179712028947,0.271705737621957
8.97,0,66.243753274832,0.328309192724341,0.84706664887563,0.644971982371872,0.271003470831317
8.98,0,66.4766897218421,0.325397241987314,0.850750719729986,0.643867216706995,0.273331873396122
8.99,0,66.7094842493013,0.327896773283499,0.848285898884039,0.643784135145708,0.27012791653435
9,0,66.9421517815138,0.323688383229908,0.849673140512018,0.641999045086413,0.270940454511113
9.01,0,67.1747081445908,0.3265490179943,0.852042398750308,0.643522927529546,0.269528914772256
9.02,0,67.4071700652145,0.323596450227741,0.848503189873844,0.648277834738529,0.267757798713642
9.03,0,67.6395551689467,0.325558527815697,0.849689181399101,0.645460038194801,0.268837807710731
9.04,0,67.8718819780875,0.321119201535793,0.850681064838189,0.644248341390779,0.26899195747739
9.05,0,68.1041699090866,0.322443542353567,0.849622889020274,0.645321163623767,0.268626138251053
9.06,0,68.3364392695159,0.322054282117108,0.852121021925706,0.644541127625166,0.268657164020782
9.07,0,68.5687112546057,0.320913708121548,0.850299865239769,0.644784583347224,0.273530886543036
9.08,0,68.8010079433534,0.319467082629764,0.85101541888093,0.642181564336426,0.26828505106247
9.09,0,69.0333522942089,0.320442359504788,0.850877174316109,0.644509041889361,0.270307666957802
9.1,0,69.265768140345,0.322344919311275,0.849686049176199,0.646067439232239,0.271276951882709
9.11,0,69.4982801845187,0.31726272579327,0.85250566219836,0.647759455867145,0.269934235276026
9.12,0,69.7309139935309,0.31731909230653,0.851930047623718,0.647164918671942,0.273121514320865
9.13,0,69.9636959922921,0.316356503398271,0.85510377559775,0.649151435626411,0.271206613355223
9.14,0,70.1966534575015,0.314909984394786,0.852443370701056,0.643723562646636,0.269734578064926
9.15,0,70.4298145109481,0.315763729618881,0.851769271504594,0.647390136652513,0.27044501324435
9.16,0,70.6632081124407,0.316849595910826,0.852512897429665,0.646630906315344,0.270225498077426
9.17,0,70.8968640523763,0.316510132245201,0.85282904370148,0.64398048403402,0.271523572604477
9.18,0,71.130812943955,0.314012405997181,0.851034239360994,0.643029702040185,0.26837773155205
9.19,0,71.365086215049,0.314536873595339,0.854236496467467,0.646811037285642,0.268415421441481
9.2,0,71.5997160997363,0.31491634949323,0.851388828523999,0.647340537572275,0.270351246684769
9.21,0,71.8347356295059,0.313734674759301,0.853406244641566,0.647888765021034,0.268999031449973
9.22,0,72.0701786241451,0.311220219080076,0.852349692334189,0.648337122487312,0.269354351045457
9.23,0,72.3060796823165,0.312462463116028,0.854641761708003,0.647687413625833,0.270455331510602
9.24,0,72.5424741718348,0.31040780007514,0.854784346859825,0.646060288037933,0.269779316631534
9.25,0,72.7793982196514,0.310960026575951,0.858253260974097,0.651255909975441,0.270673493652805
9.26,0,73.0168887015575,0.30778058189905,0.853163523218182,0.643804446702483,0.272928882688277
9.27,0,73.2549832316116,0.309065178731247,0.855548514587153,0.648106180776505,0.270672375407639
9.28,0,73.4937201513049,0.309281648243639,0.854115128009255,0.650128310041207,0.27096248499015
9.29,0,73.7331385184689,0.307604996269348,0.857873314758982,0.646503721979253,0.2715526256035
9.3,0,73.9732780959382,0.304322488865748,0.856121406720834,0.650754930174063,0.272378485278604
9.31,0,74.2141793399736,0.306611018321291,0.855252228246237,0.647689954220429,0.271640048591707
9.32,0,74.4558833884582,0.304822671405691,0.857207855231915,0.647297093092186,0.271895594372004
9.33,0,74.6984320488704,0.308366220661469,0.856126384266596,0.648757912137978,0.271089783696952
9.34,0,74.9418677860472,0.304225879648463,0.857968112155324,0.647360877617073,0.269852420126619
9.35,0,75.1862337097427,0.302788380386719,0.858415662342351,0.646194960453944,0.270059633008143
9.36,0,75.4315735619911,0.304752811829236,0.858579693035572,0.649406216294229,0.267032258715005
9.37,0,75.6779317042822,0.302584881125362,0.856654986842686,0.650673713217795,0.271541576744888
9.38,0,75.925353104558,0.302208981557889,0.859370966025744,0.648535486009502,0.267451076778803
9.39,0,76.173883324036,0.301372232331131,0.860388234094439,0.647562985080293,0.270467123625124
9.4,0,76.4235685038688,0.300950633958866,0.859105318406341,0.650592389545252,0.266280668560638
9.41,0,76.6744553516461,0.30226415834279,0.859465922441591,0.648006008516233,0.269288547406061
9.42,0,76.9265911277455,0.301244371234586,0.858388776807985,0.648247527042378,0.271235139465324
9.43,0,77.1812872094475,0.299259566435522,0.861178240689113,0.650647103188087,0.268363498653908
9.44,0,77.4462566383318,0.299118489969021,0.862726004827342,0.65074814179703,0.26982796255503
9.45,0,77.7176954905209,0.296358120390101,0.862516171533789,0.648978228966538,0.270763519308288
9.46,0,77.9922212722795,0.296887430061959,0.860967449071401,0.651088536068137,0.267040330377601
9.47,0,78.2688087543208,0.29691637733617,0.861292282756321,0.651301646665579,0.269591503271923
9.48,0,78.5472085632782,0.297117086273531,0.86041939924926,0.652098722835656,0.269703476090289
9.49,0,78.8273917577851,0.29500543084799,0.8602702040472,0.648350949547623,0.270469511548913
9.5,0,79.1093906127313,0.294126869053052,0.86146111659833,0.651335361203955,0.270781818960115
9.51,0,79.3932545709462,0.294858071341236,0.863477610702241,0.652139992957766,0.271356775591265
9.52,0,79.6790381353691,0.291994515059821,0.858854671333146,0.65112536668351,0.272350265202176
9.53,0,79.9667975375284,0.292711427603967,0.862093364432321,0.652898026001561,0.270046265378893
9.54,0,80.2565898130747,0.291706810747869,0.865113955010268,0.653102594214397,0.270952352644119
9.55,0,80.5484725372659,0.294025237413593,0.862654323850167,0.653158561680725,0.268575498415915
9.56,0,80.8425037413567,0.292311236489653,0.861298095278194,0.650916561377773,0.268032366211335
9.57,0,81.1387418785385,0.289652556363981,0.863860456454359,0.652379656012671,0.27030170122706
9.58,0,81.4372458034078,0.28955624998915,0.862806286385696,0.650635909669163,0.271230902610521
9.59,0,81.7380747550808,0.288838332680887,0.863993883866479,0.654190330851577,0.270703378682336
9.6,0,82.0412883412513,0.287291265432199,0.863971183763104,0.650636872454869,0.269798367184136
9.61,0,82.3469465224414,0.290820789337235,0.862388411685577,0.655995529812149,0.26906707020199
9.62,0,82.6551095962461,0.286796050114461,0.863495959834087,0.651338735298303,0.269194527944119
9.63,0,82.9658381815139,0.287526496825798,0.864983205051965,0.652815870617856,0.268239653138091
9.64,0,83.2791932024467,0.284584862562516,0.865312814422804,0.654252893312589,0.271776273962931
9.65,0,83.595235872614,0.286701933575193,0.866176831137765,0.652961973344294,0.269555548003124
9.66,0,83.9140276788796,0.285284801895955,0.866375861504933,0.651754454160213,0.270322163843632
9.67,0,84.2356303652368,0.284341769160861,0.863807062896136,0.654470417508983,0.271091917324067
9.68,0,84.5601059165515,0.281548592589611,0.86684923893713,0.653742653884401,0.269672557388519
9.69,0,84.8875165422095,0.281997169876405,0.866167234442494,0.652006358206872,0.268866986819765
9.7,0,85.2179246596647,0.27971060473876,0.869130484232503,0.65533935362004,0.270193691324327
9.71,0,85.5513928778858,0.281430212556053,0.867072914200489,0.656895148620624,0.26961017301922
9.72,0,85.8879839806969,0.280703835287265,0.866599367342142,0.652904671933042,0.270842307804941
9.73,0,86.2277609100085,0.277360455210626,0.867450297720766,0.656109841961692,0.269172092342506
9.74,0,86.5707867489337,0.278423016037887,0.863962545783551,0.65678168550973,0.269845464522062
9.75,0,86.917124704786,0.276763188788502,0.868650513522878,0.651233449291549,0.268728333015403
9.76,0,87.2668380919526,0.278169628607759,0.862914765120425,0.653602629326563,0.270614848375044
9.77,0,87.6199903146384,0.277768597575607,0.869455716525139,0.655268044998415,0.269030785399324
9.78,0,87.976644849475,0.274463441505613,0.869597715450461,0.654219073830184,0.270790527527707
9.79,0,88.3368652279893,0.274665625849738,0.868169150882064,0.652748793507117,0.269417865485396
9.8,0,88.7007150189247,0.272785521861333,0.869479190022857,0.652403523492681,0.270607745134322
9.81,0,89.0682578104086,0.275484138892183,0.869310918044919,0.653101884418684,0.270198896482068
9.82,0,89.4395571919613,0.271717422154932,0.868096616911519,0.656199419419479,0.26945126302498
9.83,0,89.8146767363366,0.26872194002564,0.871138703680563,0.654857080241044,0.268035542391498
9.84,0,90.1936799811906,0.271276405544744,0.870510088984966,0.658480366615155,0.271886165284099
9.85,0,90.576630410568,0.269663806533568,0.871279020289988,0.65443480474038,0.270087229124247
9.86,0,90.9635914362017,0.270379180813354,0.869845284759695,0.65391792780943,0.271575075743069
9.87,0,91.3546263786158,0.269464519212147,0.871353611741114,0.655720435043704,0.270863322816809
9.88,0,91.7497984480272,0.268119576525288,0.869697449890562,0.656317505325292,0.269990240184054
9.89,0,92.149170725035,0.266658808712332,0.87180590960981,0.655891817378269,0.272147604072402
9.9,0,92.5528061410925,0.267381662700865,0.871965688350696,0.655930750900475,0.270062874082192
9.91,0,92.960767458753,0.266157867983485,0.871419830204382,0.655117382121328,0.271523505018194
9.92,0,93.3731172516823,0.263713444029145,0.873864596219501,0.653802506846697,0.270855815074986
9.93,0,93.7899178844277,0.262527705809141,0.87447287459172,0.656250093248714,0.27083624369602
9.94,0,94.2112314919409,0.266520511307184,0.873778768097026,0.655812468206064,0.268068078691962
9.95,0,94.63711995884,0.264810719990473,0.872963790339185,0.654755289873595,0.269526095798545
9.96,0,95.0676448984096,0.262245042501819,0.874785905665808,0.656862374522276,0.268206758845006
9.97,0,95.5028676313272,0.261468468210651,0.874930685212082,0.654731535423219,0.269719053811029
9.98,0,95.9428491641091,0.26086198358249,0.875759222591748,0.659341760281708,0.271692061138556
9.99,0,96.3876501672702,0.26021363325724,0.875301431465767,0.657139309103069,0.271045042065972
10,0.85,96.8373309531884,0.258797935246484,0.876512405472425,0.658027357787476,0.270128335682396
10.01,0.85,97.2919514536667,0.260487133772215,0.875832676645419,0.657186310977392,0.26877441179927
10.02,0.85,97.7515711971878,0.257991258106649,0.875739072855584,0.657378643866501,0.269528034042849
10.03,0.85,98.2162492858534,0.257776808006924,0.875994775201214,0.658732920497083,0.272853696920201
10.04,0.85,98.6860443720001,0.2538621152233,0.876576971181802,0.656025788338236,0.267169760141875
10.05,0.85,99.1610146344899,0.25425157756676,0.875844827383684,0.657723670294722,0.270701363653753
10.06,0.85,99.6412177546645,0.252643571591481,0.875207782296306,0.655722693816145,0.269499916309008
10.07,0.85,100.126710891963,0.251281302546857,0.875517995137405,0.656192766503361,0.271580101976596
10.08,0.85,100.617550659192,0.251925711509947,0.876365687632719,0.657617082000479,0.269568081507308
10.09,0.85,101.113793097449,0.250226436294333,0.878358674885623,0.655328422600735,0.271166848240706
10.1,0.85,101.615493650691,0.252565100869265,0.879704092949034,0.656502379586279,0.270252908933429
10.11,0.85,102.122707139945,0.247679475357003,0.877979568822507,0.656480364332272,0.272281332696189
10.12,0.85,102.63548773716,0.248500527131334,0.879861863994015,0.658166408968444,0.269043868769885
10.13,0.85,103.153888938686,0.242945833805772,0.879990180201409,0.655881694802654,0.271472326214181
10.14,0.85,103.677963538401,0.246669928750794,0.878356869566942,0.656565548974845,0.269091609880548
10.15,0.85,104.207763600453,0.245154337335665,0.88140591342344,0.656779671577578,0.270368922915772
10.16,0.85,104.74334043164,0.244248941237,0.879313374981886,0.657880508860095,0.269912151195642
10.17,0.85,105.284744553419,0.244303007056185,0.882661282180075,0.655469705687809,0.269877483030544
10.18,0.85,105.832025673539,0.240682925241467,0.878323742551975,0.657517337602983,0.270879298437776
10.19,0.85,106.385232657306,0.240835157055282,0.877862270899825,0.656485882909449,0.26842872285096
10.2,0.85,106.94441349847,0.238827747912832,0.878318213420389,0.657842348431838,0.267755285187407
10.21,0.85,107.509615289755,0.239369654454049,0.880031849076444,0.657439919712541,0.270691031017363
10.22,0.85,108.080884193012,0.238385878574888,0.88132889896081,0.654681301029044,0.268388897890492
10.23,0.85,108.658265409009,0.239411240337052,0.883032113630941,0.656172502887682,0.269116341775087
10.24,0.85,109.241803146866,0.236415607066719,0.882229094318053,0.658149297244993,0.267188130872406
10.25,0.85,109.831540593128,0.237054384196189,0.883820930966498,0.657598272685728,0.267061979553257
10.26,0.85,110.427519880493,0.234708142489773,0.88236390030505,0.655576968047279,0.269400275697353
10.27,0.85,111.029782056191,0.234415397129167,0.884655777603508,0.659354659934668,0.27100842776834
10.28,0.85,111.638367050028,0.234599774549767,0.883142699906417,0.654582529441127,0.27255703822436
10.29,0.85,112.253313642098,0.230989416905864,0.88116109888443,0.657691169264983,0.271743798223264
10.3,0.85,112.874659430175,0.232094083161847,0.882112154598915,0.65552221262849,0.269056512908353
10.31,0.85,113.502440796797,0.230185405385678,0.884254283268227,0.655845928339682,0.269018313373859
10.32,0.85,114.136692876038,0.226005902007069,0.884940371596263,0.656219738994788,0.269573313649552
10.33,0.85,114.709316284553,0.228777022947939,0.883508869551269,0.658035605257286,0.267845602426481
10.34,0.85,114.819597988682,0.229947573699937,0.883979416534037,0.658944234620653,0.268817077409175
10.35,0.85,114.896753826705,0.227209009904976,0.883562258989432,0.656623912149884,0.268534742209344
10.36,0.85,114.974441146601,0.226601710994311,0.885254586931659,0.654764771829632,0.269361771364069
10.37,0.85,115.052652178484,0.227908744463618,0.882835899897029,0.656440850537489,0.269643148450098
10.38,0.85,115.131378900911,0.229001752762547,0.886698782129509,0.655178939107834,0.269822170588502
10.39,0.85,115.210613043922,0.228189136778554,0.883720135463256,0.655070772969816,0.268086139513766
10.4,0.85,113.879975575378,0.231682614815992,0.88752866367731,0.655506668107905,0.271494507591026
10.41,0.85,113.00372113192,0.23457398488994,0.886232337117698,0.6545110518223,0.267014527685655
10.42,0.85,112.412158337339,0.233684247235299,0.885501371444112,0.655672870362417,0.269779971508897
10.43,0.85,111.909461230601,0.235058052662347,0.886087865564751,0.658692960118293,0.267645651833686
10.44,0.85,111.435236703986,0.234150417246973,0.887602238169239,0.65812344631219,0.270526198739567
10.45,0.85,110.972707486968,0.235171856409802,0.887144453668314,0.657823846772665,0.271960572796623
10.46,0.85,110.517259215731,0.238452258923458,0.886843422705403,0.65636070640434,0.271573994344615
10.47,0.85,110.067575687927,0.239661998304678,0.887571042634566,0.656060445026201,0.270253036427311
10.48,0.85,109.623228869872,0.239192281430698,0.890225262073472,0.655550381352994,0.269323686831617
10.49,0.85,109.18402941902,0.239722380191625,0.889027416298715,0.658261232821226,0.271550272852191
10.5,0.85,108.7498522224,0.239624809313244,0.886528373820529,0.656399374268727,0.268190536513397
10.51,0.85,108.320589635322,0.242442923418266,0.889413354980558,0.656077641281933,0.270168632392902
10.52,0.85,107.896138976055,0.244295969103249,0.889588502021423,0.656623232497585,0.271181087235719
10.53,0.85,107.476399192757,0.242982020671065,0.888939518589825,0.65507145459513,0.269997650624845
10.54,0.85,107.061269981972,0.246637231096068,0.888146261852312,0.655429040296079,0.270808732722869
10.55,0.85,106.650651561257,0.245521441117264,0.891324253392666,0.656307107192725,0.270500123428422
10.56,0.85,106.244444616089,0.246873580220821,0.891366446380738,0.656638641866262,0.271282266363636
10.57,0.85,105.842550293189,0.249134316268668,0.892551113733587,0.655699699328284,0.269702428501779
10.58,0.85,105.444870206242,0.2494249895708,0.893129051280176,0.655043964632522,0.27121860976435
10.59,0.85,105.051306444994,0.249763613427694,0.889829008439257,0.656681697002906,0.270943442263644
10.6,0.85,104.661761585343,0.25124047186512,0.891230933931804,0.654388104794643,0.268872586300043
10.61,0.85,104.276138699789,0.251172557127082,0.89226918870016,0.656628638743517,0.270562309368175
10.62,0.85,103.894341368085,0.251100370728549,0.893552274433661,0.653392265741424,0.270357949966203
10.63,0.85,103.51627368805,0.254383849837529,0.891138995102571,0.653674515500167,0.271224483495046
10.64,0.85,103.141840286539,0.253542321740004,0.892711312347894,0.656949365710633,0.26934344578967
10.65,0.85,102.770946330567,0.255973561294698,0.892118434553162,0.653230697736572,0.270631810862985
10.66,0.85,102.403497538595,0.258157311948526,0.892927373345601,0.654228233162174,0.271696217840386
10.67,0.85,102.039400191975,0.25529386335495,0.893039042124818,0.65247625033323,0.27133020058274
10.68,0.85,101.678561146563,0.255031937624286,0.892853488657115,0.655002515715797,0.271483562835791
10.69,0.85,101.320887844498,0.258909534912025,0.894360329956208,0.655055928763962,0.269233925874445
10.7,0.85,100.966288326152,0.26054285029743,0.894286527597518,0.654110968152637,0.270263350020399
10.71,0.85,100.614671242245,0.260030471324449,0.892874820665222,0.65408403142304,0.271797359787145
10.72,0.85,100.265945866135,0.261395051440528,0.894741289056303,0.653528873913189,0.268415411054438
10.73,0.85,99.9200221062773,0.261276022805841,0.897520742998268,0.653471196736482,0.270773451849761
10.74,0.85,99.5768105188537,0.264200307724768,0.889782726695779,0.653349344004023,0.268611127755292
10.75,0.85,99.236222320567,0.263157393930175,0.893508163889926,0.651379935100994,0.269521016244003
10.76,0.85,98.8981694016061,0.264033577453912,0.892242282547119,0.653396191023469,0.270200573596414
10.77,0.85,98.562564338774,0.265176850880988,0.895426582626457,0.653035278147597,0.269415179053254
10.78,0.85,98.2293204087761,0.26757230154354,0.89874046784122,0.653660355082575,0.269519434741925
10.79,0.85,97.8983516016668,0.2658903618968,0.896705344038253,0.653436780718026,0.267794419916425
10.8,0.85,97.5695726344492,0.270222133863373,0.8941069208444,0.650889729602659,0.270744690421344
10.81,0.85,97.2428989648235,0.268570010364863,0.89499561715089,0.65336337287882,0.270833000020584
10.82,0.85,96.918246805078,0.266912961650479,0.896368371634077,0.654953267414492,0.269098133344647
10.83,0.85,96.5955331361178,0.27020201225116,0.895140357126128,0.652684302605267,0.269134074532494
10.84,0.85,96.2746757216238,0.270132301608966,0.894219547462638,0.650789454834072,0.269392815071872
10.85,0.85,95.9555931223346,0.269286277243699,0.89565146022267,0.654408762139679,0.268783562909224
10.86,0.85,95.6382047104445,0.27529958900001,0.897835147123822,0.65175296911131,0.271116412208947
10.87,0.85,95.3224306841087,0.274777301143441,0.899278877031716,0.650515777587026,0.26915967341471
10.88,0.85,95.0081920820462,0.272520327374168,0.898107483581176,0.651907655360996,0.271115183459892
10.89,0.85,94.6954107982325,0.277654794820087,0.899107813763787,0.65090958905742,0.269793680451587
10.9,0.85,94.3840095966703,0.27462598276305,0.897985192739496,0.651422332258636,0.268253438179208
10.91,0.85,94.0739121262291,0.277771860127244,0.898451179694001,0.654173484854815,0.270672606775723
10.92,0.85,93.7650429355417,0.278098354811384,0.899092591830496,0.649024051822082,0.269979342354518
10.93,0.85,93.4573274879458,0.277979979841339,0.896945446008756,0.652091790581861,0.269524997527511
10.94,0.85,93.1506921764606,0.278430763978503,0.894696297586117,0.650111406116288,0.272611850143054
10.95,0.85,92.8450643387827,0.280040629816765,0.897181548977922,0.650661260395281,0.27181818708837
10.96,0.85,92.5403722722904,0.279625935797788,0.900109246491524,0.649011562275907,0.271120628981129
10.97,0.85,92.2365452490428,0.281067365636764,0.900886550645393,0.649847112028213,0.269699305112242
10.98,0.85,91.9335135307583,0.283900191057855,0.897525112525364,0.651140824539317,0.271450873623546
10.99,0.85,91.6312083837599,0.282845590490972,0.899424571027853,0.648633308354339,0.268944971571289
11,0.85,91.3295620938707,0.28231798146536,0.900192970987934,0.645924164152256,0.268904035085684
11.01,0.85,91.0285079812462,0.28264752494013,0.902544462897957,0.650277188368655,0.270899787359523
11.02,0.85,90.7279804151266,0.287136663902693,0.899048199562643,0.651143644205297,0.270622040012097
11.03,0.85,90.4279148284932,0.286330175500699,0.900737479045608,0.650153116323689,0.27082666146281
11.04,0.85,90.1282477326138,0.287063542876934,0.900882315779488,0.650129519562514,0.271092552272491
11.05,0.85,89.8289167314591,0.289223878290291,0.901731635447856,0.646971096612159,0.268233384031192
11.06,0.85,89.5298605359747,0.290012691164471,0.90366981476836,0.649609588521756,0.268125228286008
11.07,0.85,89.2310189781905,0.292417075126479,0.901304310532014,0.648247250674649,0.270684250431147
11.08,0.85,88.9323330251507,0.290704850602929,0.90105537021588,0.651710991985707,0.269997127280337
11.09,0.85,88.6337447926478,0.288762411916593,0.902943655350244,0.647488751071211,0.270151984909481
11.1,0.85,88.3351975587406,0.291371625218303,0.901254728861429,0.648274809518492,0.270980083843796
11.11,0.85,88.0366357770418,0.292899580276499,0.903016784891687,0.64809093184701,0.27195922026267
11.12,0.85,87.7380050897544,0.295580838416272,0.904560203663332,0.648976779896409,0.268001820714851
11.13,0.85,87.4392523404398,0.292261767705221,0.902955428216733,0.647531117908244,0.26832575324224
11.14,0.85,87.1403255865003,0.299053999600946,0.905259167146093,0.642957026255466,0.271456201285554
11.15,0.85,86.8411741113579,0.295810466391356,0.904190304815793,0.647619208174723,0.271616276742491
11.16,0.85,86.5417484363095,0.294783574639655,0.905884603389442,0.650852315645378,0.268333413708263
11.17,0.85,86.2420003320429,0.298208535613428,0.902749962983216,0.646385919032763,0.268821135873922
11.18,0.85,85.9418828297943,0.29819616246297,0.905404911244151,0.647575049656564,0.268433994370658
11.19,0.85,85.64135023213,0.298480776276251,0.906652390162997,0.646925251132252,0.267519209781754
11.2,0.85,85.3408982081443,0.302087685701054,0.902846814842631,0.646396597880206,0.272152636821396
11.21,0.85,85.0539231947513,0.301795926990239,0.904139738176697,0.648168546628168,0.270555309432165
11.22,0.85,84.7765079345082,0.300198939218051,0.907686129869674,0.648143119540069,0.269905548132773
11.23,0.85,84.5009377913038,0.30072860806178,0.903743487742083,0.64655668616245,0.268780291894592
11.24,0.85,84.2252013038193,0.304369049617882,0.903593592338119,0.648081105922875,0.271779564772527
11.25,0.85,83.9488704971699,0.304132270052615,0.904770524878547,0.647332784893742,0.270247750146621
11.26,0.85,83.6718387886079,0.307828423073407,0.906448770689249,0.645441174955491,0.26854055169766
11.27,0.85,83.394059510281,0.306391821745102,0.905261924878895,0.649704683459731,0.271230379902473
11.28,0.85,83.1154975332103,0.306262267755863,0.907122701123186,0.646100049218065,0.271943654952357
11.29,0.85,82.8361207311945,0.308236846975203,0.90899012535703,0.643866345197393,0.270046591472149
11.3,0.85,82.5558985129958,0.309603182030471,0.906625258195007,0.64593376147722,0.270913188739581
11.31,0.85,82.2748015768437,0.309479377143287,0.907003730307426,0.646559982823187,0.270304912497648
11.32,0.85,81.9928018729587,0.311306297570322,0.90905895965243,0.64849600707289,0.271326035701059
11.33,0.85,81.7098726007753,0.307895742653155,0.906427430603156,0.644501060160818,0.270584155401866
11.34,0.85,81.4259882115345,0.311060570578603,0.906333087864639,0.646005639297674,0.269299493298304
11.35,0.85,81.141124411311,0.312032008259032,0.90846958201356,0.64369193253107,0.26899225198359
11.36,0.85,80.8552581636438,0.315905470168661,0.909725295775372,0.642837364517473,0.269736520770021
11.37,0.85,80.5683676916237,0.313358192322296,0.909400672308652,0.644304678406411,0.267903423859991
11.38,0.85,80.2804324794056,0.312778298717134,0.906844925763982,0.644539700382254,0.268836972313655
11.39,0.85,79.9914332731352,0.318321846053063,0.906599466851613,0.647305425134418,0.269729479277538
11.4,0.85,79.7013520812775,0.316815187655988,0.907598693806911,0.646392590467006,0.268072143205055
11.41,0.85,79.410172174345,0.317758341263537,0.9074509805161,0.643454436888712,0.271390700530094
11.42,0.85,79.1178780840126,0.315425569275347,0.908777745435988,0.643121603139224,0.269427000445876
11.43,0.85,78.8244556016183,0.321012160534917,0.909091642797642,0.641872189105492,0.26939986232973
11.44,0.85,78.5298917760406,0.321290310070525,0.911486361558113,0.64546303001089,0.268163765841423
11.45,0.85,78.234174910949,0.322582511862828,0.907227901835404,0.644154260560217,0.270478541877172
11.46,0.85,77.937294561423,0.320980925151672,0.908627142785449,0.642282394372754,0.269342132087257
11.47,0.85,77.6392415299358,0.320091017505202,0.909427836814801,0.644599430904679,0.27199222587476
11.48,0.85,77.3400078617012,0.322469339678764,0.907149187097582,0.645353028953094,0.270696046938264
11.49,0.85,77.039586839379,0.322146422416398,0.910626489883186,0.64150861941186,0.269333313132681
11.5,0.85,76.7379729771387,0.324804705104224,0.911161091903652,0.644333806944068,0.270634692206408
11.51,0.85,76.4351620140816,0.327060680300669,0.910986826186067,0.645816890773896,0.270936294895572
11.52,0.85,76.1311509070199,0.32625719292988,0.910020359081645,0.643226536981764,0.271552468903617
11.53,0.85,75.8259378226133,0.325317979251791,0.911897004066545,0.642642723113887,0.269753522865381
11.54,0.85,75.5195221288659,0.32804609881729,0.911782841270415,0.644569662145654,0.27056252085807
11.55,0.85,75.211904385984,0.327307513840317,0.910977720471655,0.643262337859989,0.272149692461054
11.56,0.85,74.9030863365991,0.327574116126039,0.909829946662522,0.641080698431261,0.270564190335845
11.57,0.85,74.5930708953578,0.327755694799398,0.912257038687358,0.644002237294563,0.269213473808759
11.58,0.85,74.2818621378853,0.32926833438636,0.911392466069285,0.644536216363668,0.267905754647576
11.59,0.85,73.9694652891254,0.334992640526167,0.913488405202238,0.644787249305585,0.27147572766709
11.6,0.85,73.6558867110644,0.334129960796025,0.913115752491133,0.646262069622108,0.270674950222842
11.61,0.85,73.3411338898442,0.331869216909674,0.911443197326283,0.644780307141245,0.27093734337389
11.62,0.85,73.0252154222728,0.335903245902886,0.912227600621125,0.645601494588164,0.273993914178884
11.63,0.85,72.7081410017398,0.338682254537692,0.911020147604262,0.642939739937331,0.270946395327945
11.64,0.85,72.3899214035454,0.336900044742664,0.912480821338464,0.644430905445528,0.270035849081826
11.65,0.85,72.070568469652,0.341290888605175,0.911503183849907,0.644924593017427,0.269129070996233
11.66,0.85,71.7500950928699,0.338601654209171,0.910319973440983,0.643037955830814,0.270033206638637
11.67,0.85,71.4285152004854,0.342803402906731,0.912605415398133,0.643697096406673,0.271333740611061
11.68,0.85,71.1058437373457,0.338891121796038,0.912333969287812,0.642571613589922,0.271048149890841
11.69,0.85,70.7820966484089,0.341308871588335,0.912259893603169,0.644199015683624,0.270682159995314
11.7,0.85,70.4572908607756,0.345196792978465,0.912205965704278,0.640404783875504,0.270657083134851
11.71,0.85,70.1314442652124,0.342411251189519,0.912715794939572,0.639713228258694,0.270067590192134
11.72,0.85,69.8045756971833,0.345747277561037,0.913878309211998,0.64549862859709,0.270609161039342
11.73,0.85,69.476704917401,0.343860458890063,0.911494762786247,0.64234229743091,0.271315066956302
11.74,0.85,69.1478525919161,0.345477064408915,0.912858634289284,0.640807828546303,0.270090585584951
11.75,0.85,68.8180402717571,0.347133717971235,0.912801934807965,0.642379710482511,0.27006954574802
11.76,0.85,68.4872903721385,0.351120420416057,0.912779216916387,0.64473738515118,0.269499622524618
11.77,0.85,68.1556261512534,0.348219746293687,0.912471497642531,0.641889176601893,0.271303540173835
11.78,0.85,67.8230716886677,0.352017298701513,0.91308646046905,0.642924390463305,0.270669161229129
11.79,0.85,67.4896518633324,0.351448007088207,0.91378909266566,0.643589513469563,0.269510625296331
11.8,0.85,67.1553923312337,0.353462629585337,0.914217591439174,0.642537144076245,0.268457222659886
11.81,0.85,66.8203195026968,0.356600617406593,0.919217255886045,0.643977990477644,0.269514798794769
11.82,0.85,66.4844605193644,0.355084296970156,0.913509964622161,0.643315335812109,0.270349618258307
11.83,0.85,66.1478432308673,0.356607496940046,0.915327763331133,0.64626764126438,0.268693834790044
11.84,0.85,65.8104961712065,0.358131721242267,0.916392502385115,0.644560933545532,0.271591659127462
11.85,0.85,65.4724485348675,0.361275792528366,0.914781468765944,0.644213546035635,0.270079783298433
11.86,0.85,65.1337301526853,0.35958856366294,0.915139123111428,0.642371700251924,0.271798954285905
11.87,0.85,64.7943714674808,0.358182795806954,0.916046172817291,0.640282758536848,0.267015367466863
11.88,0.85,64.4544035094895,0.359960543118672,0.914996196125544,0.641413865615746,0.271231794671433
11.89,0.85,64.1138578716014,0.363132332099887,0.914798385069505,0.645430762992705,0.267166790973637
11.9,0.85,63.7727666844342,0.363112039023646,0.916339904536429,0.643598506398213,0.267555362755449
11.91,0.85,63.4311625912598,0.364061777559661,0.916556867782488,0.643408135400692,0.270628011346187
11.92,0.85,63.0890787228047,0.365803233803253,0.913612901336828,0.642074825212905,0.270190764795177
11.93,0.85,62.7465486719465,0.368051274962705,0.914729150986953,0.642657629130706,0.269276427718612
11.94,0.85,62.4036064683255,0.366264215137508,0.915824873562802,0.640103305873637,0.270330461192663
11.95,0.85,62.0602865528942,0.36829044113663,0.918555953762043,0.644463892288905,0.270084651117308
11.96,0.85,61.7166237524231,0.372660389282108,0.918019076141169,0.642775923079087,0.269574986400343
11.97,0.85,61.3726532539877,0.371892015387682,0.91708762358351,0.643108470721637,0.270483395652587
11.98,0.85,61.0284105794527,0.373088588378563,0.915335756591137,0.645574934993729,0.267842751919845
11.99,0.85,60.6839315599774,0.373417990309223,0.915357961954133,0.643446332539265,0.267288094574351
12,0.85,60.3392523105621,0.375223078259692,0.91512535043303,0.64341132094282,0.269913204083574
12.01,0.85,59.9944092046546,0.377008413465313,0.918097047597141,0.64407730607729,0.267520710162562
12.02,0.85,59.6494388488386,0.375988580029649,0.915838457340827,0.641494909037246,0.272833806226377
12.03,0.85,59.3043780576232,0.377001861105502,0.915714305940138,0.645205699348077,0.270629753899138
12.04,0.85,58.9592638283528,0.378607495720677,0.916609238955648,0.645636289563018,0.267516856927097
12.05,0.85,58.6141333162577,0.382527435615113,0.916666387918177,0.646310412533185,0.269406779099548
12.06,0.85,58.2690238096641,0.382855947635408,0.916715742534396,0.644058646840031,0.267951030275634
12.07,0.85,57.9239727053824,0.383199055782751,0.916614958996681,0.645288674684148,0.271486396980074
12.08,0.85,57.5790174842923,0.388043538995637,0.915971246399613,0.646225147844546,0.271060764199551
12.09,0.85,57.2341956871423,0.387239263772422,0.91505528169777,0.646193722473443,0.26823552631412
12.1,0.85,56.8895448905829,0.386141820160388,0.917407442895912,0.643551094632698,0.269842789412214
12.11,0.85,56.5451026834492,0.389839941536417,0.915698865168244,0.644223317108931,0.270330623206367
12.12,0.85,56.2009066433105,0.389431959210253,0.920373751037627,0.645357936400705,0.269503775416149
12.13,0.85,55.8569943133037,0.391973655490306,0.918155025395492,0.642335072275541,0.269922019980537
12.14,0.85,55.5134031792658,0.39036556715844,0.915431254638837,0.64558077668696,0.26855408446717
12.15,0.85,55.1701706471821,0.392493179129438,0.91711682437836,0.643441386082706,0.270909334990976
12.16,0.85,54.827334020964,0.394013402232121,0.920081896626,0.643122364960786,0.269129982970636
12.17,0.85,54.4849304805721,0.397438058935047,0.918468380466852,0.646238956320862,0.272647445633162
12.18,0.85,54.1429970604976,0.396301076217866,0.917105411501528,0.646290836639476,0.271172158178261
12.19,0.85,53.8015706286164,0.399037117374085,0.919544563534396,0.645461239612225,0.268723893125841
12.2,0.85,53.4606878654287,0.397703342809014,0.918520535608122,0.646272726526047,0.268638165108626
12.21,0.85,53.1194793906839,0.400441796578758,0.918229854461528,0.64778475877167,0.270349711697517
12.22,0.85,52.772943118138,0.399700855692301,0.916241237840292,0.64481805776491,0.271632542863407
12.23,0.85,52.4244904193917,0.400505504536094,0.918216375797498,0.644627332885362,0.269687971029576
12.24,0.85,52.0762961437012,0.405281842914409,0.918975450405784,0.647620771620132,0.271605787267771
12.25,0.85,51.7288249228063,0.407609372499471,0.91636834399193,0.646145654041984,0.270786842002289
12.26,0.85,51.3821789508524,0.406765679456416,0.918150361860546,0.643565950550811,0.26966234325056
12.27,0.85,51.0364029459458,0.409410723724108,0.920460768043394,0.645936619203787,0.26779493142275
12.28,0.85,50.6915334731931,0.40994563619144,0.915555100994873,0.645517520700839,0.269776458979623
12.29,0.85,50.3476057533585,0.414580616008722,0.91936960745195,0.64557091358008,0.267995806935429
12.3,0.85,50.0046544945134,0.413115316203116,0.919434988127858,0.64523795829004,0.26933397716655
12.31,0.85,49.6627139719248,0.417906463652939,0.918036215355369,0.644703976908548,0.273466765161883
12.32,0.85,49.3218180222569,0.413147576281454,0.918992585069146,0.648145310149083,0.269063038288442
12.33,0.85,48.9820000293342,0.417294923761027,0.918703591561487,0.64817745880388,0.27205097732233
12.34,0.85,48.6432929096189,0.4200275111308,0.917200979385634,0.64838739404003,0.270672009781501
12.35,0.85,48.3057290981716,0.418219246691489,0.914249628546234,0.649015201807734,0.268754631091366
12.36,0.85,47.9693405351582,0.419424166181719,0.917849650024095,0.646510683877962,0.271106519761167
12.37,0.85,47.6341586529079,0.421727221744813,0.919671087103494,0.645294984051395,0.268633041913711
12.38,0.85,47.3002143635259,0.424029723514622,0.919237536491002,0.649118302460078,0.271410563790346
12.39,0.85,46.96753804706,0.424350429824053,0.920063526224092,0.64750155597814,0.269876036100137
12.4,0.85,46.6361595402235,0.424659316991644,0.919537922278725,0.649397592176028,0.268717132497215
12.41,0.85,46.3061081256728,0.426420933060695,0.916950187638528,0.648860401848828,0.271866717322686
12.42,0.85,45.9774125218415,0.428110083524341,0.917349164183285,0.647804868509763,0.271782496052695
12.43,0.85,45.6501008733276,0.432147492202793,0.92082562343485,0.64660009856222,0.269771458935782
12.44,0.85,45.3242007418336,0.434748676397294,0.918661617076752,0.648594629570931,0.269660336953334
12.45,0.85,44.9997390976567,0.432115212629755,0.919565713339102,0.651327648879173,0.269304108035864
12.46,0.85,44.6767423117273,0.434738903709368,0.918180928183535,0.646534909180471,0.270690097894466
12.47,0.85,44.3552361481906,0.434073397571811,0.918746203511194,0.648808178129104,0.272336121316799
12.48,0.85,44.0352457575303,0.437472068883906,0.919678160600821,0.650161301882756,0.267770759882246
12.49,0.85,43.7167956702272,0.440591732677536,0.919920679428336,0.649824002243407,0.269768352221382
12.5,0.85,43.3999097909503,0.441542241308042,0.919198132699379,0.648907901519829,0.268595386763227
12.51,0.85,43.0846113932738,0.442915706043026,0.917671696379641,0.647770714455437,0.26941008606302
12.52,0.85,42.7709231149154,0.442047688078911,0.918728013477354,0.64916259052449,0.271009311377694
12.53,0.85,42.458866953488,0.445396380691234,0.920418732335321,0.648119044361674,0.27214853961799
12.54,0.85,42.1484642627606,0.44746516227688,0.917471745866769,0.651163323299839,0.272037344320103
12.55,0.85,41.8397357494201,0.445974191084765,0.919577395262106,0.647424586946091,0.270472700673097
12.56,0.85,41.5327014703261,0.448843102686965,0.918930611416415,0.651702853873411,0.269373681095696
12.57,0.85,41.2273808302531,0.450481227743449,0.918327136176698,0.648631145775243,0.270117583460845
12.58,0.85,40.9237925801099,0.450010941665146,0.919996102968353,0.653376941175084,0.270519364672248
12.59,0.85,40.6219548156289,0.45465989389794,0.919839551138591,0.648837801479655,0.270011577952544
12.6,0.85,40.321884976517,0.455005673224743,0.915822823625931,0.650968931994467,0.27001936210557
12.61,0.85,40.0235998460583,0.455958513931296,0.917562176459786,0.650112911360054,0.271022780710966
12.62,0.85,39.7271155511596,0.45870318218675,0.916860063740066,0.650435251708537,0.271600238343316
12.63,0.85,39.4324475628297,0.460352034725018,0.919981394958174,0.648948780062566,0.268504348374523
12.64,0.85,39.139610697082,0.460239285359257,0.918987416458922,0.653079772198139,0.271259741244
12.65,0.85,38.8486191162514,0.461340328505455,0.921055253466425,0.650340622450462,0.272465436860449
12.66,0.85,38.5594863307141,0.462072238004592,0.91969563139536,0.651023754822315,0.268410599581776
12.67,0.85,38.2722252010016,0.463877151432056,0.918383396137718,0.649796081453102,0.269761249876192
12.68,0.85,37.9868479402967,0.464769952779465,0.918443474840386,0.651533737459664,0.270830237991635
12.69,0.85,37.7033661173018,0.467520142946688,0.918759724186355,0.654429766374773,0.269213349880551
12.7,0.85,37.4217906594694,0.470668708816245,0.918815999283492,0.652699605203133,0.269110297940099
12.71,0.85,37.1421318565816,0.470495367500142,0.919876237114422,0.649810206030856,0.271144095226678
12.72,0.85,36.8643993646705,0.47413749269785,0.91869814297542,0.653963669938564,0.269441951995416
12.73,0.85,36.5886022102662,0.472086117197967,0.919268651591602,0.652189659121269,0.268314586089665
12.74,0.85,36.3147487949625,0.474022901308158,0.917253118212135,0.651446790249574,0.272583548346388
12.75,0.85,36.0428469002887,0.474591059447821,0.915981787018616,0.652280180078843,0.270131882003597
12.76,0.85,35.7729036928761,0.477461600836982,0.919393987318078,0.651755018274182,0.269855590997739
12.77,0.85,35.5049257299085,0.47817380224685,0.917970392608015,0.653287788073109,0.268544244002332
12.78,0.85,35.2389189648451,0.479273602098021,0.916953109654137,0.652207892910993,0.268481288471921
12.79,0.85,34.9748887534046,0.481015596585255,0.916722473494778,0.651172219675879,0.267913875832286
12.8,0.85,34.7128398597996,0.483803341392177,0.916501038270918,0.651749419717718,0.271949068164746
12.81,0.85,34.4527764632098,0.481403001659682,0.918225708610712,0.655098820500956,0.268598458906718
12.82,0.85,34.1947021644833,0.486082695542472,0.914986479908132,0.655598917504199,0.270738069083484
12.83,0.85,33.9386199930547,0.488329452586381,0.917966989036717,0.653596156537882,0.26950162338607
12.84,0.85,33.6845324140687,0.488056072334074,0.91698663575693,0.65266348462917,0.271349121548526
12.85,0.85,33.4324413357,0.490278744098746,0.91721064438764,0.653111941830509,0.272173238885913
12.86,0.85,33.1823481166562,0.48944984864666,0.917812714576009,0.651974142038139,0.270385753194215
12.87,0.85,32.9342535738553,0.490993627149698,0.916686055496052,0.654230338058059,0.269060619513059
12.88,0.85,32.6881579902665,0.493767579393496,0.917605939687743,0.658626232820926,0.269985959881109
12.89,0.85,32.4440611229036,0.496315628474665,0.916579113482776,0.653255443833034,0.267788301819328
12.9,0.85,32.2019622109611,0.496367955545426,0.920195531822814,0.654880004672466,0.268774351257195
12.91,0.85,31.9618599840832,0.498530425624321,0.917925655356335,0.657017712198959,0.266951750456611
12.92,0.85,31.7237526707557,0.500765500841445,0.917542708418849,0.655646001823773,0.268986568667012
12.93,0.85,31.4847485009515,0.499378942186546,0.919533450938347,0.653718203405555,0.269478025860061
12.94,0.85,31.2441513792339,0.506839853990559,0.916626483596534,0.654057473129507,0.269671335009064
12.95,0.85,31.0047932281015,0.503936001550219,0.915612031709959,0.655445538346684,0.268444997677203
12.96,0.85,30.7673918753909,0.505659653189839,0.917888184738291,0.654646190153513,0.271055696777231
12.97,0.85,30.5320572247548,0.505330341811533,0.916609503400095,0.654079623187974,0.268650599344145
12.98,0.85,30.2987985193429,0.508896917392509,0.919634903375184,0.65742744545177,0.27218022418415
12.99,0.85,30.0676113919481,0.510792753482088,0.918313910486493,0.655815329681221,0.268207491273912
13,0.85,29.8384895708906,0.511360201050562,0.916132643154977,0.653142865528965,0.268683820097694
13.01,0.85,29.61142621517,0.513822262650893,0.914779721991304,0.653139721004812,0.270003070077476
13.02,0.85,29.3864140505749,0.51612284700912,0.917190746079649,0.655882050117639,0.270551876928051
13.03,0.85,29.1634453888687,0.514433328948608,0.915837531386239,0.656127992467011,0.27154645758093
13.04,0.85,28.9425121380247,0.515847248130234,0.915924515039918,0.657082844589863,0.269199892804421
13.05,0.85,28.7236058121,0.519821992980639,0.916157265744447,0.65756991785553,0.271776039944152
13.06,0.85,28.5067175411417,0.521184013285924,0.916210428985997,0.658647576906483,0.269384101486982
13.07,0.85,28.2918380810925,0.523208532646721,0.915555447463623,0.655537993667635,0.269854861482965
13.08,0.85,28.0789578236771,0.522645756803738,0.913347769448532,0.655753836797245,0.267443301250641
13.09,0.85,27.8680668062615,0.52616252326076,0.91304897137423,0.658065199394851,0.270855569246652
13.1,0.85,27.6591547216779,0.527268905883382,0.915756400256376,0.654082230098468,0.269996892968844
13.11,0.85,27.4522109280105,0.529073242183062,0.913377075871851,0.658415989146115,0.270716933474993
13.12,0.85,27.2472244583348,0.528668563230466,0.91421935519138,0.654758707644536,0.27022148767701
13.13,0.85,27.0441840304059,0.529596218634887,0.913800378665428,0.658925529399612,0.269763319609949
13.14,0.85,26.8430780562902,0.5318893432193,0.915137110983847,0.65562217254632,0.270194824786623
13.15,0.85,26.6438946519361,0.534551387877284,0.915320775928189,0.657112995892346,0.268786023074468
13.16,0.85,26.4466216466768,0.535276164829443,0.915821373020674,0.657117423352882,0.268393822991329
13.17,0.85,26.2512465926642,0.538603284530634,0.915867867942379,0.656858763976396,0.272834163826456
13.18,0.85,26.0577567742262,0.538649119232259,0.915972110644211,0.655018267581786,0.27088782820713
13.19,0.85,25.8661392171457,0.540571461675249,0.915200073987433,0.655371124667937,0.270114210618742
13.2,0.85,25.6763806978559,0.539807360779375,0.914866039438655,0.656823842074764,0.270766149606335
13.21,0.85,25.4884677525499,0.544212597472569,0.913712620358685,0.656605955522339,0.271169952707067
13.22,0.85,25.3023866861995,0.543856241444907,0.915826392347197,0.65579394830956,0.269454680097153
13.23,0.85,25.1181235814825,0.542617919209208,0.914733077242812,0.656977050800451,0.269149053516866
13.24,0.85,24.9356643076124,0.548491652209658,0.914281633139832,0.656547995929038,0.266682514875045
13.25,0.85,24.7549945290712,0.547824519337554,0.914057882577285,0.656617428937174,0.270652864805547
13.26,0.85,24.5760997142408,0.548146071697909,0.913195363011508,0.654635116236448,0.269516966862942
13.27,0.85,24.3989651439307,0.549486301915166,0.913654654366907,0.656212776630071,0.266668743101493
13.28,0.85,24.2235759198018,0.553344514613254,0.913960013113376,0.657199912702293,0.270547897720026
13.29,0.85,24.0499169726821,0.552281980393355,0.911439456114995,0.654505787577442,0.268011427622042
13.3,0.85,23.8779730707747,0.557086357113174,0.913464426224042,0.656147652023179,0.270798104403506
13.31,0.85,23.7077288277552,0.556866603041486,0.910551749852501,0.656043163509623,0.269087228186366
13.32,0.85,23.5391687107583,0.554528100402011,0.911271443735847,0.656284801147493,0.271784616771717
13.33,0.85,23.3722770482519,0.559301836558254,0.913264871053647,0.656369465826296,0.269678482984928
13.34,0.85,23.2070380377976,0.561782541163654,0.912397833640465,0.656094643845376,0.271215291421838
13.35,0.85,23.0434357536983,0.562118200669385,0.914515383770202,0.65757886653014,0.270636930182645
13.36,0.85,22.8814541545298,0.564366633922505,0.913030629601575,0.658182791909022,0.269783642951253
13.37,0.85,22.7210770905585,0.564800837513138,0.914258638648612,0.656152438951602,0.268960152770906
13.38,0.85,22.5622883110438,0.565784384990623,0.912025235250935,0.655578198829486,0.271525474028013
13.39,0.85,22.4050714714242,0.565075071210054,0.912968968855882,0.656100723014836,0.268935181264267
13.4,0.85,22.2494101403892,0.566229992940244,0.913910451127033,0.657404573625516,0.270030193133947
13.41,0.85,22.0952878068351,0.56900327509984,0.911441393868119,0.657615066993241,0.268164152433922
13.42,0.85,21.9426878867062,0.572173602569182,0.910650862115672,0.657805086608002,0.272315578855551
13.43,0.85,21.7915937297212,0.572273898519885,0.913915240547533,0.656121608536277,0.271418052859393
13.44,0.85,21.6419886259855,0.571014494725854,0.912194028002617,0.656418773416648,0.269130412558552
13.45,0.85,21.49385581249,0.574134554645415,0.910805820392979,0.654297595800121,0.270580059365637
13.46,0.85,21.3471784794968,0.578084830453194,0.910648305448113,0.65637323055631,0.27072005263008
13.47,0.85,21.2019397768128,0.578527759147191,0.908384381404199,0.654894219541614,0.271624901260515
13.48,0.85,21.0581228199528,0.578264394591912,0.913060196600019,0.657897634536465,0.270321011198147
13.49,0.85,20.9157106961911,0.579861200052507,0.913863169394367,0.655229466661362,0.270135145321085
13.5,0.85,20.7746864705045,0.58080527723534,0.910031849101058,0.65545725723823,0.268121730480143
13.51,0.85,20.6350331914074,0.582481746103611,0.909571059391179,0.658319137189532,0.270258850292004
13.52,0.85,20.4967338966795,0.584102486211886,0.910052805590601,0.657468502325069,0.270010365803982
13.53,0.85,20.3597716189874,0.583836581310709,0.911138441539791,0.655573174815256,0.272536687579632
13.54,0.85,20.2241293914026,0.587137092633124,0.907653094312657,0.65811280224293,0.269437056847607
13.55,0.85,20.0897902528151,0.5863736990831,0.910606247130801,0.656851064534495,0.269198874508894
13.56,0.85,19.9567372532465,0.587810644847342,0.905849569782039,0.658330920512894,0.271095498902694
13.57,0.85,19.8249534590612,0.593760368993872,0.908883070105954,0.658958681775041,0.271044120742212
13.58,0.85,19.69442195808,0.592867351178182,0.909361521872692,0.65416931085383,0.268533561441044
13.59,0.85,19.565125864595,0.592686449675749,0.909272911920467,0.654780045739633,0.270406049916334
13.6,0.85,19.437048324289,0.592304895047219,0.907411792238981,0.655477619625909,0.270293262173314
13.61,0.85,19.3101725190603,0.594668162479121,0.906032386376516,0.656121364784772,0.271567349603863
13.62,0.85,19.1844816717541,0.598763745694959,0.908823495554666,0.657506691036962,0.270734200072209
13.63,0.85,19.0599590508026,0.598969082449261,0.907833997948262,0.655807435100589,0.271064001410695
13.64,0.85,18.9365879747753,0.598339411406495,0.907830216488007,0.653296621169704,0.268788403391704
13.65,0.85,18.8144705646218,0.601221998724771,0.909553393192735,0.655971352646645,0.267772399348842
13.66,0.85,18.6958236117387,0.602449224894446,0.905880539895539,0.654778598045171,0.269633048803085
13.67,0.85,18.5795913735173,0.600859862106418,0.906746569717864,0.653814896040742,0.271951429174784
13.68,0.85,18.4646017786335,0.601564017335321,0.907538104066087,0.65818755294928,0.270802435724436
13.69,0.85,18.3506476597192,0.605209611190382,0.906256701523221,0.65528418027657,0.269761192792154
13.7,0.85,18.2376956007336,0.606349015017097,0.9073414833129,0.655011222123814,0.268419298470372
13.71,0.85,18.1257295406061,0.606886259897219,0.907117635046601,0.65580782279682,0.269593541838975
13.72,0.85,18.0147342700424,0.610080155148251,0.904739780261728,0.65348398651782,0.269845300895264
13.73,0.85,17.9046945762663,0.60935512870826,0.907193742409184,0.65555047811693,0.267701516926821
13.74,0.85,17.7955953029192,0.611839760841692,0.904780123627352,0.656887964702667,0.268310691681196
13.75,0.85,17.6874213732955,0.613606265042795,0.905332198860427,0.654380895045313,0.269984835783533
13.76,0.85,17.5801577964586,0.613661937995093,0.905627431473018,0.654519075252846,0.268102323045848
13.77,0.85,17.4737896709196,0.614987812553358,0.906278499299722,0.656171093651078,0.267678977678667
13.78,0.85,17.3683021880662,0.613763694155404,0.903266178455064,0.655263038792522,0.270871487134956
13.79,0.85,17.2636806355246,0.617261450329052,0.905049820794803,0.655936938328622,0.270874372027681
13.8,0.85,17.1599104004611,0.620873840097221,0.904135359732753,0.653514848977441,0.270428029924028
13.81,0.85,17.0569769728215,0.620102381056057,0.905730437894494,0.653985314163886,0.270508982372967
13.82,0.85,16.9548659485089,0.62274411950685,0.904293392713048,0.654844227286486,0.269237442782024
13.83,0.85,16.8535630325018,0.622693396722753,0.904263872110629,0.656751002320871,0.271572974371975
13.84,0.85,16.753054041911,0.623307145063752,0.903411898974135,0.653771100989272,0.270969576249419
13.85,0.85,16.6533249089789,0.623196374312043,0.904334389354038,0.656290473742088,0.272339729270507
13.86,0.85,16.5543616840191,0.626159162297378,0.90170185879686,0.654646137356288,0.270888961879063
13.87,0.85,16.4561505382985,0.626551788115254,0.902629271202284,0.652463630805775,0.273008077076776
13.88,0.85,16.3586777668625,0.628329797646234,0.902983955110577,0.652386165632346,0.269001287078884
13.89,0.85,16.2619297913024,0.628399945017449,0.902740197012713,0.65353964636264,0.269676690958409
13.9,0.85,16.1658931624673,0.629187485704715,0.903146819550339,0.65382850676358,0.271676585776799
13.91,0.85,16.0705545631192,0.63265678868376,0.903174540937689,0.651290570446183,0.26911283665285
13.92,0.85,15.9759008105325,0.632102373425534,0.90278370262296,0.65305643951451,0.272112667746461
13.93,0.85,15.8819188590385,0.63351625263712,0.902284274273481,0.651793716631197,0.268847833655629
13.94,0.85,15.7885958025139,0.633432119418375,0.903623900879987,0.653874162927509,0.272154594526771
13.95,0.85,15.6959188768145,0.633350181195393,0.901384253493299,0.654142506339954,0.269788757482341
13.96,0.85,15.6038754621541,0.633123676581081,0.903704058612067,0.65144012117351,0.267589377907785
13.97,0.85,15.5124530854277,0.636958751178423,0.899384987864428,0.652468369442519,0.268991656887293
13.98,0.85,15.421639422481,0.637099108435771,0.898365986121722,0.651078320565159,0.269324191005929
13.99,0.85,15.331422300323,0.639424884969006,0.902947440893186,0.650623485493877,0.269399064308413
14,0.85,15.2417896992855,0.643130702022904,0.901179793305196,0.653100925431329,0.270671827761892
14.01,0.85,15.1527297551254,0.642920261922015,0.901093031123039,0.653707843870012,0.273032783075828
14.02,0.85,15.064230761073,0.643896103233609,0.898310188368988,0.651990393422677,0.269550941395242
14.03,0.85,14.9762811698234,0.643769265316471,0.896342324642946,0.651290950728828,0.270090347631763
14.04,0.85,14.8888695954723,0.644463426474227,0.900097572562983,0.650479231334873,0.270478540167248
14.05,0.85,14.8019848153956,0.645880765621191,0.899138171056058,0.651288329159196,0.270957482676759
14.06,0.85,14.7156157720715,0.649483694027305,0.89707181840736,0.652357603793858,0.270168204116639
14.07,0.85,14.629751574846,0.649070127763084,0.898936814670419,0.650747202935164,0.271520309197306
14.08,0.85,14.5443815016401,0.653961661614384,0.898933986086006,0.652702882837031,0.268624159998571
14.09,0.85,14.4594950005988,0.653122986540882,0.900759606399099,0.65188969597749,0.26922850901377
14.1,0.85,14.375081691682,0.651087517739816,0.898058919905759,0.649719777448414,0.268692844129933
14.11,0.85,14.2911313681948,0.652686448238751,0.897435297889662,0.650587892636164,0.269776601605967
14.12,0.85,14.207633998259,0.653347796106028,0.897070190507664,0.65220880362142,0.2694038001025
14.13,0.85,14.1245797262228,0.65609757654367,0.898580928223259,0.650016521254477,0.271591176845119
14.14,0.85,14.0419588740101,0.656085820127895,0.897418403784842,0.649081793677,0.2665560420809
14.15,0.85,13.959761942407,0.657230852083514,0.898597805817777,0.650419694275016,0.2683260718581
14.16,0.85,13.8779796122862,0.659520311917079,0.89764278822745,0.648985944986596,0.268743685638495
14.17,0.85,13.7966027457676,0.660566365871603,0.893854288220865,0.648925715611367,0.270444943026909
14.18,0.85,13.7156223873143,0.660293096332877,0.898700825212113,0.649014165990445,0.272082055624763
14.19,0.85,13.6350297647644,0.666115421284629,0.897959406824201,0.651652344841063,0.270489701596149
14.2,0.85,13.5548162902959,0.661959898139236,0.893900226580252,0.650814153818759,0.269449239365313
14.21,0.85,13.4749735613261,0.665296369173489,0.895932869946968,0.647061495009876,0.269554786869594
14.22,0.85,13.3954933613431,0.667300671022684,0.894347687447947,0.651316836082396,0.271038048837263
14.23,0.85,13.3163676606688,0.667457508669847,0.895212015992338,0.647501789299192,0.268367669035491
14.24,0.85,13.2375886171535,0.667215310593835,0.894238414866613,0.649735630320336,0.268794274804864
14.25,0.85,13.1591485768004,0.671214194543911,0.895828517656597,0.64918735143436,0.27144591924853
14.26,0.85,13.0810400743194,0.670096625834971,0.893957171623289,0.648781140873365,0.268568352793176
14.27,0.85,13.0032558336104,0.672490349222433,0.893988691262771,0.64745554904827,0.267951900448402
14.28,0.85,12.925788768173,0.672800967515236,0.895575096304182,0.648268880763634,0.269428549709287
14.29,0.85,12.8486319814449,0.674830700815085,0.890917836803761,0.645513273173843,0.269269366151052
14.3,0.85,12.7717787670657,0.675779252896903,0.893736156121637,0.646902215290836,0.270439507077501
14.31,0.85,12.6952226090669,0.676791110555731,0.894629985241294,0.647801731203745,0.270835056145685
14.32,0.85,12.6189571819867,0.674309545094286,0.892810827167207,0.645325778175933,0.269264594984972
14.33,0.85,12.5429763509094,0.67912314068756,0.892540074999901,0.648932781422849,0.271360794316997
14.34,0.85,12.4672741714284,0.680115477885714,0.891266150662259,0.648693942760485,0.273851825545867
14.35,0.85,12.3918448895321,0.681784005952774,0.89207202411725,0.647149307901015,0.269731519742175
14.36,0.85,12.3166829414134,0.682482723627627,0.891259592485081,0.649424180692094,0.270038383001965
14.37,0.85,12.2417829531998,0.684236050129459,0.891597048255821,0.644983921168633,0.27043781922351
14.38,0.85,12.1671397406066,0.684722005897623,0.892478885764528,0.649850236712372,0.273444781945116
14.39,0.85,12.0927483085105,0.686225932278401,0.892453542636937,0.645311338614936,0.270918374988352
14.4,0.85,12.0186038504439,0.68778627551037,0.890042275015431,0.645030305715413,0.269020785382434
14.41,0.85,11.9447017480106,0.689400678740089,0.889768470566278,0.645696818855003,0.269490321285849
14.42,0.85,11.8710375702205,0.688117246545256,0.889939908339071,0.646094693507897,0.27146282352095
14.43,0.85,11.7976070727452,0.689430802467034,0.890456213116087,0.646640667525374,0.269416197085613
14.44,0.85,11.7244061970934,0.690391074278882,0.890555619519451,0.646264541092218,0.270346970973555
14.45,0.85,11.6514310697054,0.693045756325303,0.887293713679474,0.644295235966708,0.271593010590911
14.46,0.85,11.5786780009681,0.694520651687718,0.892888024907083,0.645566855281608,0.269778521042443
14.47,0.85,11.5061434841491,0.695246751995497,0.890034219699361,0.647447087121092,0.271651235192087
14.48,0.85,11.4338241942508,0.695972192682925,0.888971784904482,0.646973933082759,0.27003624870353
14.49,0.85,11.3617169867847,0.694973063898833,0.887925519184173,0.643293336355894,0.269814910838301
14.5,0.85,11.2898188964656,0.698384838292277,0.889519685892422,0.646447467565039,0.268923157482458
14.51,0.85,11.2181197945543,0.700118912086189,0.888242174525363,0.646575319232242,0.269505851401368
14.52,0.85,11.1453190355356,0.700702053014623,0.891217746692545,0.645711978803814,0.270872224393743
14.53,0.85,11.0716115330766,0.702613548137781,0.888344344781563,0.643168426921296,0.269207769977689
14.54,0.85,10.9979474823039,0.704659606253814,0.888730671014227,0.647914540475616,0.26926288006568
14.55,0.85,10.9244888700286,0.7052099040542,0.885279835862999,0.64261568967909,0.270772229921105
14.56,0.85,10.8512470891118,0.706194973473833,0.887299058029576,0.645275011696425,0.268125316920874
14.57,0.85,10.778220413945,0.709330664267906,0.885573696099141,0.643772348751709,0.272075536612526
14.58,0.85,10.7054070733768,0.710160668266839,0.888016300346897,0.64370638912827,0.270478676866934
14.59,0.85,10.6328055890856,0.709882090635609,0.887727513383455,0.642501279853751,0.269835347876736
14.6,0.85,10.560414671252,0.71025445390439,0.885199353679751,0.645022676150277,0.268591661100989
14.61,0.85,10.4882331971027,0.713117273264237,0.885059088627993,0.645967629416218,0.26835474528062
14.62,0.85,10.4162602068329,0.709649823702829,0.882104712981749,0.644859272379909,0.27001506859287
14.63,0.85,10.3444949010664,0.716789000301793,0.88541543786506,0.643500530844376,0.270395664045078
14.64,0.85,10.2729366382813,0.715777249858479,0.884805518220003,0.645485229041165,0.26940100571544
14.65,0.85,10.2015849321517,0.716322577210547,0.882981284249803,0.64135569930195,0.268955348163937
14.66,0.85,10.1304394488206,0.722980268926777,0.883899152843093,0.644199194582501,0.269277721342333
14.67,0.85,10.0595000041069,0.721038977547292,0.882647617574749,0.644320098524645,0.268653706800807
14.68,0.85,9.98876656064859,0.72289160095171,0.883630569679587,0.645391743890477,0.272407016860304
14.69,0.85,9.91823922498399,0.723828481097253,0.883828459950083,0.645062029337146,0.271156750537863
14.7,0.85,9.84791824457297,0.72417158028562,0.88349046882222,0.643684122216988,0.271191820612118
14.71,0.85,9.77780400476016,0.72480888191587,0.883617504566526,0.64235991257774,0.271047118797735
14.72,0.85,9.70789702568196,0.729286577288281,0.883254888613303,0.643004714964941,0.268506960478642
14.73,0.85,9.63819795911981,0.726009971038596,0.883685229464501,0.642128955925416,0.271957024684323
14.74,0.85,9.5687075853016,0.728656471869129,0.882121986304098,0.645409748069888,0.269111185788795
14.75,0.85,9.49942680965364,0.732878043681565,0.88140654492564,0.644782488491549,0.271718269688573
14.76,0.85,9.43035665950544,0.73262411161158,0.88066199482543,0.642757508823427,0.270908614424425
14.77,0.85,9.36149828074964,0.733112332655435,0.885036584140024,0.641456227519946,0.270531462631991
14.78,0.85,9.29285293445952,0.736199885613501,0.881686597768064,0.642208386439983,0.268824235694175
14.79,0.85,9.22442199346676,0.739299724824189,0.880980967501848,0.642718845372305,0.271017710131836
14.8,0.85,9.1562069389015,0.739708943360259,0.880471483675129,0.643286642447384,0.271025590185115
14.81,0.85,9.08820935669789,0.738481461149113,0.878234586478443,0.64415712231719,0.272171263203795
14.82,0.85,9.02043093406729,0.741695756882279,0.879293975972744,0.643360596383293,0.270479907167577
14.83,0.85,8.95287345594191,0.743523308589314,0.879446700076148,0.642647708898463,0.272259418680472
14.84,0.85,8.88553880139182,0.743958035639172,0.880679108646091,0.642170945542699,0.270399190922902
14.85,0.85,8.81842894001759,0.74534548723974,0.877753575421526,0.643714734892167,0.270518980849787
14.86,0.85,8.75154592832187,0.746957544233832,0.878272322174826,0.644775270920082,0.270676493614479
14.87,0.85,8.68489190606227,0.748081358923725,0.87812053438623,0.644423770667633,0.270383221819226
14.88,0.85,8.61846909258864,0.749262999491015,0.879658269756901,0.644183929396023,0.268958345519066
14.89,0.85,8.5522797831674,0.751554650021646,0.878224077965483,0.643078980467183,0.271051546108854
14.9,0.85,8.48632634529598,0.752253407001582,0.879795011678947,0.642021280349789,0.270495207938217
14.91,0.85,8.42061121500995,0.754202074342001,0.879046710672535,0.643162783861199,0.269388471456782
14.92,0.85,8.35513689318604,0.753078581122905,0.877198541055829,0.642803519383218,0.271428866344452
14.93,0.85,8.28990594184373,0.756491751967823,0.876952132338312,0.644118375350634,0.269174486947425
14.94,0.85,8.22492098044835,0.755138555027947,0.876502747326049,0.641154839023894,0.271159269765674
14.95,0.85,8.16018468221851,0.759664317430212,0.877086033007776,0.640561558452166,0.27102250125914
14.96,0.85,8.09569977044087,0.763136667834027,0.876693623792246,0.646646184414296,0.269171322986808
14.97,0.85,8.03146901479498,0.761823900187305,0.875507023920079,0.644351460385275,0.269650300278366
14.98,0.85,7.96749522769108,0.762107205873416,0.874282126490882,0.642390526946471,0.269890463239069
14.99,0.85,7.90378126062377,0.764356389645791,0.878297396337857,0.64471703033379,0.268886046053144
15,0,7.84033000054416,0.766100622451849,0.874830775821607,0.644875848304654,0.271891292858924
15.01,0,7.77714436625353,0.769110195746425,0.877687932988241,0.64008677749873,0.270078860804633
15.02,0,7.71422730482103,0.769770232011662,0.874943265339972,0.645183395256808,0.270463488424173
15.03,0,7.65158178802828,0.771015821672965,0.871211641252097,0.642492347847166,0.27138605102928
15.04,0,7.58921080884348,0.77351714667518,0.874698388964267,0.645145686969261,0.271331241323673
15.05,0,7.52711737792768,0.772871766060208,0.872750384034729,0.644803571630003,0.270710656191007
15.06,0,7.4653045201758,0.775411478705089,0.872014390216725,0.644180201947821,0.272180890451815
15.07,0,7.40377527129497,0.779025304370194,0.871250278110853,0.644453491412844,0.271079552262265
15.08,0,7.34253267442271,0.776232502598412,0.872664702508182,0.643347043402639,0.269129695472975
15.09,0,7.28157977678721,0.779291801685705,0.871729262950392,0.643609056837053,0.27002213929618
15.1,0,7.2209196264124,0.782414764918411,0.872035836058089,0.643690092725535,0.270629361447719
15.11,0,7.16055526886982,0.785831007703611,0.869849605104241,0.642862453317448,0.271032004682077
15.12,0,7.10048974407975,0.785246814392406,0.874516520414491,0.643915099786833,0.26890497396684
15.13,0,7.04072608316374,0.788722545388268,0.873231652589074,0.643281694133707,0.268365241628051
15.14,0,6.98126730535059,0.78777909667986,0.868717949156496,0.643339160369105,0.270440386124982
15.15,0,6.92211641493792,0.790061209428012,0.869554706328646,0.642806077529389,0.27135466478243
15.16,0,6.86683975517012,0.792656064376921,0.870221301066876,0.643313772808697,0.268423246367518
15.17,0,6.83876138194561,0.791498148389559,0.867214894527729,0.64411372303188,0.268849591873242
15.18,0,6.8205093814096,0.79309454603306,0.871590396140397,0.64602278566605,0.270762670331919
15.19,0,6.80306383813183,0.789625084030872,0.870781624400206,0.645076016622287,0.270631288486888
15.2,0,6.78546109246508,0.791749420131543,0.870569038107829,0.645175436088222,0.27063095623879
15.21,0,6.76768543132138,0.794182731232916,0.869767741202924,0.644821305714241,0.268236449815741
15.22,0,6.74974956692593,0.793344631407119,0.869910669374416,0.643949348439774,0.27019553424592
15.23,0,6.73165915135432,0.79073787065778,0.867198599290518,0.646102489276296,0.268653493926352
15.24,0,6.71341868167195,0.793763971926106,0.869073540172396,0.644132488260956,0.271717128036151
15.25,0,6.6950326429038,0.795898295738664,0.868408768788331,0.64463018558691,0.270713196135357
15.26,0,6.67650558351969,0.793497007691637,0.866280153467321,0.644792302201985,0.26942415426824
15.27,0,6.65784210983291,0.795093866350916,0.866139437341867,0.645549996552473,0.269597507699818
15.28,0,6.63904688217695,0.796505642962784,0.866954151293531,0.645654283415033,0.26983830307517
15.29,0,6.6201246122094,0.800533821741685,0.869165947948155,0.644552872601398,0.267889429639584
15.3,0,6.60108006032688,0.795072671565266,0.867372012312255,0.643892358697597,0.270008742344328
15.31,0,6.58191803307182,0.800054289744579,0.8665349618241,0.644018835406526,0.267179381960658
15.32,0,6.56264338052961,0.798598422908789,0.866596383595871,0.646002313024517,0.269816328561807
15.33,0,6.54326099371924,0.796822507722746,0.866056130551829,0.646020624933169,0.269546631296017
15.34,0,6.52377580198049,0.797033366962212,0.865015789903039,0.645344568799267,0.268766410316537
15.35,0,6.50419277035977,0.798655810266574,0.864819158828416,0.645268994129243,0.267122739036497
15.36,0,6.48451689699728,0.802125206879053,0.865029491274275,0.646349939407795,0.270590128457848
15.37,0,6.46475321051786,0.800817928896978,0.861853018950988,0.644009881255567,0.269421055920748
15.38,0,6.44490676742786,0.799804301131106,0.864502332171715,0.645622233093664,0.269071851501901
15.39,0,6.42498264952048,0.802724334251365,0.865002784669856,0.646592686573736,0.26796990897113
15.4,0,6.40498596129181,0.802729737398585,0.864598931004002,0.645642814453729,0.269145944203039
15.41,0,6.38492182736996,0.803601442777533,0.861874895534866,0.644022890200651,0.26964256189284
15.42,0,6.36479538995932,0.800252033626976,0.863499117792353,0.645457232107131,0.270733374843399
15.43,0,6.34461180630237,0.801421936857102,0.862205719038003,0.645886955243574,0.267890812962264
15.44,0,6.32437624616109,0.80262854721231,0.861518070686851,0.648093298645052,0.268700640052185
15.45,0,6.30409388931999,0.805117618386038,0.864133360445132,0.646631762164147,0.269186867519229
15.46,0,6.28376992311286,0.804242362594189,0.862966574674365,0.646267805427047,0.269969371983157
15.47,0,6.26340953997531,0.803871381182304,0.861633840332557,0.648604974359607,0.269343217174412
15.48,0,6.24301793502487,0.805257452269328,0.860240906789771,0.646931602650504,0.270537956161101
15.49,0,6.22260030367056,0.805969107157223,0.862448948570591,0.647231166711365,0.270418356997548
15.5,0,6.20216183925391,0.805722346796531,0.862084708716289,0.647519215476495,0.270689339351886
15.51,0,6.18170773072283,0.807416484242963,0.861368702090804,0.647205468437158,0.267420284060066
15.52,0,6.16124316034038,0.807712819344726,0.860866221050993,0.647351219403323,0.27054136446409
15.53,0,6.14077330142979,0.80728886915084,0.8592658348221,0.646598809019665,0.268435708710648
15.54,0,6.12030331615735,0.80740704703,0.860111396935465,0.648238438632672,0.267818984664776
15.55,0,6.09983835335465,0.807640425134184,0.859969130469876,0.646630962675477,0.271431745676336
15.56,0,6.07938354638164,0.809445301335309,0.858956262309087,0.648134257895368,0.269072163904844
15.57,0,6.05894401103171,0.810734361328186,0.859539009220463,0.647281143690695,0.271133621851729
15.58,0,6.03852484348008,0.806700992623478,0.860018532572493,0.646840609835023,0.270245880503586
15.59,0,6.0181311182768,0.810036220965581,0.856819792052513,0.649488363288669,0.272448826137322
15.6,0,5.99776788638536,0.809610615679729,0.858714587992738,0.647350173651953,0.267610010225013
15.61,0,5.9774401732679,0.810553773633787,0.862799687199136,0.650252198652615,0.269273982043836
15.62,0,5.95715297701819,0.814026013157933,0.857999633209881,0.647317054091569,0.273103769974362
15.63,0,5.93691126654302,0.813989748914617,0.858654193190812,0.648742014608845,0.268789050382795
15.64,0,5.91671997979294,0.814277452683057,0.857758793546942,0.6499043772466,0.268984414276581
15.65,0,5.89658402204315,0.812862537615026,0.85567612114311,0.651161847370005,0.270629542207042
15.66,0,5.87650826422507,0.814012212175101,0.856043010399422,0.648225500969489,0.270177890968291
15.67,0,5.85649754130919,0.81704637529921,0.856066771318187,0.649603509483441,0.27141101812753
15.68,0,5.83655665073983,0.814643667098436,0.856464941741787,0.648122480636766,0.269255308075334
15.69,0,5.81669035092217,0.816055176247362,0.856900153850342,0.649444145144668,0.269555640169525
15.7,0,5.79690335976183,0.815271121893922,0.855074876954484,0.649457221829942,0.270821710375161
15.71,0,5.77720035325755,0.815203911911186,0.857235056177685,0.648976402589977,0.271748202941661
15.72,0,5.75758596414682,0.815434123219939,0.854972918796837,0.64855375753237,0.270451331982238
15.73,0,5.73806478060501,0.81989595975154,0.854694765957866,0.648419893076949,0.269800858705494
15.74,0,5.71864134499776,0.816910112320184,0.853903686917423,0.651675063666311,0.271522635665848
15.75,0,5.69932015268685,0.818200023800996,0.855478477751026,0.649323106425761,0.272742044412129
15.76,0,5.6801056508894,0.821084968440843,0.858463454316859,0.649429027119767,0.269506188373477
15.77,0,5.66100223759019,0.81750917046736,0.852495182436876,0.651382837824977,0.269371888132453
15.78,0,5.64201426050727,0.819044538960751,0.856133375161783,0.651024934631361,0.270073696819994
15.79,0,5.62314601611007,0.820514290297733,0.853536200192534,0.648667864130614,0.271040245218198
15.8,0,5.6044017486902,0.820603873223752,0.855774190285738,0.653167991455054,0.268727356749215
15.81,0,5.5857856494843,0.821788345565878,0.854864808545841,0.650932126421173,0.266705039211223
15.82,0,5.56730185584852,0.819848975321324,0.857057024402074,0.652733965991688,0.269844379766591
15.83,0,5.5489544504842,0.824107868173403,0.852176264404701,0.650568954594291,0.269363051952982
15.84,0,5.53074746071434,0.821730842286545,0.852548414351441,0.652414021000756,0.268292371327744
15.85,0,5.51268485780994,0.825267775717536,0.853596364713356,0.650811774843163,0.269355033081507
15.86,0,5.49477055636583,0.824705895121312,0.851154346007465,0.649523715608115,0.269557008811504
15.87,0,5.4770084137252,0.823286309667857,0.850045523938615,0.651792402117286,0.270778679168536
15.88,0,5.4594022294521,0.825329698421765,0.853576666616186,0.65385897512335,0.268526360924404
15.89,0,5.44195574485116,0.823386605966533,0.853159031932126,0.651483215681465,0.270350188638659
15.9,0,5.42467264253351,0.822762219922552,0.852144178525418,0.650718206905226,0.267186451012759
15.91,0,5.40755654602834,0.825637448194291,0.853151862442067,0.654103191297944,0.270744785383089
15.92,0,5.39061101943886,0.826255936042682,0.85038607021417,0.651781994031788,0.27072251869777
15.93,0,5.37383956714195,0.825451278909111,0.84987341649208,0.651139301334225,0.26943592050543
15.94,0,5.35724563353036,0.829514975693316,0.851100277166291,0.653178173865548,0.269034983852071
15.95,0,5.34083260279655,0.82567983220376,0.849989023214635,0.653504135498049,0.270753219030344
15.96,0,5.32460379875694,0.828234851617174,0.849139589911403,0.655430139055867,0.269046582878536
15.97,0,5.30856248471576,0.829339456851413,0.84981716132905,0.652855802513498,0.272228420151025
15.98,0,5.29271186336709,0.828078433485497,0.849402105874146,0.652731652836035,0.268873578960812
15.99,0,5.27705507673418,0.830220413542187,0.848584362194087,0.652888081524998,0.272678485868683
16,0,5.26159520614479,0.829306629284698,0.849212276007738,0.655657821025269,0.268723510188815
16.01,0,5.24633527224137,0.830476858423464,0.848138125654274,0.6555760235652,0.270948480801877
16.02,0,5.23127823502488,0.831269863028025,0.847429534343846,0.656169185512845,0.267337216573142
16.03,0,5.21642699393111,0.830104199892885,0.850893237149608,0.652400036334511,0.26987642109554
16.04,0,5.20178438793814,0.833792148880669,0.850887897401244,0.655213665064974,0.271553542424474
16.05,0,5.1873531957038,0.832074360198415,0.848795515066146,0.654734612210502,0.270536659843578
16.06,0,5.17313613573183,0.832682169993666,0.848783177777146,0.653509306336903,0.272079769447129
16.07,0,5.15913586656548,0.832190784646548,0.848801428056667,0.653378697904087,0.270159296211478
16.08,0,5.14535498700727,0.831707700745237,0.849314725714011,0.654633123682604,0.270413432282332
16.09,0,5.1317960363637,0.833222854439615,0.84739555300047,0.653269429663968,0.269930740365174
16.1,0,5.11846149471349,0.832708151894448,0.847367084488063,0.654222917447825,0.269673701255474
16.11,0,5.10535378319819,0.837442573597307,0.845924757101806,0.655860039176222,0.269671845327865
16.12,0,5.09247526433385,0.83190961182512,0.847887541059254,0.655084734864632,0.267439304275259
16.13,0,5.07982824234249,0.834557067548278,0.849028443551096,0.656962484124251,0.269296040378762
16.14,0,5.06741496350194,0.835233075074273,0.844747336181011,0.654541360505743,0.272256304823643
16.15,0,5.05523761651304,0.834672674444917,0.847678801129571,0.652667376747014,0.26970050317009
16.16,0,5.04329833288271,0.836974848480586,0.847933406943896,0.65566064168497,0.270212138036032
16.17,0,5.03159918732179,0.835682513669328,0.846237325038907,0.652635460232622,0.268603363321788
16.18,0,5.02014219815622,0.83356050772883,0.845106277983539,0.654702795572932,0.268860134611993
16.19,0,5.00892932775059,0.834600565990632,0.843560125518167,0.655797830989252,0.271682316342959
16.2,0,4.99796248294252,0.83765921201868,0.845047911891009,0.656184936223828,0.268807197690698
16.21,0,4.98724351548699,0.838233682771533,0.844645953880796,0.655273914796014,0.267517637637214
16.22,0,4.97677422250915,0.835584304969513,0.844734783724214,0.655513178783877,0.268831207313603
16.23,0,4.96655634696458,0.836497187390375,0.844225119897316,0.65357568785158,0.270083742974077
16.24,0,4.9565915781059,0.835872772499469,0.843000966071123,0.65576035233737,0.270769821054157
16.25,0,4.94688155195431,0.839049389419112,0.845801740506239,0.65617199801521,0.271238195399631
16.26,0,4.93742785177539,0.839187600471295,0.845520095839554,0.656722838216105,0.272040807207156
16.27,0,4.92823200855759,0.838088890214964,0.842134169751984,0.658978653976963,0.271252526637413
16.28,0,4.91929550149269,0.838913232361667,0.84522435562613,0.655814846056601,0.270489466900711
16.29,0,4.91061975845705,0.838276569036844,0.843888522594964,0.656787836297914,0.268819190923919
16.3,0,4.90220615649254,0.840885908232906,0.844296680109353,0.65646959126103,0.271799337372266
16.31,0,4.89405602228632,0.841756731157898,0.84431838980351,0.657164792811858,0.268628299947178
16.32,0,4.8861706326484,0.839698971648243,0.840704904931522,0.656236497319052,0.269375054783427
16.33,0,4.87855121498603,0.839100950466811,0.841394882831765,0.66011673792034,0.27071515271294
16.34,0,4.87119894777402,0.837825123462921,0.840342244176459,0.655653122518042,0.270241716373631
16.35,0,4.8641149610202,0.838593230669521,0.841671202985142,0.65863401228427,0.270908265800991
16.36,0,4.85730033672492,0.841725660017717,0.842812889178811,0.656868224245591,0.267979352235183
16.37,0,4.85075610933404,0.840124808156298,0.843301188441396,0.654721099982098,0.269653011148777
16.38,0,4.84448326618445,0.839662100007655,0.840335410696711,0.658839267574851,0.268594097631059
16.39,0,4.83848274794137,0.841246841984854,0.842265924299212,0.658175997012497,0.267824387980379
16.4,0,4.83275544902675,0.839585554399697,0.84215851321152,0.656197485175085,0.271409492606221
16.41,0,4.82730221803807,0.840058751595382,0.840052831997609,0.657864623643635,0.269185266419527
16.42,0,4.82212385815677,0.840256152500255,0.841977560824211,0.656966711117729,0.270202372952294
16.43,0,4.81722112754585,0.839956867170269,0.841832154309475,0.655951381980682,0.27063885193448
16.44,0,4.81259473973588,0.840410396857193,0.838853678325597,0.655330096493014,0.269583240319562
16.45,0,4.80824536399894,0.84141217344727,0.841352533078395,0.656371459122751,0.271920726016891
16.46,0,4.80417362571005,0.841017852023088,0.84232488774574,0.654372658574552,0.268716279004003
16.47,0,4.80038010669527,0.841539204434283,0.839154400947356,0.656525370024985,0.27036467964006
16.48,0,4.79686534556648,0.842032252403378,0.838799993083688,0.655918360098751,0.269780882745311
16.49,0,4.79362983804206,0.840249094127702,0.840001087159406,0.655129723125189,0.267307608914846
16.5,0,4.79067403725317,0.843741547806666,0.836303171797493,0.65532296964612,0.267743868291381
16.51,0,4.78799835403542,0.839776552579989,0.840500362867378,0.656828922016477,0.271004322532892
16.52,0,4.78560315720541,0.841430942229722,0.838852018452699,0.657632731606753,0.271738655308041
16.53,0,4.78348877382204,0.840710146930815,0.83925594179103,0.65690503517633,0.273286215964461
16.54,0,4.78158039189858,0.843122639677943,0.837046450920055,0.657197943665617,0.272584601458986
16.55,0,4.77972988711506,0.840626586341648,0.837964779752198,0.653645707900686,0.269946923019662
16.56,0,4.7779340249976,0.839495039680918,0.838055639818603,0.656685115572439,0.271663558065807
16.57,0,4.77619285644202,0.840776273559665,0.841177522321835,0.65948902677204,0.272442329299351
16.58,0,4.77450641519285,0.843753081361965,0.837791452233327,0.65793689608013,0.268640976258862
16.59,0,4.77287471784712,0.8441250767557,0.837818760333531,0.655304380560294,0.26780549671566
16.6,0,4.77129776386707,0.840093846947619,0.837435099454575,0.656245498513876,0.268669653459415
16.61,0,4.76977553560155,0.840767482706635,0.836755475433996,0.656240770863726,0.269945333457618
16.62,0,4.76830799831638,0.839529853374679,0.839706644852197,0.654465873146137,0.269208179810431
16.63,0,4.76689510023333,0.84049438898818,0.83847233671008,0.654198997368946,0.269838367388599
16.64,0,4.76553677257806,0.842545676244578,0.839056566307302,0.657835305961693,0.267597253140286
16.65,0,4.76423292963667,0.842986507845875,0.836538614220746,0.656425464288468,0.270036702670209
16.66,0,4.76298346882101,0.841891017731182,0.835786502719005,0.654516299373521,0.271918751022567
16.67,0,4.76178827074269,0.842896721820763,0.835767904218119,0.656952641158746,0.27004691718115
16.68,0,4.76064719929568,0.842808743234062,0.837682815852974,0.655300377030305,0.268245651725656
16.69,0,4.75956010174751,0.839582538326474,0.834882178834985,0.654884587421575,0.269191130633426
16.7,0,4.7585268088389,0.841917160986992,0.834039095339199,0.655802331177748,0.2680613147128
16.71,0,4.75754713489195,0.840170763301722,0.834286268571981,0.653303735595118,0.272206647413676
16.72,0,4.75662087792656,0.841188489704031,0.838080156403202,0.656040264483101,0.270134327441022
16.73,0,4.75574781978519,0.843517146455405,0.834544720058443,0.65462075224896,0.269268179350926
16.74,0,4.75492772626581,0.843255993534678,0.837140893785256,0.657561337352209,0.268492227777467
16.75,0,4.75416034726292,0.842516890944015,0.835185401645125,0.657338096751321,0.268747742706217
16.76,0,4.75344541691654,0.84120350078228,0.834905970522651,0.65581632860817,0.270211648224935
16.77,0,4.75278265376908,0.841236781514351,0.833460837161803,0.656463682824498,0.267602313779359
16.78,0,4.76267674194821,0.842055322492012,0.833494955590471,0.654199025554065,0.269413627141644
16.79,0,4.77436939560777,0.839047836212491,0.832813463166757,0.655085259126582,0.270330987612493
16.8,0,4.78073686427495,0.840143009725071,0.837074708586189,0.65901129152029,0.269169121685541
16.81,0,4.78647410152291,0.840105849607913,0.834665084028027,0.656302232486543,0.269229591601636
16.82,0,4.79240293946398,0.84319380798557,0.834904385186328,0.656015536289275,0.268875314340224
16.83,0,4.79859896424161,0.838756713652113,0.835182820665654,0.656668067300382,0.272010735243663
16.84,0,4.80506371795193,0.840950760856407,0.836308770147248,0.654406751616661,0.267426208830649
16.85,0,4.81179572198466,0.838586041606302,0.837338585935563,0.654485982736728,0.270175328212433
16.86,0,4.81879386765812,0.838551927736632,0.835909364331674,0.651444978690539,0.271175492970062
16.87,0,4.82605710796713,0.838007898877803,0.833107998194975,0.654476990437216,0.270505956496028
16.88,0,4.83358436636667,0.836904789446777,0.834734536548736,0.654120533337646,0.268365005379246
16.89,0,4.84137452551864,0.837174513984112,0.835384778190744,0.655755486242277,0.272128678971907
16.9,0,4.84942642641678,0.835926967021258,0.835814015141182,0.655266496115314,0.271066970704855
16.91,0,4.85773886823368,0.837440218628489,0.83430550976147,0.657906706167018,0.271098680853183
16.92,0,4.86631060816074,0.838021515557038,0.832582080411067,0.655978284491855,0.270585040701139
16.93,0,4.87514036123963,0.834889399517447,0.832033878847817,0.655868646893342,0.270800822936803
16.94,0,4.88422680019492,0.835000515223603,0.831608549382243,0.654231909051057,0.27204653673172
16.95,0,4.89356855527025,0.835150824515092,0.834036723945956,0.655864203311812,0.270112967285135
16.96,0,4.90316421406903,0.835346421385294,0.833080607682059,0.656469987974417,0.269333542225307
16.97,0,4.913012321401,0.834390619047357,0.833479959812339,0.6550189811525,0.269733349893178
16.98,0,4.92311137913529,0.832883679593657,0.836114917732289,0.654625941241637,0.269377196318031
16.99,0,4.93345984606143,0.835163487431806,0.83290633298276,0.655383946536728,0.271465108147303
17,0,4.94405613775902,0.834499126846414,0.831511391041554,0.653355113979428,0.269178626338671
17.01,0,4.95489862647741,0.832551568637777,0.831948248544951,0.653019879628069,0.27163111306797
17.02,0,4.96598564102619,0.836286189316264,0.830489049779248,0.655686676717426,0.270661400334912
17.03,0,4.97731546667787,0.832540800323898,0.83209875625776,0.654653545235219,0.269315715523171
17.04,0,4.98888634508353,0.83189053408639,0.830558374410936,0.653976659044171,0.269860309519675
17.05,0,5.00069647420278,0.831021737500139,0.834078018388117,0.653879004883915,0.269703685605125
17.06,0,5.01274400824893,0.829602116368977,0.834358909085197,0.653114085142516,0.268451715617884
17.07,0,5.02502705765058,0.830944228313868,0.835418186696921,0.650629691483194,0.274136573651199
17.08,0,5.03754368903066,0.829079599313727,0.833197650985638,0.653374629373975,0.268118419951922
17.09,0,5.05029192520397,0.829001794695941,0.831100921356374,0.652864491807547,0.267978247120728
17.1,0,5.06326974519445,0.82846078965538,0.833759413949305,0.650702399017644,0.268194755550338
17.11,0,5.07647508427303,0.831418516370854,0.831851351097325,0.651701973267352,0.270837662566245
17.12,0,5.08990583401724,0.828587220373464,0.831570170584822,0.652272231980516,0.270116054879113
17.13,0,5.10355984239377,0.8276447830659,0.832500999697432,0.650638948627874,0.268310890443748
17.14,0,5.11743491386471,0.825929476514895,0.832496512997152,0.650204729600925,0.271339055558859
17.15,0,5.13152880951876,0.82642333553672,0.833641154562736,0.653086438234843,0.271881150280931
17.16,0,5.14583924722834,0.825925975120079,0.830344454900045,0.65102084435282,0.269662039361628
17.17,0,5.16036390183356,0.822657580532581,0.834185786394853,0.651570580189012,0.271496395566429
17.18,0,5.17510040535412,0.823298232062741,0.833048058153951,0.649467497616003,0.271386534435527
17.19,0,5.19004634723001,0.823033401530548,0.831513433765867,0.652795906944458,0.270005081919684
17.2,0,5.20519927459197,0.824721060017781,0.83315654363762,0.651259667439763,0.267421942685197
17.21,0,5.22055669256272,0.824709655450161,0.832364668385881,0.650138417535685,0.26891801435276
17.22,0,5.2361160645897,0.822043979407407,0.832280885708852,0.651504598541546,0.271171715772557
17.23,0,5.25187481281031,0.822479223253052,0.83310919355346,0.651829322940979,0.269698301164793
17.24,0,5.26783031845041,0.824037415932593,0.831072629074881,0.649915122138465,0.271741244018564
17.25,0,5.28397992225693,0.820812942372751,0.831677227882963,0.649519143818383,0.268851542116421
17.26,0,5.30032092496533,0.821431049010421,0.832843866587413,0.64973148229125,0.269004614240945
17.27,0,5.31685058780273,0.822391179487778,0.830864922444815,0.649077277540497,0.270098978771648
17.28,0,5.33356613302724,0.82077715171424,0.832089515114177,0.648745405995384,0.272288206516783
17.29,0,5.3504647445044,0.820566891418748,0.831235076916838,0.650362443984019,0.269548633002316
17.3,0,5.3675435683212,0.820511224339782,0.831030707629569,0.65076501892141,0.269512187085303
17.31,0,5.38479971343823,0.817867292507853,0.830192789156295,0.649933931741819,0.270227734256166
17.32,0,5.40223025238073,0.817788368357925,0.831220264469943,0.650812214711381,0.270642546029062
17.33,0,5.41983222196877,0.817821081793777,0.831023945039235,0.650585350487967,0.27132733847687
17.34,0,5.43760262408728,0.816017704484727,0.830985703846994,0.649557392219415,0.269026059419699
17.35,0,5.45553842649612,0.818483683933403,0.830780780958224,0.650815175677345,0.269890821842758
17.36,0,5.47363656368078,0.814237260449006,0.828563303001047,0.647879351046328,0.269675989069147
17.37,0,5.4918939377438,0.814804396335763,0.831618010437262,0.648045552813682,0.271561268674394
17.38,0,5.51030741933742,0.816027020123011,0.831374159410872,0.649786008314892,0.268753906998575
17.39,0,5.52887384863748,0.813145469655018,0.830895683380304,0.647437640129869,0.270783247305963
17.4,0,5.5475900363589,0.817101254709629,0.831449120767173,0.649641315635538,0.272158672936721
17.41,0,5.56645276481266,0.811220446821452,0.831730260646624,0.647561791523376,0.267553516174433
17.42,0,5.58545878900466,0.812926239959139,0.829114367124888,0.646777668303727,0.272299426759892
17.43,0,5.60460483777606,0.809282345011319,0.830702366781595,0.646464193984387,0.266693431905303
17.44,0,5.62388761498543,0.811220222297764,0.83153425339622,0.646459862862098,0.271671700787198
17.45,0,5.64330380073236,0.811825265717591,0.830411440662833,0.644212366643444,0.270323592506522
17.46,0,5.66285005262249,0.809201496142323,0.833784373402879,0.64875049396672,0.270301509208507
17.47,0,5.68252300707367,0.807728621533519,0.829089832771965,0.644431766777541,0.269149030856361
17.48,0,5.70231928066301,0.808112272409199,0.832247364885535,0.644943183266681,0.266009017238997
17.49,0,5.72223547151453,0.807549241930595,0.832634277110412,0.645794475141673,0.270016603114235
17.5,0,5.74226816072687,0.805573373349,0.831567030436085,0.648841941868734,0.27025990031317
17.51,0,5.76241391384078,0.806561663104045,0.829482771659328,0.647001679437603,0.272329986068846
17.52,0,5.78266928234579,0.80625167364437,0.833780223475735,0.648007188093376,0.269041115255891
17.53,0,5.8030308052254,0.803641202202686,0.831989659025548,0.646928303731873,0.268603260633273
17.54,0,5.82349501054036,0.803260911404061,0.830570593766488,0.647430136198342,0.26998706486953
17.55,0,5.84405841704922,0.806516250016322,0.831933289584268,0.643845183429144,0.270503674971426
17.56,0,5.86471753586527,0.802770508190969,0.831956268825564,0.646221019932203,0.270612959409508
17.57,0,5.88546887214945,0.8015466224117,0.831844750449849,0.6479480648491,0.27059060308755
17.58,0,5.90630892683788,0.80103769603995,0.829450332494499,0.645718482201248,0.270153994265834
17.59,0,5.92723419840343,0.800958411376448,0.83007094575811,0.644162130437118,0.268696829910513
17.6,0,5.94824118465025,0.799212813115987,0.831052876128262,0.645649984463579,0.271165309919282
17.61,0,5.96932638454011,0.796853613174997,0.830236489660063,0.644032400802785,0.269905129203529
17.62,0,5.9904863000497,0.79907031588456,0.829875721085289,0.646032320327608,0.267749519022794
17.63,0,6.01171743805736,0.797571961884981,0.833408231806948,0.643036515668475,0.268410706437332
17.64,0,6.0330163122585,0.799914125146656,0.830465061282942,0.647607122572009,0.268615950681511
17.65,0,6.05437944510805,0.797347984558834,0.830379795250531,0.643286154420221,0.268301771331211
17.66,0,6.07580336978891,0.795200550511585,0.83231294060842,0.644738930316119,0.271256608187064
17.67,0,6.09728463220483,0.794875888754069,0.830787583851663,0.644481808590208,0.269573246239092
17.68,0,6.11881979299651,0.792360468193557,0.834057312165314,0.645102584788396,0.269684214289319
17.69,0,6.14040542957937,0.793378238189364,0.833538083879694,0.644067491050914,0.268751636687944
17.7,0,6.16203813820144,0.794292878867551,0.833509458739706,0.644972738654984,0.26997546005745
17.71,0,6.18371453601998,0.791661978974843,0.833029514153519,0.644943019951451,0.269622636104997
17.72,0,6.2054312631951,0.790624321454045,0.830686942855337,0.645504596266818,0.271001239804914
17.73,0,6.22718498499886,0.792475410013885,0.831068335117841,0.645053100029258,0.271882745858673
17.74,0,6.24897239393824,0.791728995769528,0.830722581310754,0.643828833186388,0.268773474317108
17.75,0,6.27079021189006,0.79219979962793,0.827788580915528,0.642371908101024,0.269934180597747
17.76,0,6.2926351922464,0.792087292504759,0.833570610938964,0.645923254431171,0.270464487434956
17.77,0,6.31450412206867,0.788621103312817,0.832302574010219,0.644122698871146,0.270633256486837
17.78,0,6.33639382424844,0.787673767967961,0.83000488113616,0.644458648467193,0.271564224163648
17.79,0,6.3583011596734,0.78660047866492,0.830723319439299,0.642752806594824,0.269126833969425
17.8,0,6.3802230293965,0.784053942653165,0.832744997651631,0.641462018756771,0.272805203081885
17.81,0,6.4021563768065,0.787458852843238,0.834482147711466,0.647427983878554,0.268311893857597
17.82,0,6.42409818979796,0.786645509140768,0.83077743363511,0.644548196186404,0.270545316079971
17.83,0,6.44604550293895,0.786181068779449,0.831388624950723,0.644605722112484,0.270960607582622
17.84,0,6.46799539963441,0.787584158049365,0.829237716600434,0.644288089247304,0.26888503295163
17.85,0,6.48994501428335,0.784028892778592,0.832638881117535,0.645085356253748,0.269085779704395
17.86,0,6.51189153442811,0.782483057411542,0.831647798662183,0.64267001445795,0.271553645089115
17.87,0,6.53383220289338,0.781453900367735,0.832930651612782,0.641502401265994,0.270180863376095
17.88,0,6.55576431991354,0.781898155853649,0.829620494802208,0.644705770765332,0.270129925810685
17.89,0,6.57768524524609,0.781416451647663,0.833033464080144,0.643824321070595,0.270290119356968
17.9,0,6.59959240026935,0.78050526645181,0.832518270886805,0.639877172113652,0.270421153485317
17.91,0,6.6214832700626,0.780112289088011,0.833745598238299,0.644646662126366,0.269943719871763
17.92,0,6.64335540546664,0.781211773872884,0.836108725009177,0.643050550484273,0.269854820185484
17.93,0,6.66520642512303,0.780190057490106,0.833512594484245,0.64274662552343,0.272067852871081
17.94,0,6.68703401749006,0.778964294033664,0.834931613200262,0.643923952818732,0.271701899236814
17.95,0,6.70883594283364,0.778753100861219,0.832789258239973,0.645612173035742,0.267926338905054
17.96,0,6.73061003519131,0.779793604588288,0.831224655135483,0.642913673139367,0.270807421545073
17.97,0,6.75235420430758,0.777087079635188,0.834436193132677,0.64400373685744,0.268503061833098
17.98,0,6.77406643753876,0.777703960437242,0.832458921930521,0.64354331307262,0.273753977579107
17.99,0,6.79574480172569,0.776867691556228,0.833059391730622,0.638934910165052,0.269608270920194
18,0,6.81738744503256,0.778076184845347,0.833475884362236,0.643472005016016,0.270857940679289
18.01,0,6.83899259875015,0.7762455757107,0.835217712440267,0.642860144105325,0.26945087725896
18.02,0,6.86055857906196,0.773944140281507,0.835858986016227,0.641145992313287,0.269439152655893
18.03,0,6.8820837887715,0.774407553593704,0.835342264630345,0.64188106152583,0.272637318628114
18.04,0,6.90356671898938,0.771365477842768,0.832521894757874,0.644284134465624,0.269547576771785
18.05,0,6.92500595077862,0.771622038083741,0.834716768108892,0.641530777421075,0.271490546383335
18.06,0,6.94640015675655,0.773644302709101,0.83543016172465,0.641303230171629,0.269802970524479
18.07,0,6.96774810265232,0.772985427919768,0.834565016623237,0.643495883970022,0.269050234666257
18.08,0,6.98904864881825,0.771307443286239,0.837080245055341,0.643818859656592,0.270205368858853
18.09,0,7.010300751694,0.770328932861146,0.835527159910661,0.643139447092786,0.272635374281112
18.1,0,7.03150346522219,0.769758409244535,0.834514749858274,0.642833250418854,0.269953185997175
18.11,0,7.05265594221437,0.766499817709967,0.833603153124837,0.64083806850402,0.269234423161393
18.12,0,7.0737574356662,0.7683864718617,0.835088620768102,0.644616905991053,0.27098301494057
18.13,0,7.09480730002074,0.76932304818104,0.837960638874325,0.642554581458547,0.268108374148709
18.14,0,7.11580499237898,0.767641002902214,0.83399492625041,0.641752784718066,0.271495784236635
18.15,0,7.1367500736565,0.768216837860849,0.835953135764114,0.642498837011535,0.270694082893079
18.16,0,7.15764220968554,0.766303603042439,0.832158243910208,0.645021579945153,0.270036041968062
18.17,0,7.1784811722617,0.763116444962085,0.831961317315125,0.643932454613852,0.271718742128619
18.18,0,7.19926684013441,0.762037148074383,0.835072108315966,0.643137211161838,0.271476329182482
18.19,0,7.21999919994057,0.764002269723331,0.836406551648492,0.644989714938372,0.268244739921632
18.2,0,7.24067834708089,0.763055694838171,0.836117331175478,0.644365317481299,0.270172504988728
18.21,0,7.26130448653815,0.765020254953433,0.835243198653054,0.642644319596557,0.270253218382125
18.22,0,7.28187793363726,0.764770467352015,0.836152501458069,0.644591477100601,0.268555132666349
18.23,0,7.3023991147464,0.763240298963473,0.839173937459171,0.642354679492966,0.271146457736151
18.24,0,7.32286856791919,0.760842748914902,0.835768167393142,0.646142198577823,0.272577088102046
18.25,0,7.34328694347749,0.761659055750943,0.833602707722382,0.643664245214496,0.26990199843406
18.26,0,7.3636550045348,0.761191895358909,0.835997163330208,0.64522713923297,0.269624518937055
18.27,0,7.38397362745997,0.760452718637039,0.835239170170285,0.644102659795389,0.26842574771472
18.28,0,7.40424380228141,0.758082845872733,0.836697502733673,0.643864609302938,0.267143992489205
18.29,0,7.42446663303169,0.757352140226591,0.834290665941914,0.646157977540883,0.27023219338939
18.3,0,7.44464333803274,0.756600180371215,0.835157350281756,0.642605664124925,0.270783196902579
18.31,0,7.46477525012168,0.76092487377293,0.839169022185863,0.64390254952118,0.268932475664175
18.32,0,7.48486381681773,0.75630644024645,0.834868187944166,0.644979519116914,0.266859957995087
18.33,0,7.50491060043034,0.760558868833338,0.835616154450392,0.646192022515813,0.271072918378419
18.34,0,7.52491727810899,0.758425341052433,0.838550076318232,0.646052514602672,0.267920608327433
18.35,0,7.54488564183514,0.759443667553361,0.836534146347162,0.644113007303247,0.270527515957022
18.36,0,7.56481759835678,0.756797269763941,0.837520149730115,0.644024943852876,0.270060344630229
18.37,0,7.58471516906611,0.755147223138176,0.835409294633745,0.643646901802942,0.26942911627693
18.38,0,7.60458048982108,0.753486128027997,0.836128608047324,0.64417868982342,0.268347675118136
18.39,0,7.62441581071139,0.754576656682951,0.839850394457965,0.644691330213131,0.269927800662929
18.4,0,7.64422349576974,0.753245579052796,0.840011532555311,0.645057627549688,0.268975798823809
18.41,0,7.66400602262911,0.752210663469199,0.838929476914476,0.646013532367203,0.26932310698787
18.42,0,7.6837659821269,0.752248138432618,0.839577770748312,0.645778016514693,0.271174129920382
18.43,0,7.70350607785682,0.753858903011883,0.83801773024255,0.643574873491399,0.270255585668835
18.44,0,7.72322912566957,0.752770321030913,0.839638773933033,0.645376953688454,0.266893814713247
18.45,0,7.74293805312312,0.752376627931556,0.838500278800074,0.642252989066255,0.270755286803408
18.46,0,7.76263589888385,0.747244132839192,0.838733799474116,0.646782214889231,0.269213477962451
18.47,0,7.78232581207945,0.748888469859619,0.837444148553723,0.645299508432381,0.268689321456681
18.48,0,7.80201105160475,0.749388403956912,0.840794006664545,0.643548497224562,0.271312223382694
18.49,0,7.82169498538173,0.746721537278999,0.84047201762959,0.644814712471268,0.270023527123284
18.5,0,7.84138108957473,0.750205290490704,0.839404453296018,0.648092845718201,0.270300926087048
18.51,0,7.86107294776219,0.748946146736572,0.83966754345886,0.644828603457962,0.271298783415632
18.52,0,7.8807742500661,0.74786277713724,0.837426719650479,0.644250296181643,0.270488860587365
18.53,0,7.90048879224062,0.747126099870469,0.842647579109137,0.6459995569295,0.268122341097695
18.54,0,7.92022047472079,0.745475513005108,0.838253950339821,0.645268467845548,0.270373766224666
18.55,0,7.93997330163308,0.750010666740556,0.841348185044769,0.646764888712322,0.269153569685246
18.56,0,7.95975137976887,0.748757432866191,0.842549969274674,0.647409134205308,0.269413730399194
18.57,0,7.97955891752216,0.745355608552974,0.840744078583226,0.645536238928833,0.270055382749347
18.58,0,7.99940022379309,0.74763880002063,0.843981914338801,0.646276911473142,0.269429753619558
18.59,0,8.01927970685852,0.744780744792768,0.838967351569317,0.646708252906183,0.268771697707619
18.6,0,8.03920187321091,0.741599636859453,0.841623121357724,0.643762858070349,0.271140061694614
18.61,0,8.05917132636727,0.745709069238687,0.842216397979476,0.650215916347253,0.26889711658431
18.62,0,8.07919276564914,0.743411451195365,0.840701682361169,0.649075532132724,0.264634144182822
18.63,0,8.09927098493522,0.744431973293355,0.84082865079533,0.647585908976989,0.269624798320618
18.64,0,8.11941087138806,0.746770740369546,0.838426288211354,0.648905421400348,0.271445326293693
18.65,0,8.13961740415606,0.741900384768967,0.843578507285008,0.647944674237797,0.269838643342715
18.66,0,8.15989565305212,0.740786127960942,0.841796951146812,0.647948424606296,0.272060534590625
18.67,0,8.18025077721057,0.74169987233221,0.843172899560296,0.645090503635597,0.270646519864591
18.68,0,8.2006880237233,0.742549511858451,0.841872315857126,0.647886383606185,0.268127348523544
18.69,0,8.22121272625676,0.737524106929194,0.842464496002337,0.647296087565298,0.270809025536673
18.7,0,8.24183030365105,0.738369395710281,0.8436448805516,0.647720617104808,0.271170801502446
18.71,0,8.26254625850214,0.739335972134631,0.844055829358911,0.649783840058046,0.270164213757808
18.72,0,8.2833661757289,0.739351239099931,0.844675558242237,0.648934088443279,0.269531374092863
18.73,0,8.30429572112584,0.739052483545411,0.84171419632784,0.649538644937677,0.2709915606217
18.74,0,8.32534063990287,0.737619383771264,0.843688607789598,0.646166886598049,0.271162868736118
18.75,0,8.34650675521322,0.735940677482366,0.845252009550175,0.64965377311173,0.268079345673696
18.76,0,8.36779996667076,0.737089023533426,0.843626585551613,0.648878495466107,0.268252360990766
18.77,0,8.38922624885768,0.738363554499114,0.846095975688851,0.647323038111329,0.27063188470575
18.78,0,8.41079164982376,0.737181512435739,0.845921211931218,0.649605297632323,0.271296220170436
18.79,0,8.43250228957804,0.736219224337488,0.845966052003683,0.651951091059244,0.270807740972595
18.8,0,8.45436435857403,0.734305791912557,0.844857715138085,0.648671547244289,0.271485403214046
18.81,0,8.4763841161895,0.736132679183169,0.8473541045303,0.648212555595585,0.270417870498441
18.82,0,8.49856788920146,0.734571534992643,0.846631690541011,0.648659206633863,0.270551987772425
18.83,0,8.5209220702574,0.736366809943538,0.846649189393766,0.648664299753648,0.271732700231386
18.84,0,8.54345311634364,0.731880886518707,0.84611238217722,0.651600593022796,0.268773537644461
18.85,0,8.5661675472513,0.733067403017285,0.846053536264828,0.650618429639018,0.270426539936832
18.86,0,8.58907194404085,0.731481518849802,0.848910286304309,0.6505069160934,0.269874401870084
18.87,0,8.61217294750591,0.734886643499353,0.847899640137121,0.651095943445162,0.272102097672838
18.88,0,8.63547725663652,0.732025778715359,0.847721331442526,0.651634896031267,0.272828790585442
18.89,0,8.65899162708308,0.729868516237542,0.845161176713767,0.65082411064644,0.270487683584754
18.9,0,8.68272286962083,0.729913548374475,0.846949128612367,0.651237282007198,0.267631721695362
18.91,0,8.7066778486157,0.731110901758513,0.848763128817191,0.652510386516993,0.270158681372107
18.92,0,8.7308634804919,0.727916257506878,0.847504368048657,0.649551570931087,0.271450548124245
18.93,0,8.75528673220134,0.728586032553406,0.848505786903703,0.651584189618382,0.270240582506965
18.94,0,8.77995461969548,0.728003542400584,0.846611019691538,0.651643074283547,0.270993373290004
18.95,0,8.80487420639961,0.728194824630424,0.850940919300368,0.6506901443341,0.27015904205524
18.96,0,8.83005260168986,0.728728266783916,0.846588610311053,0.651756155730343,0.269058803958755
18.97,0,8.85549695937295,0.728405455099053,0.84729805470638,0.652297244576347,0.269299473212928
18.98,0,8.88121447616881,0.723670970918883,0.850265473583054,0.652553650070845,0.271036110210769
18.99,0,8.90721239019613,0.72574068294153,0.848069507990523,0.651429785553723,0.268478920464804
19,0,8.93349797946053,0.723485473983802,0.84650761187454,0.652588551055177,0.267939688762137
19.01,0,8.9600785603456,0.724060720739942,0.852444150385175,0.649501989029547,0.26892143696615
19.02,0,8.98696148610633,0.722791305723836,0.84727608085788,0.653926214051402,0.272124613478412
19.03,0,9.01415414536491,0.724489878823394,0.850076106433073,0.651787408693825,0.269784138946417
19.04,0,9.04166396060843,0.720573367154616,0.85030396472203,0.652770579037179,0.268804919428803
19.05,0,9.06949838668843,0.721730725527663,0.851179169872643,0.654464166072626,0.269679952457475
19.06,0,9.09766490932154,0.720723997732947,0.847669206555902,0.650089619475306,0.269621719897016
19.07,0,9.12617104359105,0.721355462154259,0.849576930321926,0.651397281352739,0.271395919569302
19.08,0,9.15502433244898,0.721962330576228,0.853395683550303,0.651532292768223,0.268168934036707
19.09,0,9.18423234521763,0.719974940515293,0.8506230168429,0.652783429859082,0.270643769654325
19.1,0,9.2138026760907,0.717924737215045,0.853821859667251,0.650191994093731,0.269554341046637
19.11,0,9.24374294263267,0.717210919995149,0.85380638726202,0.653712489826009,0.269018349814217
19.12,0,9.27406078427628,0.717474444925102,0.853113305183946,0.654652876831105,0.269178232088474
19.13,0,9.30476386081706,0.715106674208338,0.851786185913856,0.657451150310708,0.269250730229282
19.14,0,9.33585985090412,0.716830962229868,0.850993746014253,0.652351768984801,0.270749335343311
19.15,0,9.36735645052659,0.714776520569783,0.851785491840744,0.654490011175922,0.271278994844575
19.16,0,9.39926137149465,0.716821269823894,0.852784986596598,0.654882411981118,0.268952194413967
19.17,0,9.43158233991425,0.713259734362739,0.853014256710578,0.65330271198702,0.269369521953879
19.18,0,9.46432709465467,0.715084507222571,0.852971318056857,0.654504428522251,0.268939013676388
19.19,0,9.49750338580785,0.714424567265768,0.85485471034291,0.652828798136538,0.272719315886222
19.2,0,9.53111897313841,0.713863788871,0.855800311177241,0.656789716236005,0.269007406324161
19.21,0,9.56518162452341,0.711854751918779,0.852788835022812,0.655064105598253,0.270119960814267
19.22,0,9.59969911438078,0.712968922996384,0.85363405954234,0.655018800243895,0.269117042222767
19.23,0,9.634679222085,0.712793631221785,0.855015191213811,0.654285117023088,0.269844841810816
19.24,0,9.67012973036934,0.709386733793285,0.856899452811651,0.6552955133812,0.269146903933734
19.25,0,9.70605842371306,0.708796812165423,0.853454479558707,0.652366017573392,0.270393041616536
19.26,0,9.74247308671261,0.7100094539952,0.857153549051673,0.655116046064924,0.268735320657862
19.27,0,9.77938150243551,0.710066589153832,0.853821307334102,0.656255466775368,0.271159470867367
19.28,0,9.81679145075569,0.707527809420568,0.854916677128386,0.655948790430875,0.272656764256252
19.29,0,9.85471070666894,0.708093069652715,0.856357096633875,0.655111799930209,0.270327420559321
19.3,0,9.89314703858732,0.705607063771715,0.857817576808612,0.654349970446225,0.272392985547593
19.31,0,9.9321082066112,0.707838526757579,0.857522123027697,0.656438968940761,0.269487100252789
19.32,0,9.97160196077748,0.704197076540709,0.853067092784928,0.659621839261573,0.272032397350379
19.33,0,10.0116360392829,0.703697927423455,0.855296797114476,0.657928045702392,0.266128659942138
19.34,0,10.0522181666809,0.704158135053056,0.856703513921419,0.655585475014573,0.270066572626254
19.35,0,10.093356052051,0.701845968152373,0.858601081723015,0.657908027203076,0.270117900507195
19.36,0,10.1350573871389,0.701911307026815,0.857599966444165,0.655992324602884,0.271584283694659
19.37,0,10.1773298444663,0.702844988011664,0.857457323359463,0.656401916759443,0.269557341542338
19.38,0,10.2201810754096,0.700645275475471,0.857312966830059,0.65481775757776,0.269387895301458
19.39,0,10.2635717072036,0.700402714723803,0.859261637565011,0.654199384015065,0.270600069788221
19.4,0,10.306768661874,0.697808423073737,0.85762656913685,0.655786707088355,0.272440639432677
19.41,0,10.3501232144168,0.697064221800656,0.860610222435436,0.657260094537103,0.267531741692644
19.42,0,10.3939961048914,0.697418008960994,0.859701330270277,0.657775993347436,0.271109184011109
19.43,0,10.4384556783996,0.697002369587536,0.858016974525231,0.657583926160498,0.271061498094804
19.44,0,10.4835155483367,0.696308811535477,0.861288231245462,0.657763972460118,0.271497101020797
19.45,0,10.5291831440202,0.696432766739163,0.860139795434863,0.656862495570678,0.268725193750409
19.46,0,10.5754654350182,0.694440298382605,0.860036435587414,0.654930335908571,0.268680094382495
19.47,0,10.6223693486652,0.693574991246782,0.860488582838216,0.657878737570855,0.269603327650939
19.48,0,10.6699017715177,0.691933988114324,0.861525952181092,0.653992174950879,0.270992820951727
19.49,0,10.7180695424814,0.691539599237491,0.860512952157797,0.65632177332829,0.269145519714903
19.5,0,10.7668794496093,0.691532956494079,0.863037594735113,0.657658952434884,0.270463933754203
19.51,0,10.8163382276289,0.690505535841515,0.863163500583707,0.659501989031444,0.271147581413998
19.52,0,10.8664525555173,0.690201266187143,0.860916811628214,0.657198824671891,0.271239983663385
19.53,0,10.9172290540408,0.687105268800396,0.86299092814695,0.657891309861554,0.27152309509388
19.54,0,10.9686742832493,0.687697686657398,0.861484669401591,0.658241013369728,0.269947224079973
19.55,0,11.0207947399263,0.686401762137625,0.862456633251514,0.658041974077752,0.269945858120318
19.56,0,11.0735968549924,0.685512726538957,0.864250152704485,0.658450599475837,0.268974540418835
19.57,0,11.1270869908638,0.687395955303077,0.864052608366553,0.65651528547934,0.26934017922947
19.58,0,11.1812714387628,0.687328603146833,0.861941822626164,0.657184907132385,0.272051187872432
19.59,0,11.2361564159825,0.682132183154933,0.862660592141032,0.656771142351507,0.269503599281995
19.6,0,11.2917480631028,0.680520180108938,0.863327093385611,0.657178512379344,0.268881887485965
19.61,0,11.34805244116,0.680962936172928,0.861976642178155,0.65450110463593,0.269537238894901
19.62,0,11.4050755287671,0.680164491904428,0.86533269620956,0.655800828133556,0.27149125090392
19.63,0,11.462823219187,0.681161338623435,0.863486751347779,0.656497687807705,0.269705941970658
19.64,0,11.5213013173569,0.67882994979126,0.864599167969625,0.658049466353857,0.268855876538552
19.65,0,11.5805155368649,0.679748644216853,0.86611076256444,0.655217573363496,0.270671501759201
19.66,0,11.6404714968781,0.67923073849191,0.866537045579023,0.657139095866016,0.270305366184037
19.67,0,11.7011747190237,0.676861826944139,0.865576124823551,0.656628438316976,0.269800074486765
19.68,0,11.762630624221,0.676295618627383,0.865101562513394,0.659802624319086,0.271304078333941
19.69,0,11.8248445294676,0.675448811725279,0.864850447852569,0.658329746693652,0.269455388809862
19.7,0,11.8878216445778,0.674334515709832,0.868513280544236,0.657328557998923,0.268203704537707
19.71,0,11.9515670688749,0.672850148773856,0.86690884371637,0.657089934303886,0.267987554296049
19.72,0,12.016085787838,0.671753908478564,0.867492568588614,0.656127883981354,0.267448819193487
19.73,0,12.0813826697037,0.672112222859364,0.869050576124743,0.655557047851535,0.270546505611862
19.74,0,12.1474624620239,0.67025517215541,0.868307975630278,0.659399455314389,0.269952762148708
19.75,0,12.2143297881798,0.670038235060628,0.868202743187688,0.658427887336092,0.269992721253152
19.76,0,12.2819891438546,0.668947173911845,0.867917667599331,0.656919966984909,0.268901503282849
19.77,0,12.3504448934646,0.666759947478534,0.869279928291196,0.656309910266007,0.269069639156272
19.78,0,12.4197012665506,0.668516199163746,0.867801040166124,0.657079179850214,0.268076168862756
19.79,0,12.4897623541312,0.663675933981002,0.867897274208593,0.657293565891074,0.269362701329866
19.8,0,12.5606321050187,0.666205291038491,0.86635529512941,0.655057977894615,0.269453266120234
19.81,0,12.6323143221001,0.66258744348024,0.869087328999622,0.657572757462579,0.271562845338964
19.82,0,12.7048126585842,0.662773804260757,0.868855813459224,0.656435682020179,0.271086712022328
19.83,0,12.7781306142169,0.662625609786872,0.872728392772926,0.655626404827321,0.269287767569092
19.84,0,12.8522715314666,0.660939632344238,0.870498734204631,0.655688953243067,0.271617511478187
19.85,0,12.9272385916814,0.657722403602809,0.871171696737186,0.656239604528904,0.271688594025025
19.86,0,13.0030348112212,0.657743617957236,0.871630899857491,0.655832794970506,0.271296557751037
19.87,0,13.0796630375658,0.658578225651865,0.869993439559161,0.653927624830514,0.26887872576956
19.88,0,13.1571259454021,0.65751319366968,0.870377006027244,0.656711772720966,0.270642234387774
19.89,0,13.2354260326928,0.657345062494678,0.872756941752676,0.65705481721904,0.268846318151569
19.9,0,13.3145656167291,0.656258305566258,0.875050229395907,0.654978999211992,0.270711515104529
19.91,0,13.3945468301702,0.65515309681901,0.87254647167037,0.657840504628924,0.270291024509847
19.92,0,13.4753716170724,0.651146317266531,0.872784581391379,0.656610966013708,0.269003059224356
19.93,0,13.5570417289112,0.652313566030164,0.871029485309784,0.655045599349533,0.268443293484865
19.94,0,13.6395587205989,0.649056318203019,0.870400247690596,0.6544852112294,0.272514506546896
19.95,0,13.7229239465009,0.65107282654082,0.87158148609228,0.656514309228684,0.272720366898274
19.96,0,13.807138556455,0.648089948683723,0.873815024315874,0.654623475672527,0.268878013403103
19.97,0,13.8922034917957,0.646258496126397,0.872493254601945,0.654626197526976,0.269094908690719
19.98,0,13.9781194813884,0.643978321193295,0.874325732228869,0.656361085092084,0.27066968524387
19.99,0,14.0648870376761,0.645506027555785,0.874841323510502,0.656258454409841,0.270250030760879
20,0.85,14.1525064527433,0.643668867083611,0.875773947384781,0.657058611977509,0.268988086729681
20.01,0.85,14.2409777944001,0.642069285257975,0.871736497960054,0.655744649291225,0.270934478428943
20.02,0.85,14.3303009022911,0.640073877002696,0.872748294696304,0.652175898281521,0.266735295587492
20.03,0.85,14.4204753840332,0.640390508728219,0.875068715511767,0.654967008157735,0.269177835448223
20.04,0.85,14.5115006113856,0.639924037016009,0.875605162012565,0.655590030745002,0.26942178410246
20.05,0.85,14.6033757164582,0.637581106246468,0.876160105924162,0.653267171055196,0.270382163205962
20.06,0.85,14.6960995879604,0.638264163121943,0.878193390263112,0.653897786005516,0.270700804391476
20.07,0.85,14.7896708674964,0.636672626176227,0.876475492126903,0.654561942072445,0.270900019526638
20.08,0.85,14.884087945911,0.634516910462767,0.874431637264399,0.654882195378856,0.269482419025627
20.09,0.85,14.979348959691,0.635227449419486,0.879305323712367,0.654959272091636,0.269268489554244
20.1,0.85,15.0754517874259,0.633245547217803,0.880552643013571,0.652904184149607,0.270769051185712
20.11,0.85,15.172394046334,0.636251071965828,0.879749578927379,0.652478110249402,0.269429887064493
20.12,0.85,15.2701730888574,0.632797535346692,0.877987663938876,0.653106222552336,0.2688309571344
20.13,0.85,15.3687859993321,0.631420919517185,0.879255004798509,0.655807725239229,0.269181601430944
20.14,0.85,15.4682295907376,0.627600417826388,0.875905175238074,0.654101131728232,0.268855141402631
20.15,0.85,15.5685004015305,0.626208507491413,0.876350717481403,0.650569309314158,0.266781890013341
20.16,0.85,15.6695946925684,0.626625485045763,0.879049864354608,0.652635271648963,0.268429499800153
20.17,0.85,15.7715084441283,0.627043437202289,0.880025934473611,0.654886728541152,0.269533431210015
20.18,0.85,15.8742373530246,0.621658533561586,0.879711086167303,0.655291597118244,0.270132038202213
20.19,0.85,15.9777768298329,0.622083038584917,0.88145470752186,0.654930806164955,0.26898783380715
20.2,0.85,16.0821219962241,0.623172080306775,0.881291174726607,0.65320839069388,0.266580049228617
20.21,0.85,16.1872676824133,0.621452749414375,0.878620860692024,0.651410244166531,0.268094261131395
20.22,0.85,16.2932084247306,0.61908461899773,0.879601049804494,0.654162825535093,0.270760295473688
20.23,0.85,16.3999384633174,0.614697312220985,0.88147647961628,0.654960966983343,0.270099202865208
20.24,0.85,16.5074517399546,0.617703655322684,0.882422164090215,0.653922198527662,0.26982876430329
20.25,0.85,16.6157418960268,0.617442123699218,0.883587210537777,0.649666493400146,0.272329157992155
20.26,0.85,16.7248022706287,0.614823405075444,0.883300281442186,0.653968240400689,0.270862493214152
20.27,0.85,16.8346258988191,0.614793007346239,0.884343602349416,0.651414838030723,0.272122174179618
20.28,0.85,16.945205510026,0.61482651159101,0.883486750883934,0.650518562486516,0.267005024464584
20.29,0.85,17.0565335266101,0.613324946539094,0.884502257882555,0.651705180753816,0.271035274106847
20.3,0.85,17.1686020625903,0.609989254935941,0.885071648591553,0.650275624334399,0.267729518429179
20.31,0.85,17.2814029225367,0.60746311912843,0.882885629068558,0.65204750473679,0.26959236108514
20.32,0.85,17.3949276006358,0.60822291231948,0.883371063363968,0.652934500021107,0.269848155756096
20.33,0.85,17.5091672799338,0.605535606966183,0.88224821998039,0.651848002176209,0.270143317713007
20.34,0.85,17.624112831761,0.605434717187432,0.883552320599849,0.65041237550148,0.267955084412677
20.35,0.85,17.7397548153436,0.604856161892673,0.885065470817423,0.652083869689188,0.271695932116374
20.36,0.85,17.8560834776068,0.600666478048561,0.884109480349733,0.649972620180835,0.269741628476795
20.37,0.85,17.9730887531737,0.600715557859619,0.883748638804061,0.650773008989235,0.269074601217686
20.38,0.85,18.0907602645647,0.602030309480821,0.885366648054283,0.650670696633455,0.26942596823362
20.39,0.85,18.209087322601,0.60054125437215,0.887144646199508,0.650859646925292,0.269739388804461
20.4,0.85,18.3292119195782,0.599332425506495,0.887304072182331,0.650687527016215,0.270568230246323
20.41,0.85,18.451884257409,0.598134887210141,0.885600815351068,0.650813682555336,0.272452442040005
20.42,0.85,18.5756796319361,0.59512370722431,0.886135151522194,0.646897331176963,0.268689041373264
20.43,0.85,18.7001963149736,0.59534808176038,0.886129685065125,0.651024688809831,0.270237877132463
20.44,0.85,18.8253610834474,0.591905828484487,0.884442804022056,0.651530727917817,0.267677360437604
20.45,0.85,18.9511539175405,0.593453003237082,0.888510325806213,0.650784660047133,0.271338800310236
20.46,0.85,19.0775610941539,0.591812610544006,0.888543088825336,0.650304702728952,0.268642272777902
20.47,0.85,19.2045692198694,0.591566822702955,0.887993648046452,0.647124939332075,0.271364597162588
20.48,0.85,19.3321646286087,0.587784906781057,0.887892650669658,0.650170484244085,0.267097381787925
20.49,0.85,19.4603333387707,0.588992468606519,0.888259521227075,0.650056102604938,0.270463201660993
20.5,0.85,19.5890610546114,0.587306581219314,0.88830237326237,0.647026514766957,0.272335963744766
20.51,0.85,19.7183331695505,0.584715281406282,0.889150514213956,0.647539733769375,0.268948058037099
20.52,0.85,19.8481347695043,0.583853055485944,0.889136631810088,0.647533683662982,0.270095794675681
20.53,0.85,19.9784506364117,0.582364927325432,0.889362106264404,0.646327713892532,0.270776633844457
20.54,0.85,20.1092652520145,0.582404975426372,0.890740322406605,0.648301380663993,0.270496618539393
20.55,0.85,20.2405628019007,0.579767423336881,0.889667962248816,0.647604586125812,0.269576201407203
20.56,0.85,20.3723271798162,0.580735336497102,0.887962657228913,0.649345563982018,0.26898552522474
20.57,0.85,20.5045419922441,0.578415394960462,0.889630528943241,0.649423953495087,0.26980280958979
20.58,0.85,20.6371905632519,0.578571379524232,0.890377073328311,0.649034503922517,0.269969565544452
20.59,0.85,20.7702559396089,0.575819052112432,0.893257799713851,0.647242594451895,0.269206404973227
20.6,0.85,20.9037208961716,0.573665628691533,0.892004164664778,0.646652620357772,0.268161750842107
20.61,0.85,21.0375679415379,0.576182726730793,0.889531616550092,0.644215943632803,0.268763948107449
20.62,0.85,21.1717793239692,0.576046700053634,0.89067441785296,0.645863595330619,0.267050677122948
20.63,0.85,21.3063370375801,0.57471809163798,0.891824249580186,0.646055280770768,0.268532411160307
20.64,0.85,21.4412228287926,0.573363053179334,0.890595140332759,0.64780953281594,0.267696509495158
20.65,0.85,21.5764182030558,0.570792436546195,0.892519105009762,0.646094299944874,0.268522390117339
20.66,0.85,21.7119044318262,0.568765324683987,0.895124280528467,0.649261747654029,0.269770755189316
20.67,0.85,21.8476625598092,0.569294639134799,0.893932728738915,0.646072693020702,0.270432977441139
20.68,0.85,21.9836734124571,0.567609344949217,0.891387508076225,0.645189517814587,0.269167974864079
20.69,0.85,22.1167734440827,0.563703051272945,0.892427712092179,0.646162698146874,0.271709698768065
20.7,0.85,22.2246070896946,0.566158679114062,0.894326620634119,0.646212148559705,0.270658431023663
20.71,0.85,22.3206669385609,0.567503872814675,0.894793854346307,0.646226431802035,0.268262683869693
20.72,0.85,22.4144040498264,0.562466263409663,0.89546800447296,0.644206636731935,0.270375365646212
20.73,0.85,22.4650254294487,0.563072680668189,0.893362964717402,0.645624920635697,0.26898018486708
20.74,0.85,22.4812686576878,0.56216605907247,0.895346623773529,0.644779948907848,0.270249803964885
20.75,0.85,22.4973897721288,0.561582866353679,0.897080568407049,0.64511413940697,0.267282003803332
20.76,0.85,22.5133865854427,0.561193177121624,0.893388888917336,0.647656290902396,0.269405031189054
20.77,0.85,22.5292569467998,0.564119107979144,0.89489999637586,0.646167533537045,0.270601384853845
20.78,0.85,22.5449987424296,0.562215567132674,0.894256211123207,0.64514370269585,0.270824355272534
20.79,0.85,22.5606098961663,0.562910721275404,0.896652989605523,0.646107330236124,0.269962571483908
20.8,0.85,22.5760883699806,0.564069142215213,0.897653507660285,0.646523346888587,0.273284983340763
20.81,0.85,22.5914321644965,0.563423841442654,0.894800919528078,0.64869326244022,0.269130107689603
20.82,0.85,22.5484906209178,0.563166330968465,0.89650493513806,0.645028302585433,0.268780699461888
20.83,0.85,22.4314760360049,0.562671673930694,0.897953971919188,0.643054852622192,0.268954251833228
20.84,0.85,22.377759933928,0.564307038546027,0.898670703320637,0.643894373830775,0.271246773416215
20.85,0.85,22.3381751932857,0.566016118377246,0.898804701209138,0.644169299445669,0.269950974190133
20.86,0.85,22.3000947568281,0.569032708824823,0.896960380063499,0.64407078009653,0.268018199092963
20.87,0.85,22.2616331360149,0.566634524343204,0.898227442000522,0.644807584867329,0.268939207940775
20.88,0.85,22.2225725691342,0.56759025003281,0.899328912862783,0.644544142324933,0.269361288901899
20.89,0.85,22.182888908228,0.567834350297884,0.898780366603884,0.645376183095347,0.269701324389151
20.9,0.85,22.1425752866415,0.569426914996495,0.897649349494534,0.642088886592855,0.271541102353158
20.91,0.85,22.1016260756957,0.56891713738391,0.897231976868951,0.645518024376403,0.271414310383109
20.92,0.85,22.0600359716584,0.568848002990407,0.897416817158771,0.64456210419914,0.270443470078754
20.93,0.85,22.0178000219688,0.572933243114193,0.897146555724992,0.645767599171895,0.270139461495399
20.94,0.85,21.9749136431516,0.569043126454964,0.899336291206177,0.643806249390414,0.269395802781115
20.95,0.85,21.931372624945,0.573052401781938,0.899211901796411,0.641620178285946,0.269279565026457
20.96,0.85,21.8871731316551,0.572333068560297,0.902465147100948,0.643374260900188,0.27132305945657
20.97,0.85,21.8423117029608,0.570270655231005,0.901026134599953,0.645396324046476,0.269923107764848
20.98,0.85,21.7967852544643,0.573398981747192,0.900411888984506,0.645699499264506,0.270495919004352
20.99,0.85,21.7505910780141,0.574919365396602,0.902980603495316,0.640717161770363,0.270883032789739
21,0.85,21.7037268417995,0.574008583639544,0.901207411700761,0.64172587046353,0.271407011195762
21.01,0.85,21.6561905902172,0.572710942709088,0.900839350494172,0.638787373509006,0.269047708298695
21.02,0.85,21.6079807435071,0.574549240407209,0.900316132564843,0.643261887237598,0.269775210578306
21.03,0.85,21.559096097157,0.574683624756841,0.900017436971881,0.644487064868284,0.270127218971354
21.04,0.85,21.5095358210753,0.57755885579397,0.903235225307141,0.644249621338221,0.267630703594035
21.05,0.85,21.4592994585319,0.576383649497128,0.900868997034774,0.642123454350617,0.26862050789172
21.06,0.85,21.4083869248664,0.578646779841542,0.90328712751317,0.641498537713863,0.270604451851202
21.07,0.85,21.3567985059639,0.578847742238135,0.902271392006035,0.64250480672957,0.269524681379361
21.08,0.85,21.3045348564994,0.578614105960924,0.901170023744687,0.643976476024836,0.270517969830532
21.09,0.85,21.2515969979507,0.577994134783515,0.901187459978013,0.644848000037698,0.271703104303946
21.1,0.85,21.1979863163811,0.578234542631983,0.901751991315405,0.642465924444103,0.268786266677004
21.11,0.85,21.1437045599938,0.578734312413904,0.902307461080652,0.643485214660181,0.271104032415001
21.12,0.85,21.0887538364578,0.579862810920908,0.902064764046363,0.642669692024643,0.270346898387971
21.13,0.85,21.033136610009,0.580574763442784,0.904512784738571,0.645898142472911,0.270874827187032
21.14,0.85,20.9768556983271,0.584147153912903,0.903969313633765,0.643434996591688,0.267570049716987
21.15,0.85,20.9199142691918,0.580863248126668,0.903080755302005,0.64082620442951,0.269927241870329
21.16,0.85,20.8623158369195,0.583628814840261,0.902756464495536,0.64472380018157,0.273016668029993
21.17,0.85,20.8040642585849,0.581786319883118,0.904517655528538,0.643076283626799,0.269728854871254
21.18,0.85,20.7451637300288,0.587730933415727,0.903608158547458,0.641504549155689,0.270093637056271
21.19,0.85,20.6856187816574,0.585774158710506,0.904422161754073,0.642098193585562,0.269626562590791
21.2,0.85,20.6254342740349,0.587558675688319,0.903854532808148,0.644237935569005,0.270887825052775
21.21,0.85,20.5646153932741,0.585429628829302,0.903393662896486,0.642994126635505,0.268819273849045
21.22,0.85,20.5031676462297,0.587244451294818,0.904888406178641,0.640235913408625,0.270494324305327
21.23,0.85,20.4410968554964,0.590675053890628,0.905363778091738,0.644616279284581,0.270908556791896
21.24,0.85,20.3784091542191,0.588424044022527,0.904489389046032,0.644048610849565,0.267713770408252
21.25,0.85,20.3151109807172,0.589164704105617,0.907208601626384,0.644232654584308,0.269977896267084
21.26,0.85,20.2512090729309,0.589029284277848,0.906656346879745,0.644303749951339,0.268277355821616
21.27,0.85,20.1867104626909,0.590560027906528,0.905044254473306,0.641201416763045,0.270268098333411
21.28,0.85,20.1216224698206,0.593189966928071,0.906736942916389,0.645507907619211,0.271083251574441
21.29,0.85,20.0559526960737,0.59312184134318,0.906665463685899,0.644174030135028,0.269085370682455
21.3,0.85,19.9897090189137,0.594398932372597,0.908217495892353,0.641276681269099,0.270420282923685
21.31,0.85,19.9228995851417,0.597246390712679,0.908303726247017,0.644437898926459,0.26857860326568
21.32,0.85,19.8555328043772,0.593042036383724,0.905693270399809,0.64291997103913,0.268021389163084
21.33,0.85,19.7876173423996,0.594838894685006,0.906933699433229,0.644669770343146,0.270992640264954
21.34,0.85,19.719162114355,0.592348102718321,0.908864317871906,0.644475042725854,0.269695948633278
21.35,0.85,19.6501762778366,0.594965154786269,0.906176917114154,0.645424243719937,0.270612834959569
21.36,0.85,19.580669225843,0.596407766689162,0.906623578317276,0.642328782709707,0.27241183808262
21.37,0.85,19.5106505796235,0.594655993446793,0.908725517669492,0.646632148815119,0.269962424921453
21.38,0.85,19.440130181415,0.5986768689207,0.908490645682887,0.641714465582994,0.271068720183959
21.39,0.85,19.3691180870787,0.59941385243411,0.908350251119594,0.643312708216447,0.268079424916256
21.4,0.85,19.2979145898213,0.598980195090707,0.905317314580868,0.644614322960101,0.27176744616087
21.41,0.85,19.2279515409589,0.602024918789915,0.908849360391805,0.643754688377494,0.269459404249853
21.42,0.85,19.1581466023526,0.602385205957268,0.909147674436414,0.642373614769671,0.271931197997019
21.43,0.85,19.0879724632525,0.602698045163649,0.907969680955352,0.64585089243351,0.270894948440085
21.44,0.85,19.0173691063955,0.604382015381949,0.909745905301986,0.643604443512179,0.271727923295319
21.45,0.85,18.9463426972393,0.605400479490985,0.908368011876162,0.640809654156701,0.271967221805978
21.46,0.85,18.8749041840347,0.604369496126645,0.912523072566312,0.644623480637207,0.268876431529385
21.47,0.85,18.8030645934021,0.604099156309746,0.909773852087482,0.645687327421829,0.27047750742351
21.48,0.85,18.7308350287049,0.60641982323893,0.908524638648113,0.642917820414694,0.270088693858481
21.49,0.85,18.6582267189361,0.608007447381799,0.912319482434529,0.641995920353111,0.27269886578957
21.5,0.85,18.5852510196779,0.605567206421804,0.910959560835141,0.644660831758387,0.271712171201413
21.51,0.85,18.5119194061348,0.608409130623996,0.91113907043406,0.644210413525164,0.26864642843182
21.52,0.85,18.4382434655196,0.610740420478771,0.910746275545678,0.645840348002795,0.26934045596233
21.53,0.85,18.3642348894299,0.60910271594042,0.910116609968031,0.645673933684675,0.266225073012127
21.54,0.85,18.2899054662339,0.61356286680946,0.912029324991659,0.645622320534189,0.269458576153522
21.55,0.85,18.2152670734653,0.611689757200408,0.911081248161707,0.646202842784143,0.271479694651647
21.56,0.85,18.1403316702321,0.612671939901759,0.910323642805158,0.643933111351805,0.270843553405636
21.57,0.85,18.0651112896465,0.614373393986312,0.911235466577066,0.646095258991502,0.268319550363179
21.58,0.85,17.989618031282,0.613398628667466,0.910915970970058,0.642515576713242,0.268196300600849
21.59,0.85,17.9138640536624,0.614256514489065,0.909370559407048,0.645760859884653,0.270679667405569
21.6,0.85,17.8378615667909,0.617883329687759,0.911792583988534,0.64355873479102,0.270810525459735
21.61,0.85,17.7616228247235,0.619596048771699,0.914559600518013,0.646598967115453,0.270971457713078
21.62,0.85,17.6851601181934,0.619640919257596,0.914248141638609,0.644278104695065,0.269244058435996
21.63,0.85,17.6084857672909,0.619693230587999,0.912555000199834,0.644507479148703,0.271521313616594
21.64,0.85,17.531612114207,0.621221013640592,0.911815112140984,0.645514813571106,0.27086423789315
21.65,0.85,17.4545515160419,0.61963632666467,0.91234592276152,0.64690886313376,0.272785475665771
21.66,0.85,17.3773163376882,0.621229735630579,0.913988131455211,0.647881988501278,0.269851668421199
21.67,0.85,17.2999189447905,0.621882221501287,0.913963604462708,0.645718385571647,0.269822848309541
21.68,0.85,17.2223716967879,0.625325251452835,0.912332700888057,0.646712279431887,0.270723538352999
21.69,0.85,17.1446869400444,0.626258556269128,0.913731471727442,0.644832060262608,0.271951060143907
21.7,0.85,17.0668770010711,0.624018541938439,0.912454475979553,0.645779249954863,0.27097534691289
21.71,0.85,16.9889541798446,0.62649378953665,0.913286365617739,0.647647247599244,0.267963250027302
21.72,0.85,16.9109307432275,0.628053034580857,0.914569750372229,0.644984451099047,0.269497219131433
21.73,0.85,16.8328189184928,0.629119222178519,0.911310278276443,0.648000679433498,0.270862409151337
21.74,0.85,16.754630886958,0.631139491317561,0.914182182620405,0.647133492248187,0.269235792031721
21.75,0.85,16.6763787777324,0.62939530526824,0.914670139659184,0.648430366957868,0.268486467195533
21.76,0.85,16.59807466158,0.63110909330643,0.911816166905006,0.646630243845107,0.270064976065229
21.77,0.85,16.5197305449035,0.632033042433688,0.912932784115015,0.647753180484271,0.270618960322977
21.78,0.85,16.4413583638507,0.631966291304117,0.914273023552316,0.647208846242497,0.268158783794823
21.79,0.85,16.3629699785477,0.634680886417961,0.915127270620592,0.647266758042398,0.271584105222477
21.8,0.85,16.2845771674613,0.633366857589368,0.913666402389714,0.646678036182017,0.271331896477815
21.81,0.85,16.2061916218932,0.636026671005369,0.915935977042866,0.649013365636059,0.271305368216094
21.82,0.85,16.127824940609,0.635712344228086,0.912928396065911,0.647425700813404,0.268041263508057
21.83,0.85,16.0494886246035,0.63801292374365,0.914390023512067,0.64621708810066,0.270808944091466
21.84,0.85,15.9711940720054,0.642256551251004,0.91634650386448,0.647278834830306,0.270257339288073
21.85,0.85,15.8929525731233,0.639766028546021,0.912499397696858,0.646748028809533,0.269108106141683
21.86,0.85,15.8147753056333,0.640255216391398,0.916071244065091,0.647498597824868,0.270277868618698
21.87,0.85,15.7366733299125,0.639823667918239,0.916926675583383,0.65204491462537,0.2678249566762
21.88,0.85,15.6586575845167,0.64399046735884,0.915549551707364,0.654218395877768,0.270677716943546
21.89,0.85,15.5807388818063,0.642255476777778,0.917218249627144,0.648033223173129,0.269274271820391
21.9,0.85,15.5029279037195,0.644048913953571,0.918439259317792,0.650471882709551,0.268861393188132
21.91,0.85,15.425235197695,0.646471142291914,0.91654401690782,0.650576194711009,0.270809844333264
21.92,0.85,15.3476711727439,0.648070914810956,0.915766572352664,0.647929336008,0.268179699148675
21.93,0.85,15.2702460956719,0.64939243941706,0.915101880019869,0.648350607899764,0.271292109137943
21.94,0.85,15.1929700874523,0.648892712771519,0.916674040700387,0.650216182649449,0.269959886085798
21.95,0.85,15.1158531197492,0.651010084452492,0.915987188844967,0.648076903650431,0.27118473296851
21.96,0.85,15.0389050115922,0.648613094967271,0.912700354390515,0.649983766189427,0.268839286662903
21.97,0.85,14.9621354262007,0.651375370818091,0.916297066849543,0.649744331392625,0.26916049249583
21.98,0.85,14.8855538679599,0.6555971167787,0.915405558622041,0.647410427803255,0.271475562606936
21.99,0.85,14.8091696795453,0.654349461864403,0.917700368623927,0.650714237180777,0.269342712588116
22,0.85,14.7329920391977,0.65766139557417,0.916463748499352,0.650271067951917,0.270654307968381
22.01,0.85,14.657029958146,0.657066601631094,0.915925493175609,0.650416784537381,0.271298646138588
22.02,0.85,14.5812922781784,0.655596731882931,0.918243207668339,0.651969818443429,0.268054369478598
22.03,0.85,14.5057876693595,0.658610113614031,0.915478568580352,0.650918588076063,0.269746749169811
22.04,0.85,14.4305246278937,0.660094973848472,0.91605476856566,0.648592541950863,0.271143477410964
22.05,0.85,14.3555114741328,0.659930648554949,0.918417887225744,0.65014715791485,0.270073495793786
22.06,0.85,14.2807563507262,0.660876824718394,0.918348950626858,0.652196386136001,0.269762703719865
22.07,0.85,14.2062672209127,0.664193060086966,0.915972268161678,0.650800898036064,0.2713180351539
22.08,0.85,14.1320518669525,0.661396059430415,0.91680086785203,0.651146857120026,0.268970683151034
22.09,0.85,14.0581178886963,0.664229974531126,0.916674940725338,0.651874819898385,0.271913963595984
22.1,0.85,13.9844727022919,0.662135963325596,0.918115992224423,0.650237082805023,0.271119834596893
22.11,0.85,13.9111235390243,0.669449167341603,0.915840468385339,0.650474736805151,0.269237638398103
22.12,0.85,13.8380774442881,0.666642646263902,0.918090352349626,0.650077754869386,0.27089036896891
22.13,0.85,13.7653412766907,0.667021230831984,0.917114747962973,0.652089981119532,0.270098771947282
22.14,0.85,13.6929217072829,0.66953238837632,0.918719955866246,0.652389078599829,0.270719778206732
22.15,0.85,13.6208252189157,0.669452826742088,0.916748213891271,0.64983507282883,0.271842202420984
22.16,0.85,13.5490581057202,0.670014262260824,0.918135605642471,0.651926292167951,0.268223460950245
22.17,0.85,13.4776264727086,0.67217364414178,0.917974195161572,0.65094348332598,0.270206475979841
22.18,0.85,13.4065362354939,0.674701783801578,0.916883291413041,0.652986802381692,0.268069646200157
22.19,0.85,13.3357931201253,0.675481225388615,0.918704708347978,0.653326845931297,0.269503496500845
22.2,0.85,13.2654026630375,0.675914989826245,0.919679435047778,0.650140763767499,0.267652304017712
22.21,0.85,13.1953702111104,0.676135023919514,0.917434357480685,0.654246836523548,0.270573845652222
22.22,0.85,13.1257009218369,0.680219840396344,0.918791940461201,0.65288117575536,0.267649291587738
22.23,0.85,13.0563997635966,0.678998405322443,0.918324894835002,0.653292492512669,0.269908235213184
22.24,0.85,12.987471516032,0.682649351025284,0.917803298546199,0.65489904512769,0.268942306722596
22.25,0.85,12.9189207705241,0.680846243875144,0.91906163547095,0.652405258903307,0.268316657368839
22.26,0.85,12.8507519307661,0.682380954053546,0.9188966932962,0.652639547371784,0.269600712900938
22.27,0.85,12.782969213431,0.682377129237075,0.917283591192398,0.655162875946732,0.26757058436126
22.28,0.85,12.7155766489302,0.684381901879893,0.91756891392142,0.653888554001611,0.27046149479323
22.29,0.85,12.6485780822617,0.685556594130511,0.918650784548984,0.652269974827971,0.268704278553307
22.3,0.85,12.5819771739436,0.687372818206489,0.919484677201354,0.653060732802097,0.267293760279648
22.31,0.85,12.5157774010308,0.687380172260011,0.916042965434901,0.654806399310813,0.271033976015642
22.32,0.85,12.4499820582115,0.688330929804721,0.916670066283569,0.650955821183536,0.269108149265824
22.33,0.85,12.3845942589818,0.690811791861082,0.919565195850238,0.654813292839226,0.268499547137994
22.34,0.85,12.3196169368939,0.688169039344923,0.920578922079574,0.653167781106176,0.270068995988514
22.35,0.85,12.2550528468767,0.69047541451435,0.916008178763651,0.655571446252088,0.271873053733784
22.36,0.85,12.190904566625,0.691849842206384,0.917598435096718,0.656827058010495,0.268642477314859
22.37,0.85,12.1271744980548,0.693722039235951,0.919872437459643,0.65172139801645,0.270554319924708
22.38,0.85,12.063864868822,0.693374768793628,0.918489834576085,0.653455572884491,0.270483378249034
22.39,0.85,12.0009777339021,0.695276055559766,0.919937504464512,0.654140536680511,0.269341861596098
22.4,0.85,11.9385149772271,0.694301350720847,0.919551001793882,0.655490421963904,0.268895566580577
22.41,0.85,11.8764783133788,0.695759424694849,0.918219594785031,0.654565655820978,0.271248205202715
22.42,0.85,11.8148692893333,0.697956392891527,0.919120751596231,0.653371020591661,0.269831867862124
22.43,0.85,11.7536892862574,0.698574719604028,0.916136082437658,0.655479804521975,0.272337890894654
22.44,0.85,11.6929395213506,0.70126580697726,0.916842803871852,0.654217524484975,0.271272203848793
22.45,0.85,11.631862295623,0.700288499355947,0.920824259940543,0.654896263520929,0.268527480115192
22.46,0.85,11.5698901265498,0.698971289695971,0.918554543361554,0.656424949567422,0.2672061797015
22.47,0.85,11.5081272934214,0.703175223290642,0.91946685066741,0.654038147342185,0.269219360162361
22.48,0.85,11.4468064960164,0.703865928166665,0.917981975939332,0.656355488526576,0.268087669174061
22.49,0.85,11.3859451665799,0.70501567129134,0.918101835026029,0.655959550239564,0.271350897014347
22.5,0.85,11.3255430131963,0.704908210208757,0.919039377031823,0.656057175899446,0.271048446403176
22.51,0.85,11.2655997651455,0.706084884406294,0.916162029321043,0.656930391448782,0.269145711128356
22.52,0.85,11.2061152192128,0.709032031656144,0.916186794506043,0.656646536480409,0.269570124493032
22.53,0.85,11.1470890473721,0.709455413716062,0.920941155669754,0.654395928396117,0.26728301970374
22.54,0.85,11.0885207738734,0.709401256260983,0.916595709864002,0.655289470379742,0.269159860232017
22.55,0.85,11.0304097766446,0.712932770084194,0.919631274030725,0.65660999738004,0.26994870053361
22.56,0.85,10.9727552898902,0.711665432700243,0.919647281816839,0.656325271239691,0.272267133408537
22.57,0.85,10.9155564065814,0.711570170793083,0.916898672784151,0.657358971905531,0.270939635531214
22.58,0.85,10.858812080932,0.714255578409739,0.919227394507953,0.658402602616537,0.270591632095342
22.59,0.85,10.8025211308858,0.716723245232932,0.920224058814873,0.654513640452374,0.271654284357193
22.6,0.85,10.7466822406143,0.717268287835063,0.918677325991813,0.657901034116001,0.270361610548089
22.61,0.85,10.6912939630246,0.716129707895755,0.919399049187971,0.657653007544861,0.271628734822879
22.62,0.85,10.636354722274,0.719173708791413,0.917239215596109,0.659197630127554,0.268473048814492
22.63,0.85,10.581862816292,0.723091453449452,0.919899055113098,0.656479480375972,0.270699938384441
22.64,0.85,10.5278164193063,0.717530527276044,0.916404592784955,0.659520161762375,0.271973275946044
22.65,0.85,10.4742135843717,0.721790088417959,0.91909434577453,0.655589820650995,0.271914529847299
22.66,0.85,10.4210522459014,0.724167820804098,0.919010100850756,0.658897022597353,0.268161931397593
22.67,0.85,10.3683302221986,0.724078390486873,0.917599921420166,0.656797016041972,0.267880897940196
22.68,0.85,10.3160452179865,0.723491201953742,0.915992112337442,0.65362540689692,0.268498602529526
22.69,0.85,10.2641948269376,0.723325745944049,0.920700204757019,0.657045608882853,0.268724667395395
22.7,0.85,10.212776534199,0.726088051074457,0.919557595344069,0.655338574158812,0.268703945223582
22.71,0.85,10.1617877189136,0.727288566893891,0.918081397570078,0.658807152753941,0.270333384532211
22.72,0.85,10.1112256567359,0.728234354453829,0.917177391101102,0.653826377819891,0.269231602017071
22.73,0.85,10.0610875223427,0.730400149590287,0.916966161887565,0.655637360724197,0.271494787978433
22.74,0.85,10.0113703919352,0.730743810452331,0.918419104267008,0.658704653147151,0.270917485828726
22.75,0.85,9.96207124573404,0.729322132704953,0.918089108842686,0.657143140501736,0.267068509212657
22.76,0.85,9.91318697046612,0.732986900863607,0.915988510374101,0.657997608144111,0.272114377467185
22.77,0.85,9.86471436184106,0.731817331424569,0.917554060060388,0.655455760641377,0.268908985985584
22.78,0.85,9.81665012701837,0.732961532680293,0.918864069927278,0.655999942763195,0.272518329570388
22.79,0.85,9.7689908870637,0.735779405709283,0.919115382458048,0.655468889856596,0.270171181050984
22.8,0.85,9.72173317939396,0.736389427095634,0.918278702468715,0.659676748588783,0.272421476511505
22.81,0.85,9.67487346021079,0.735640211577542,0.918868213434522,0.657927753918094,0.269359552355418
22.82,0.85,9.62840810692187,0.736089278161931,0.918321206966172,0.658427257900767,0.27019345287467
22.83,0.85,9.5823334205496,0.737767777295318,0.919184687500513,0.659143952449007,0.271390810098966
22.84,0.85,9.53664562812701,0.740330951139765,0.916696798228371,0.656853589832476,0.270065171672441
22.85,0.85,9.4913408850804,0.741042517236482,0.919628242342972,0.656874037931704,0.267082435485637
22.86,0.85,9.44641527759836,0.742394854561805,0.917176460328956,0.657747267478564,0.269692375245454
22.87,0.85,9.40186482498722,0.741517964816221,0.917754721906911,0.656685919966856,0.27003390461418
22.88,0.85,9.35768548201238,0.739678324101138,0.918805835369188,0.657477930113117,0.26706874247654
22.89,0.85,9.3138731412257,0.744650582157869,0.915743597570405,0.65669749068779,0.269430290567024
22.9,0.85,9.27042363527855,0.743792624209108,0.917808968592033,0.659147564065589,0.269254323559123
22.91,0.85,9.22733273922056,0.745889693946708,0.917891702318941,0.652787056066963,0.270268714345951
22.92,0.85,9.184596172784,0.746627406718266,0.914533123707143,0.655973578047959,0.269933510454761
22.93,0.85,9.14220960265367,0.746462935381208,0.918373941230985,0.657306058298101,0.269856668300321
22.94,0.85,9.10016864472241,0.747790007555317,0.914381725905294,0.656488361258635,0.270346207814317
22.95,0.85,9.05846886633219,0.745656306687795,0.919471004229121,0.658323703540306,0.272476609430953
22.96,0.85,9.01710578850079,0.750382837350245,0.914733713883076,0.657583551046936,0.271682913204292
22.97,0.85,8.97607488813414,0.751581750269562,0.918095234185353,0.654230351741663,0.269633773268099
22.98,0.85,8.93537160022446,0.754121988245447,0.91653594336157,0.656837683105609,0.270528073474744
22.99,0.85,8.89499132003421,0.756756086826714,0.916181936477315,0.654732176134773,0.271184623462438
23,0.85,8.85492940526614,0.754508299063696,0.916164716788556,0.657126048628201,0.271017711759002
23.01,0.85,8.81518117821921,0.755526833719331,0.917457997308819,0.657219343181381,0.26980824363858
23.02,0.85,8.77574192793094,0.756470406159185,0.915922562471768,0.656201600844229,0.27086756604516
23.03,0.85,8.73660691230605,0.756737844761224,0.916751916816287,0.6552328782433,0.270920721780681
23.04,0.85,8.69777136023166,0.757710851572261,0.919305546966601,0.655965836315644,0.268197028275004
23.05,0.85,8.6592304736792,0.75983047676222,0.914463467560351,0.654011097646325,0.270286754734991
23.06,0.85,8.62097942979309,0.761585342250787,0.915022836684881,0.654444373018967,0.268409894436146
23.07,0.85,8.58301338296668,0.760114295958414,0.916838434971973,0.659042299347209,0.269999459778731
23.08,0.85,8.54532746690515,0.761890620303444,0.915997404045754,0.653886821628172,0.271739463725343
23.09,0.85,8.50791679667593,0.761358213371424,0.913661398488433,0.655625690567327,0.267044667605559
23.1,0.85,8.47077647074663,0.762686274394693,0.913806485227306,0.657013585672994,0.267535932018423
23.11,0.85,8.43390157301066,0.762052094900103,0.917039898179582,0.655822806423636,0.268535457723133
23.12,0.85,8.39728717480073,0.764449199152911,0.917259350570615,0.655755110949749,0.269899411791272
23.13,0.85,8.3609283368904,0.765255512664205,0.916781455871331,0.657370520027729,0.269951212400524
23.14,0.85,8.32482011148371,0.767981106433319,0.917667897658947,0.651074132466575,0.269189967189176
23.15,0.85,8.28895754419317,0.766196034505997,0.914883918791779,0.656074711452662,0.268662653537495
23.16,0.85,8.25333567600613,0.768958629917974,0.914999691012773,0.656224422858782,0.269387843099255
23.17,0.85,8.21794954523966,0.76867792895218,0.915045633815596,0.653890512818278,0.270676339411566
23.18,0.85,8.18279418948408,0.771201790277265,0.919378000744928,0.654173811043134,0.268370256257795
23.19,0.85,8.14786464753512,0.77237659821927,0.915106550106777,0.654299512108021,0.26968265734469
23.2,0.85,8.11315596131488,0.772197658767714,0.914175975554203,0.655422253705488,0.269544339445543
23.21,0.85,8.07866317778155,0.77171218077477,0.912913167247908,0.654945100774821,0.268972977104888
23.22,0.85,8.04438135082796,0.777006978392975,0.912935924651686,0.654580686244704,0.269244664399863
23.23,0.85,8.01030554316897,0.774603496500981,0.912654542632652,0.654616626170951,0.27237934741339
23.24,0.85,7.97643082821755,0.776524901226856,0.914360163430093,0.653230446373913,0.270214004388632
23.25,0.85,7.94275229194985,0.777658750386537,0.913410563892892,0.652098033581304,0.267729566746651
23.26,0.85,7.90926503475871,0.775278381977015,0.913775678784825,0.652493626090401,0.270673103473032
23.27,0.85,7.87596417329599,0.779813853588873,0.916974455616979,0.653501331578358,0.270514792392883
23.28,0.85,7.84284484230327,0.776137241689732,0.91045778879014,0.652936105066535,0.270998190274332
23.29,0.85,7.809902196431,0.77685065635565,0.915177647341021,0.656628518415421,0.270246246228697
23.3,0.85,7.77713141204584,0.780165727487069,0.91437199586989,0.653739522964363,0.270024016499909
23.31,0.85,7.74452768902599,0.778511321131585,0.912963941571847,0.653785311968687,0.269525894148909
23.32,0.85,7.71208625254439,0.783766856667347,0.912713464588206,0.65016041962604,0.270596974692164
23.33,0.85,7.67980235483946,0.780925131784047,0.912535317867899,0.65158424771243,0.271929875209949
23.34,0.85,7.6476712769731,0.781625161117636,0.915927274602825,0.653381615968159,0.270321562378808
23.35,0.85,7.61568833057576,0.784687712195595,0.913099347299451,0.652400526476201,0.269549369619351
23.36,0.85,7.58384885957818,0.786010861494136,0.911585463103367,0.65388935469444,0.27193741545375
23.37,0.85,7.55214824192947,0.786265367162008,0.912651507848489,0.652943143777846,0.273922538758818
23.38,0.85,7.52058189130103,0.785517293542878,0.912321790918784,0.65365939914616,0.268031504465544
23.39,0.85,7.48914525877624,0.78937655401632,0.911197488858896,0.653517550602706,0.271082940480426
23.4,0.85,7.45783383452506,0.788579387845628,0.913925265645583,0.652342704908809,0.268879002663871
23.41,0.85,7.42664314946338,0.78957632534,0.913798072925634,0.651345600277928,0.270874324644697
23.42,0.85,7.39556877689648,0.790162034760453,0.911861297838388,0.654239546898646,0.270681266976589
23.43,0.85,7.36460633414622,0.790741527807045,0.913666349970304,0.651643007040782,0.270020384637904
23.44,0.85,7.33375148416123,0.793120849034575,0.911314168253113,0.650300581695379,0.268260704652518
23.45,0.85,7.3029999371097,0.793502567867854,0.912151234666449,0.652948746669222,0.269190422510113
23.46,0.85,7.2723474519541,0.795257106355549,0.909069874211706,0.652725740628958,0.269170652329449
23.47,0.85,7.24178983800721,0.793846586702253,0.914678906491618,0.649671702297707,0.271977123564447
23.48,0.85,7.21132295646883,0.795494321687094,0.911944103791745,0.649646940947112,0.271373026560177
23.49,0.85,7.1809427219425,0.794807367928371,0.908741422378012,0.653991582136398,0.268188247241953
23.5,0.85,7.15064510393157,0.796824511638256,0.911721203800081,0.649662473115763,0.271280276318474
23.51,0.85,7.12042612831383,0.7962255739666,0.909089049141766,0.651249293277195,0.269338089113571
23.52,0.85,7.09028187879405,0.799079135410412,0.910701535317179,0.653169018771005,0.270222067717356
23.53,0.85,7.06020849833373,0.80056328659833,0.909035676896438,0.649099902094523,0.272434249288733
23.54,0.85,7.03020219055701,0.803006468141384,0.908941958504332,0.652754540641262,0.271763792243444
23.55,0.85,7.00025922113236,0.803089530316349,0.908633311578448,0.650804422327807,0.268710931854904
23.56,0.85,6.97037591912894,0.799876846302336,0.90924584519886,0.650292263813328,0.271755320913318
23.57,0.85,6.94054867834693,0.803350583477948,0.908327996595341,0.648438901455682,0.268269685465022
23.58,0.85,6.91077395862094,0.803605671269266,0.908537849967385,0.650701173890256,0.271919256017939
23.59,0.85,6.88104828709582,0.803973060068078,0.909432147862631,0.649748703601106,0.268549319508516
23.6,0.85,6.85136825947372,0.804273172022216,0.908023268836563,0.649685214889816,0.270275439761424
23.61,0.85,6.82173054123189,0.805099378630779,0.908926399364862,0.648405607983527,0.268198624795864
23.62,0.85,6.79213186881007,0.806404051363144,0.906882230606421,0.649871796467785,0.272100562029763
23.63,0.85,6.76256905076662,0.80825319756062,0.908567120968424,0.649376384308971,0.271366483727606
23.64,0.85,6.73303896890281,0.808048141526229,0.908860401615377,0.649335514737291,0.270394984647323
23.65,0.85,6.70353857935391,0.808847679426263,0.906276748980304,0.648359429121599,0.270567356667464
23.66,0.85,6.67406491364657,0.809322338984111,0.906375577122685,0.651214973549393,0.269899029174345
23.67,0.85,6.64461507972154,0.811962026421341,0.907413620423486,0.646114752739119,0.269217944260267
23.68,0.85,6.61518626292056,0.812554259452758,0.908738220090314,0.648617451318269,0.270485041897445
23.69,0.85,6.58577572693706,0.811557461893837,0.907388885033278,0.645217776941053,0.270286395899631
23.7,0.85,6.55638081472923,0.811653530183392,0.908409200196221,0.648352483242121,0.273359804295008
23.71,0.85,6.52699894939509,0.814106750309445,0.905980947878495,0.646745625947622,0.27020870414609
23.72,0.85,6.49762763500834,0.815598094707231,0.907384248631992,0.648651329310826,0.27017171569289
23.73,0.85,6.46826445741441,0.816233639416343,0.907416026236402,0.6479353183088,0.271861395926795
23.74,0.85,6.43890708498563,0.817099466487639,0.906236607455347,0.650585212051663,0.272505218320018
23.75,0.85,6.40955326933501,0.819416059100243,0.904747913072257,0.650444255750841,0.27079626270646
23.76,0.85,6.38020084598745,0.819791183978578,0.904528915256823,0.646885843673863,0.268764444870925
23.77,0.85,6.35084773500809,0.823166456772759,0.908248392035797,0.650028929308852,0.268752664916494
23.78,0.85,6.32149194158647,0.819875002069698,0.905660149774364,0.648925831650604,0.272246845878189
23.79,0.85,6.29213155657629,0.822585510560339,0.906289667953108,0.647328202162278,0.270153708814298
23.8,0.85,6.26276475698977,0.822571866878263,0.904228472959299,0.647027786188772,0.269866323490501
23.81,0.85,6.2333898064459,0.82435973413229,0.902399516906038,0.645174939452133,0.272065112279529
23.82,0.85,6.20400505557216,0.823908699220199,0.904803703457382,0.646433173042605,0.269006472708993
23.83,0.85,6.17460894235882,0.82533424813167,0.905681408290197,0.647417948334262,0.270153819293431
23.84,0.85,6.1451999924654,0.82451071726485,0.902752807821227,0.645311426992371,0.269906584206251
23.85,0.85,6.11577681947868,0.827163617170178,0.905653422543114,0.646335449431316,0.270108246242738
23.86,0.85,6.0863381251217,0.829009718333719,0.905053758150769,0.649155769868294,0.270229552038275
23.87,0.85,6.05688269941326,0.829844201724488,0.90392297702366,0.643445708253788,0.269466514992035
23.88,0.85,6.02740942077757,0.831142161238468,0.90278317093629,0.645243850123532,0.270187722465111
23.89,0.85,5.99791725610351,0.830347312549121,0.902930667479738,0.643421010905583,0.272018593836173
23.9,0.85,5.96840526075318,0.830984108790033,0.902898711864637,0.643204421899599,0.26902242103675
23.91,0.85,5.93887257851939,0.833395031518159,0.900994433907754,0.646092113477824,0.271230101775018
23.92,0.85,5.90931844153191,0.835472219254694,0.902459794425347,0.64634680518654,0.269542732887185
23.93,0.85,5.87974217011208,0.83349747946171,0.901052216614924,0.646396735835614,0.27180211724891
23.94,0.85,5.85014317257563,0.834475361287381,0.900266299220961,0.643755332108065,0.268588023611985
23.95,0.85,5.82052094498369,0.840178430789429,0.89926869597944,0.648371525563614,0.27070977849157
23.96,0.85,5.7908750708417,0.837075044947271,0.902485196471801,0.645078355338273,0.26814439328253
23.97,0.85,5.7612052207463,0.83908108164803,0.901318220425278,0.644669841263552,0.270859684072889
23.98,0.85,5.73151115198022,0.839932129735627,0.900130286488321,0.645510754474717,0.269165616603419
23.99,0.85,5.70179270805503,0.840692517521644,0.901509698998818,0.644174486263186,0.267308432508355
24,0.85,5.67204981820208,0.839765897251365,0.901833054375528,0.647325385154149,0.267639594627946
24.01,0.85,5.64228249681166,0.843009009033986,0.8992371284919,0.645103862012443,0.269321730854791
24.02,0.85,5.61249084282066,0.845638875327609,0.899418599504587,0.644354332458017,0.273604576961688
24.03,0.85,5.58267503904885,0.84481812996022,0.899747893924523,0.647082736971762,0.270180645763747
24.04,0.85,5.5528353514843,0.844551601060924,0.898519143864525,0.643336642186659,0.271887846617205
24.05,0.85,5.52297212851808,0.846532038338878,0.897954745315676,0.646047730482855,0.270242288724763
24.06,0.85,5.49308580012892,0.849944823235789,0.900710531651794,0.643178421914953,0.270118085098209
24.07,0.85,5.46317687701802,0.851169471628014,0.901484465082747,0.644286569518857,0.270003398755244
24.08,0.85,5.43324594969478,0.849208399685323,0.900196907378116,0.642949752707304,0.271897644592986
24.09,0.85,5.40357029191402,0.852527570497751,0.896885061240368,0.645970076034154,0.271254370319292
24.1,0.85,5.37420173586445,0.852422521622612,0.900732863591348,0.645591103415865,0.271394514406976
24.11,0.85,5.3448392891238,0.853350860961362,0.899870445472242,0.642164137529167,0.272326715390965
24.12,0.85,5.3171586356606,0.853527521615986,0.897339119356883,0.644306485514406,0.272530476228143
24.13,0.85,5.30170298184953,0.85434733233371,0.901247138262932,0.642893063110231,0.269578132496282
24.14,0.85,5.28969361873657,0.854177733559737,0.897012298268458,0.64568924864377,0.26897503337658
24.15,0.85,5.27761427983088,0.856428626434971,0.896660743280031,0.642609586824575,0.270055984890891
24.16,0.85,5.26574974086145,0.855944542550431,0.898408214629489,0.642049532917705,0.269818918465485
24.17,0.85,5.25421022784189,0.855527353521225,0.896590871578143,0.640665472091268,0.269399730396847
24.18,0.85,5.24253415397547,0.855632966941385,0.895798928974969,0.643382489654057,0.269369648555878
24.19,0.85,5.2306772685674,0.859542146658386,0.897183092950423,0.640328442453553,0.267483655767539
24.2,0.85,5.2187022061484,0.858378178667686,0.895522427282251,0.643929981687296,0.268742794631339
24.21,0.85,5.20655997755091,0.857825690810823,0.896188957429686,0.646067380050504,0.271394821011592
24.22,0.85,5.1942311391842,0.859438747621981,0.896538854604478,0.641224998382564,0.270517829383587
24.23,0.85,5.18176102080036,0.856662640172821,0.894098807806586,0.641995344945,0.271790869569362
24.24,0.85,5.16915946659425,0.857397697432798,0.893601699749986,0.64490023364081,0.270118071209213
24.25,0.85,5.15637834178924,0.861457915686317,0.89524672521556,0.644260264253333,0.271112094345291
24.26,0.85,5.14342223857799,0.862509593666376,0.891934729409786,0.643857452342449,0.267428032021776
24.27,0.85,5.13034988615631,0.859301759741942,0.894197358194106,0.640967786527366,0.271143910893333
24.28,0.85,5.11711503663698,0.860130483301578,0.8957649064867,0.643832231936249,0.270353573219049
24.29,0.85,5.10369989334292,0.859186380832006,0.894632705628732,0.640741171631834,0.270639914919201
24.3,0.85,5.09014233381799,0.860370994943356,0.893661177818566,0.643238356627782,0.271351381479596
24.31,0.85,5.0764511644459,0.864560463953716,0.893132212377807,0.642262479793605,0.272435882587037
24.32,0.85,5.0625875269476,0.863823157466091,0.889869572421816,0.64350284735264,0.271120386063474
24.33,0.85,5.04855698142889,0.860594073665664,0.893768517901909,0.640842001572616,0.269578498806461
24.34,0.85,5.0344150127142,0.863241270866468,0.893433976881235,0.643728445437996,0.269730785007649
24.35,0.85,5.02011898839693,0.863409150249673,0.892769809176013,0.644545780965701,0.272732283108421
24.36,0.85,5.00565289137903,0.86430137351047,0.889283011071858,0.642035856589056,0.269441330658136
24.37,0.85,4.99146338812061,0.862460296389367,0.892166004017403,0.64237448911451,0.268863102138282
24.38,0.85,4.9776385662208,0.86597695997961,0.891434865761644,0.642424050330786,0.269829046683547
24.39,0.85,4.96369757389548,0.864675171545546,0.890297580349469,0.642499786014279,0.272863341581446
24.4,0.85,4.94987524665435,0.868713315302754,0.89170768396529,0.642098632256128,0.269891980682302
24.41,0.85,4.9379645459205,0.866782797242065,0.888280008969301,0.64274942369304,0.269677982979625
24.42,0.85,4.92648858046789,0.867848082894082,0.890490845964828,0.643087483285632,0.269359799109838
24.43,0.85,4.91485417963385,0.867890732203552,0.890018199450054,0.642127361003858,0.270050431770512
24.44,0.85,4.90408791989237,0.869674422874336,0.888557276350678,0.642346962376523,0.270377764674459
24.45,0.85,4.89440242074163,0.867140306624286,0.888474695621945,0.642380421672069,0.269077116065132
24.46,0.85,4.88466386542186,0.867119651277085,0.888784971154038,0.644348625347234,0.271609986044857
24.47,0.85,4.87482561778866,0.867197411999068,0.887874213287454,0.644997000624381,0.270657813404494
24.48,0.85,4.86542217577725,0.868139069569816,0.887709264449241,0.644629546563692,0.271003047840025
24.49,0.85,4.85602128738367,0.868565461213877,0.890779392341823,0.642562899263901,0.270711004236168
24.5,0.85,4.84644879431585,0.869792749119168,0.885543263717563,0.646485614791691,0.26907027669618
24.51,0.85,4.83669930003013,0.871598660347961,0.887830378156164,0.643627740675875,0.270899675716024
24.52,0.85,4.82677631338626,0.870197136715419,0.890251826118675,0.643818666083574,0.274033174686009
24.53,0.85,4.81668227222119,0.870733969985691,0.88800179858221,0.64288786997744,0.268346493802944
24.54,0.85,4.80641952123975,0.870392297444818,0.887786927383039,0.64196059338606,0.270993204580659
24.55,0.85,4.79599047346722,0.870281833077451,0.886067388860012,0.641621955919527,0.268739417595463
24.56,0.85,4.78539760934064,0.872964482260465,0.888720705343233,0.644278804346396,0.270670206742172
24.57,0.85,4.77464347364629,0.872009214193256,0.88732332603136,0.642353348571808,0.270635458128441
24.58,0.85,4.7637306739204,0.870829315896236,0.886998738806392,0.644774538637116,0.271051484988503
24.59,0.85,4.75266187893042,0.87312716796811,0.888276268386882,0.644559402943046,0.270542381747583
24.6,0.85,4.74143981711303,0.872751700322412,0.885787426955827,0.643758104702058,0.269303933286049
24.61,0.85,4.73006727497631,0.873344743877473,0.885332611913257,0.642708053371937,0.269853128559786
24.62,0.85,4.7185470954698,0.872252131003348,0.883757771062038,0.643552153965615,0.269603018193871
24.63,0.85,4.7068821763238,0.872375831622454,0.884735517482915,0.64232241149595,0.27086596470652
24.64,0.85,4.69507546835971,0.872118157468446,0.886156585452535,0.644651312291893,0.270826622006001
24.65,0.85,4.68312997377332,0.874461166354737,0.88483781041861,0.644901760435107,0.270737267005299
24.66,0.85,4.67104874439264,0.877058638195418,0.883419317508977,0.644178530774876,0.271406762203182
24.67,0.85,4.65883487991205,0.875122063631517,0.88412256035455,0.643124157905192,0.269444353818694
24.68,0.85,4.64649152610472,0.874509871571591,0.882045680731586,0.643577164993526,0.274242840695237
24.69,0.85,4.63402187301493,0.874952768326402,0.883503038075544,0.644999758972617,0.269347041148197
24.7,0.85,4.62142915313222,0.873461485749929,0.882592930563461,0.644579156474175,0.272144458442159
24.71,0.85,4.60871663954909,0.873993918788284,0.883251323800719,0.64395940483522,0.270975850045274
24.72,0.85,4.59588764410428,0.875803733757474,0.883649188462373,0.644959621522729,0.268744805183553
24.73,0.85,4.58294551551313,0.876238858509058,0.881806444840982,0.642618832464636,0.269623003042371
24.74,0.85,4.5698936374872,0.87983315662224,0.88024760987684,0.645671411234491,0.271928058392027
24.75,0.85,4.55673542684468,0.876636993405601,0.879784117232291,0.643999573240653,0.271338622112407
24.76,0.85,4.54347433161362,0.877593328807818,0.879634026928583,0.648061788260116,0.269070245283008
24.77,0.85,4.53011382912965,0.879152229585833,0.881124549115177,0.646865525479475,0.269682592477939
24.78,0.85,4.51665742413006,0.877375344565673,0.880012747631105,0.646070178804501,0.270335780503485
24.79,0.85,4.50310864684593,0.880355798374054,0.880681298720762,0.643307103690603,0.269649044931795
24.8,0.85,4.48947105109424,0.880302517597812,0.880919553724435,0.645940915371965,0.272784435467903
24.81,0.85,4.47574821237149,0.880449589648616,0.880791977772042,0.645355821448229,0.268657598968604
24.82,0.85,4.46194372595072,0.880696674553467,0.878564649364552,0.645098551979812,0.26876528742131
24.83,0.85,4.44806120498361,0.879920266175821,0.880396043418678,0.647256364813946,0.267997491634273
24.84,0.85,4.43410427860921,0.88308940575651,0.881754546508212,0.647647287787465,0.271287441134995
24.85,0.85,4.42007659007107,0.881328241193664,0.879286496740393,0.644897241541562,0.27064127857271
24.86,0.85,4.4059817948444,0.883484847219801,0.880259583049306,0.646690366865298,0.270197684777482
24.87,0.85,4.39182355877478,0.884140082582144,0.880834120901549,0.647306085548257,0.267472492358321
24.88,0.85,4.37760555622987,0.883646376642631,0.879542465445476,0.64719847037477,0.269558560474617
24.89,0.85,4.36333146826598,0.883897104861504,0.875855592966293,0.650000527167788,0.26863635268006
24.9,0.85,4.34900498081051,0.883292775691297,0.877204780701695,0.647109278675848,0.267084240069366
24.91,0.85,4.33462978286216,0.886325852593122,0.87895780960119,0.646241602021422,0.268713898168029
24.92,0.85,4.3202095647099,0.886788084152232,0.878383058962175,0.647356835519136,0.267783048423691
24.93,0.85,4.30574801617243,0.885726176609894,0.876969286809797,0.649044661329285,0.272005725849452
24.94,0.85,4.29124882485912,0.883345280246016,0.874880690039648,0.6469521538447,0.268480695034201
24.95,0.85,4.27671567445394,0.889443908516306,0.87539075053133,0.649871766804409,0.271033994955565
24.96,0.85,4.26215224302345,0.887509986668726,0.876044578689808,0.644872692209399,0.27167451825614
24.97,0.85,4.24756220135011,0.886671987345898,0.874706597638729,0.64676622073388,0.267291540211332
24.98,0.85,4.23294921129206,0.885426017121968,0.87657454315104,0.649339619902244,0.26832483086882
24.99,0.85,4.21831692417029,0.887311034999056,0.875844107317471,0.646865858794588,0.270305930185771
25,0,4.20366897918447,0.890329568317271,0.875547381379305,0.646726232124832,0.271114440241983
25.01,0,4.18900900185828,0.888335403073218,0.874375076468834,0.649781224249859,0.272311782066281
25.02,0,4.17434060251507,0.890754468413551,0.873630432708572,0.650122839020316,0.269235798010937
25.03,0,4.15966737478498,0.893571259372164,0.87371095029412,0.650769501478759,0.268807536487476
25.04,0,4.14499289414419,0.889539113888098,0.873770859857215,0.64989813970398,0.270811234613891
25.05,0,4.130320716487,0.892749008775722,0.87434442407345,0.648582491334589,0.271851848895925
25.06,0,4.11565437673169,0.893110281106628,0.874227132217922,0.649062619531075,0.270317454581006
25.07,0,4.1009973874606,0.894460086066499,0.87322424962517,0.648736187868246,0.270601878067807
25.08,0,4.08635323759517,0.893241712015934,0.872459216101174,0.648566884655151,0.269377436614779
25.09,0,4.07172539110648,0.89423231033173,0.873970092911544,0.650037976468637,0.271082160453556
25.1,0,4.05711728576181,0.894136636090187,0.87093958210535,0.648289760068267,0.26861183390446
25.11,0,4.04253233190761,0.895920010430532,0.870912731330465,0.651179180476213,0.270160921620573
25.12,0,4.02797391128935,0.896917813926168,0.871537717464718,0.649015640417756,0.271582760418224
25.13,0,4.01344537590867,0.898164555042521,0.872259361916256,0.649999532096786,0.271647306604287
25.14,0,3.9989500469179,0.893783108061222,0.870546903088122,0.649886292522922,0.271115685410296
25.15,0,3.98449121355254,0.895566977284243,0.870900537759199,0.651524844638127,0.269491488760923
25.16,0,3.97007213210149,0.896230445425024,0.869822583059359,0.650784214601943,0.269324143388418
25.17,0,3.95569602491563,0.900811983652826,0.871448546941791,0.648266470099469,0.268600240470295
25.18,0,3.94136607945445,0.898595405843298,0.868994908305647,0.654819662379864,0.268417177694155
25.19,0,3.92708544737104,0.900211243882453,0.869599120197817,0.646506281785467,0.270036708045022
25.2,0,3.91286128656665,0.900577799217397,0.869821538590308,0.651118080670458,0.272078634361048
25.21,0,3.8987280828082,0.900895437938239,0.869886942683692,0.651219978230534,0.270505921465549
25.22,0,3.88466512928669,0.901208966212897,0.872632975401856,0.651685052595981,0.269250899750796
25.23,0,3.87066388381366,0.901293882033543,0.868406270309208,0.651054812737687,0.26701598697388
25.24,0,3.85672660996328,0.901675471586816,0.867984020643925,0.65128893457267,0.26914731027327
25.25,0,3.84285628468093,0.90405525267533,0.868557469314817,0.651068991798365,0.268748998898599
25.26,0,3.82905578947188,0.905175396909737,0.865624444528879,0.649637941757602,0.271252235036492
25.27,0,3.81532795252792,0.901384032064167,0.867976159628482,0.652188580754621,0.267871999872831
25.28,0,3.80167555969834,0.902507070485763,0.868890431335943,0.652339602324414,0.269476392166699
25.29,0,3.78810135438574,0.906964625312918,0.8679367262685,0.650486455778688,0.269967333279841
25.3,0,3.77460803695481,0.905528237477766,0.866324534364502,0.65278699600864,0.271701605161719
25.31,0,3.7611982642511,0.906281461746582,0.865456725759856,0.651574371119587,0.26982378379648
25.32,0,3.74787464916541,0.906921958466815,0.866398480597066,0.652589852910031,0.268306009479485
25.33,0,3.73463976023271,0.90832170755193,0.863883155885278,0.652552441452836,0.270317310967065
25.34,0,3.72149612126449,0.905379050853982,0.866709098153036,0.654719403999891,0.271730367839222
25.35,0,3.70844621101446,0.910883689311988,0.864267092582353,0.650969192950038,0.268513358498322
25.36,0,3.69549246287668,0.910830834541874,0.864316574721572,0.652332660428619,0.268499323868399
25.37,0,3.68263726461567,0.909816563809313,0.865214290118196,0.65380809325877,0.270639528692638
25.38,0,3.66988295812791,0.909294783466316,0.86513798936496,0.651440224976986,0.269732549928532
25.39,0,3.65723183923394,0.911028997018045,0.862822728726571,0.652161256812391,0.270616264214227
25.4,0,3.64468615750037,0.909947413247756,0.864365801222003,0.65160029850657,0.270526006330133
25.41,0,3.63224811609125,0.912138999459933,0.863737134614228,0.656321660978713,0.269861374774802
25.42,0,3.61991987164788,0.911727878950636,0.864548594543367,0.650757270334553,0.269896426207218
25.43,0,3.60770353419651,0.911145444165344,0.864187184141699,0.656442752313197,0.269052597918448
25.44,0,3.59560116708289,0.912989695234694,0.862405880288876,0.652627674279323,0.271697077341703
25.45,0,3.58361478693331,0.917006675617933,0.858860729574943,0.656781920044515,0.271570220645384
25.46,0,3.57174636364086,0.914101537118608,0.864796689239852,0.655716819702543,0.268177751998297
25.47,0,3.55999782037657,0.914498766329838,0.862510663540195,0.652755388876151,0.269752749648332
25.48,0,3.5483710336242,0.914261356761271,0.860837115269211,0.653881590190361,0.271847164307161
25.49,0,3.53686783323826,0.915296618812974,0.862347093190525,0.654757865616514,0.271063609259872
25.5,0,3.52549000252407,0.916216488712756,0.862076339828175,0.652771779164416,0.269774512771271
25.51,0,3.5142392783393,0.914908950251862,0.862175054647155,0.653950748960053,0.271285048834075
25.52,0,3.503117351216,0.913456173960552,0.860683138214936,0.652353942973364,0.269137764191307
25.53,0,3.49212586550235,0.917095653761731,0.860821802343936,0.654613397993701,0.270482398475714
25.54,0,3.48126641952322,0.918249784855706,0.862459338983834,0.654961025340341,0.271744055338924
25.55,0,3.47054056575877,0.917134070620823,0.856983987273205,0.65138984885848,0.269332709554837
25.56,0,3.45994981104021,0.91945369090384,0.858490908069776,0.654723288715666,0.266931071557173
25.57,0,3.44949561676185,0.918688901933315,0.858309697244218,0.655604636191446,0.268740765772523
25.58,0,3.43917939910861,0.922056427540292,0.85658405679136,0.655387791196668,0.26929827921764
25.59,0,3.42900252929826,0.919921512136485,0.859706107414587,0.656389304516753,0.272059227501933
25.6,0,3.41896633383732,0.917111371980467,0.862375888881674,0.653991642388678,0.268109389064363
25.61,0,3.40907209479008,0.92260339238824,0.858392318282555,0.655567150122067,0.269688080523439
25.62,0,3.39932105005962,0.922359859342692,0.857423896418976,0.655510945363539,0.26797476510738
25.63,0,3.38971439368037,0.919449286299031,0.860045245343064,0.657098660164623,0.271612839233167
25.64,0,3.380253276121,0.921628854751585,0.856982943559675,0.656375792718642,0.269963767324208
25.65,0,3.37093880459722,0.920681561498353,0.857775283711017,0.655474913320232,0.269555239020008
25.66,0,3.36177204339347,0.920420674684594,0.855747757000037,0.65634910123279,0.265099109020579
25.67,0,3.35275401419279,0.923296204795619,0.857912164322333,0.654206505497075,0.269315091252495
25.68,0,3.34388569641417,0.923832687816005,0.855966174227073,0.657782926504291,0.270677112075005
25.69,0,3.33516802755658,0.922666613702255,0.857797361930511,0.654811523876317,0.27007634481322
25.7,0,3.3266019035489,0.925049217915928,0.855240097726317,0.657025633508041,0.271437754502752
25.71,0,3.31818817910521,0.926629018774161,0.854089037399705,0.656233866681204,0.268214154106652
25.72,0,3.30992766808448,0.921638243782175,0.859088256120713,0.65628580190834,0.270894876879454
25.73,0,3.30182114385425,0.926522573653989,0.856519205860533,0.658790076266461,0.269112114510749
25.74,0,3.29386933965739,0.924584162385468,0.856492479089296,0.655943191964477,0.273791615331228
25.75,0,3.2860729489815,0.925084209786243,0.855884547104494,0.656497424693784,0.269753006655433
25.76,0,3.27843262593015,0.927200321955589,0.852768062668311,0.658304313280192,0.270278286374858
25.77,0,3.27094898559542,0.926190120396646,0.853943023145551,0.655306931766043,0.270814250433792
25.78,0,3.26362260443121,0.924478171124355,0.853372358185641,0.657449556569375,0.267721671040051
25.79,0,3.25645402062658,0.928363194025151,0.853596909074721,0.658804797293147,0.27062148447382
25.8,0,3.24944373447878,0.924621224940266,0.851508267269907,0.655522297616707,0.270428452543726
25.81,0,3.24259220876516,0.927864784757728,0.853017519511474,0.654712945778715,0.271982304408079
25.82,0,3.23589986911385,0.929982938971259,0.854309508984812,0.657752312014412,0.268345721094009
25.83,0,3.22936710437222,0.928410507522848,0.853194788889719,0.657979839572328,0.269434423221757
25.84,0,3.2229942669731,0.928203049167084,0.853938172536223,0.656088636755841,0.270588915161814
25.85,0,3.216781673298,0.928410771066213,0.852050287493363,0.658276539560518,0.269495953059165
25.86,0,3.21072960403716,0.927539566640319,0.854182924202293,0.655660420727605,0.270042387146354
25.87,0,3.20483830454571,0.93140911091567,0.851551910179883,0.657307662765934,0.26722740975289
25.88,0,3.19910798519593,0.929810621096065,0.853698315747629,0.654131161442968,0.270470892216216
25.89,0,3.19353882172494,0.928659177947736,0.855457500509343,0.65745560948208,0.270961610713029
25.9,0,3.18813095557769,0.927459921848481,0.852816063382028,0.658112884235398,0.271051545033047
25.91,0,3.18288449424479,0.929598187677406,0.851983890922454,0.658213557296527,0.271351474901545
25.92,0,3.17779951159501,0.929533601236508,0.852753591695137,0.656508128286224,0.268561873627254
25.93,0,3.17287604820213,0.93198856514962,0.851003626471845,0.656007073956138,0.269742003355485
25.94,0,3.16811411166589,0.932224923469742,0.850750408223452,0.657686343409151,0.269110594576208
25.95,0,3.16351367692687,0.929774770694599,0.851371223205723,0.65925655638853,0.270200612600945
25.96,0,3.159074686575,0.932511165375828,0.852793826690462,0.657272070752839,0.270247585536434
25.97,0,3.15479705115168,0.93207050956859,0.848169632787323,0.655855067224079,0.270911169356927
25.98,0,3.15068064944524,0.928654588580244,0.850736998696877,0.656574841832272,0.27264825197976
25.99,0,3.14672532877965,0.929673304790346,0.848793181565381,0.656048210746556,0.269978985509191
26,0,3.1429309052964,0.932887769091328,0.849789835111589,0.657400897560098,0.26975302843134
26.01,0,3.13929716422941,0.929603452773734,0.84906805709642,0.658934823430228,0.264528563384858
26.02,0,3.13582386017307,0.933189596441411,0.848366216353753,0.657066324897348,0.269299733146212
26.03,0,3.13251071734308,0.932496451451066,0.847425438782312,0.660868052526441,0.27073973206184
26.04,0,3.12935742983042,0.928689046194632,0.850052615434816,0.655654666922688,0.270301706680802
26.05,0,3.12636366184822,0.930882290665621,0.847026589647892,0.656081253691366,0.269627451962804
26.06,0,3.12352904797168,0.931020244153568,0.845416256763656,0.658282768460547,0.272209232398976
26.07,0,3.12085319337101,0.932760801944983,0.847335118900677,0.657988174968471,0.269502189588747
26.08,0,3.11833567403756,0.930220221077993,0.84786832774027,0.656390851040725,0.268471566338098
26.09,0,3.11597603700314,0.931227426689164,0.845955357473996,0.657151500609324,0.271237445742548
26.1,0,3.11377380055277,0.933840771694989,0.845928163874444,0.655652359894976,0.269425135432927
26.11,0,3.11172845443083,0.933764165238116,0.845866474894976,0.656380101317842,0.266179567922233
26.12,0,3.10983946004097,0.935705344618889,0.846556785178832,0.65782101634913,0.270711993471118
26.13,0,3.10810625063973,0.929678926557209,0.846634284950945,0.658194462883441,0.270337523940112
26.14,0,3.10652823152431,0.932627457996355,0.845646311363009,0.657219836953971,0.267643846276152
26.15,0,3.10510478021453,0.930180460980636,0.846080503865289,0.654229475229862,0.269432790384316
26.16,0,3.10383524662924,0.932936146737356,0.847154528340457,0.654131459793439,0.268922393596034
26.17,0,3.10269612789256,0.931521532908835,0.844638981322097,0.655309473158921,0.269487470943292
26.18,0,3.1015942586222,0.932406432709273,0.843683344365934,0.656844264450186,0.270925409216633
26.19,0,3.10052141668293,0.933562807775684,0.847240092791346,0.656210203785948,0.272758070132106
26.2,0,3.09947746416406,0.932541343842709,0.842439745699178,0.655096328026964,0.267353742575787
26.21,0,3.09846225392305,0.932937172257419,0.846229772767106,0.654343771589541,0.268404164848532
26.22,0,3.09747562967771,0.931769118327451,0.845273400709648,0.656326406109603,0.269094688817352
26.23,0,3.0965174261028,0.935399969387056,0.844865357400952,0.654868825204142,0.271909351977528
26.24,0,3.09558746893115,0.932870824516923,0.846119855988539,0.65711053409998,0.268785048900243
26.25,0,3.0946855750591,0.931640067617012,0.844762298276788,0.658199124551184,0.27065135265801
26.26,0,3.09381155265627,0.934400196424831,0.842631192907159,0.655571525135751,0.270147619561134
26.27,0,3.09296520127953,0.931034937281062,0.846157491964282,0.655355395684827,0.268959864487746
26.28,0,3.09214631199113,0.933528401750984,0.843953821242139,0.654868396754891,0.270515775005513
26.29,0,3.09135466748094,0.930742095902497,0.842301345993229,0.65480924729744,0.271284972537784
26.3,0,3.09059004219258,0.930367454703367,0.844719472717102,0.654395612015415,0.269910296887858
26.31,0,3.08985220245357,0.933899514197422,0.841003718060328,0.653919648022133,0.270713385246789
26.32,0,3.08914090660921,0.93337747789074,0.842824955779288,0.652568456918692,0.271046591624593
26.33,0,3.08845590516022,0.93120897422848,0.842250437153117,0.655022452545393,0.269942262374015
26.34,0,3.08779694090402,0.933464124440879,0.841686549085099,0.655827718859155,0.270004087514044
26.35,0,3.08716374907956,0.930892079133591,0.84038519761788,0.652044521060279,0.268430826002503
26.36,0,3.08655605751553,0.931048871323342,0.843475823929394,0.654479620463959,0.269673332860577
26.37,0,3.08597358678203,0.934250223198659,0.840731323236248,0.652869252410573,0.273498653790439
26.38,0,3.08541605034537,0.931528209416829,0.842688899057454,0.654485657765522,0.267436431206177
26.39,0,3.0848831547261,0.932180764316196,0.843162161753546,0.653650145484245,0.267544354789697
26.4,0,3.08437459966005,0.932760337000778,0.841207034396206,0.653297118840361,0.271429971766398
26.41,0,3.0838900782623,0.932547255154884,0.841697922687226,0.656652273134606,0.269626222248404
26.42,0,3.08342927719401,0.931987928397992,0.840066500658949,0.653328576310658,0.272348879922296
26.43,0,3.09094009362478,0.931150631156595,0.838551700310547,0.65101580545589,0.27014495804766
26.44,0,3.09580417719447,0.932552949492174,0.838117721897127,0.654304121070385,0.272738167806849
26.45,0,3.09871443035794,0.933611246211524,0.83965382398659,0.657049123037054,0.273778752231547
26.46,0,3.1015906833659,0.933465079993881,0.8392412775669,0.653868451306234,0.271403008310583
26.47,0,3.10459364004448,0.930807759975836,0.841187997647767,0.654035831687052,0.269901518909019
26.48,0,3.10771721422642,0.931285253807022,0.839089139546223,0.651850863934264,0.272363223299768
26.49,0,3.11095771899366,0.931080643358664,0.838874438400422,0.650716115476902,0.270847310499817
26.5,0,3.11431349729216,0.929919296014928,0.840205296583531,0.65299031869339,0.271563963067668
26.51,0,3.11778304985996,0.92958425063815,0.840728519439456,0.652955025770445,0.267777176913473
26.52,0,3.12136485167465,0.930524503762682,0.840419333482554,0.653011014795221,0.269254582968396
26.53,0,3.12505735406395,0.929770244147297,0.839532104997172,0.654035960405353,0.272433884604742
26.54,0,3.12885898715574,0.930091437461706,0.83850443639357,0.652820495182481,0.269725560211424
26.55,0,3.1327681603571,0.930615613562144,0.839830977755175,0.652013923960387,0.27043635527623
26.56,0,3.13678326264208,0.928833073896008,0.837512192340404,0.652887821360425,0.274526671197933
26.57,0,3.14090266285313,0.928079542263066,0.838603517266353,0.654263164398668,0.270662196073075
26.58,0,3.14512471001801,0.927745703358934,0.839256554128792,0.652205862570868,0.270387803339274
26.59,0,3.14944773368059,0.927408176920752,0.836871045056314,0.652481354867145,0.27052109628173
26.6,0,3.15387004424556,0.925488155341053,0.837856355208394,0.650682981889759,0.269955746330897
26.61,0,3.15838993333755,0.927162845979491,0.838671851909203,0.649275054776952,0.267914828478947
26.62,0,3.16300567417506,0.925143838571453,0.839224328948893,0.650757670698397,0.270513955181138
26.63,0,3.16771552195937,0.926133148080475,0.835977410280505,0.650605334971169,0.270540027929579
26.64,0,3.17251771427911,0.926091673983002,0.835246855270391,0.648847281906097,0.270684299689332
26.65,0,3.17741047153034,0.925484082072712,0.836370170549939,0.654231324909823,0.268576940184912
26.66,0,3.182391997353,0.923757640409864,0.836387062244421,0.6505634637086,0.268601412756238
26.67,0,3.1874604790835,0.923605592439977,0.836978627856799,0.648167524733977,0.270356130536183
26.68,0,3.19261408822406,0.925813873466109,0.837317758338347,0.649212943956789,0.269171121092746
26.69,0,3.19785098092887,0.925511101073452,0.83846341421986,0.651790297114389,0.271405028886443
26.7,0,3.20316929850738,0.92524260305025,0.835711474468238,0.649091853318888,0.270410859996743
26.71,0,3.20856716794487,0.924796607642005,0.838791463336409,0.650806777064121,0.267403854997117
26.72,0,3.21404270244044,0.923256309121264,0.836969596540755,0.648713560475689,0.26948954317144
26.73,0,3.21959400196274,0.923165206169516,0.837786594180367,0.648388462216187,0.270287085712651
26.74,0,3.22521915382328,0.923479376169085,0.838022645797778,0.648831482403621,0.272094978988137
26.75,0,3.23091623326775,0.919904833155891,0.836467821947928,0.654228329390216,0.27163709293363
26.76,0,3.23668330408519,0.924508765602971,0.835659010849311,0.648494500584566,0.269702113086685
26.77,0,3.2425184192351,0.920298603548097,0.834045483511162,0.647769998244585,0.270629279025537
26.78,0,3.24841962149263,0.922254882057784,0.833832278961451,0.6494412980728,0.268960358328056
26.79,0,3.25438494411173,0.923519649339807,0.835459445018091,0.650087841551735,0.270456421116887
26.8,0,3.26041241150625,0.922790559730269,0.833534713479839,0.649603532254772,0.273875166333332
26.81,0,3.26650003994899,0.92062196660545,0.835330035072707,0.648593090909107,0.270342349833102
26.82,0,3.27264583828853,0.921105354324807,0.83618981897294,0.647455909831721,0.27132832113657
26.83,0,3.27884780868375,0.917602654962189,0.833757395966814,0.646226310758187,0.269415652564013
26.84,0,3.28510394735605,0.917668228830038,0.833234139032222,0.649438782123236,0.269967571821412
26.85,0,3.29141224535873,0.919939647247124,0.83715701015289,0.648621584715083,0.270110444833877
26.86,0,3.29777068936373,0.920510774266685,0.835678693822679,0.648080253222901,0.270794130495612
26.87,0,3.30417726246527,0.917413524106162,0.834813237004981,0.647998939489071,0.268556568105677
26.88,0,3.31062994500017,0.91682536251859,0.836324755903847,0.645386799453797,0.269678090663742
26.89,0,3.31712671538459,0.920520708304166,0.83336483829603,0.64725028566449,0.269992770864124
26.9,0,3.32366555096684,0.916410930620105,0.836096460359543,0.647039270708954,0.268574316649145
26.91,0,3.33024442889591,0.91897463281166,0.831475384523874,0.648807711896496,0.270959634953566
26.92,0,3.33686132700536,0.915153325687197,0.837031385426556,0.645479725599011,0.271617466793904
26.93,0,3.34351422471219,0.916734519808193,0.83431996043725,0.647720933318465,0.273556980017697
26.94,0,3.35020110393016,0.918888621163301,0.833773079524175,0.64474049529447,0.272751342578706
26.95,0,3.35691994999717,0.913502514134308,0.8347364330951,0.647096573617776,0.269784665816163
26.96,0,3.3636687526162,0.912646282841351,0.834233078290579,0.64752729708706,0.268567026106896
26.97,0,3.3704455068093,0.914623037875388,0.831389596435201,0.643530266817213,0.27195953161028
26.98,0,3.37724821388397,0.915595071199113,0.833881558003743,0.646517934753719,0.271821417991155
26.99,0,3.38407488241155,0.916320380823218,0.835397105242627,0.642376619883753,0.266173494378061
27,0,3.39092352921686,0.912290889003566,0.834419951803053,0.644745337090657,0.27049143226741
27.01,0,3.39779218037849,0.913323697766042,0.833130288187976,0.647314299668717,0.269991508855733
27.02,0,3.40467887223914,0.911217487682866,0.836970261391971,0.646329320573136,0.268919763748772
27.03,0,3.41158165242532,0.914205589916607,0.829819151154715,0.647230167910473,0.269462103435187
27.04,0,3.41849858087562,0.910790690393161,0.832122800722261,0.644083689595108,0.271639271616866
27.05,0,3.42542773087699,0.913936075104195,0.83253835705726,0.646371798505847,0.26866531268902
27.06,0,3.43236719010814,0.912625556130744,0.832253911551779,0.644589618695111,0.268696145362615
27.07,0,3.43931506168932,0.910859092621833,0.83264272983015,0.647462236594095,0.271721255117805
27.08,0,3.44626946523778,0.909239212399746,0.83134834673469,0.644914328439899,0.270144153140238
27.09,0,3.453228537928,0.909674628053726,0.834802854067109,0.646439720539022,0.270586754410396
27.1,0,3.46019043555593,0.909414675376296,0.832395262842224,0.644057854599442,0.271251536293397
27.11,0,3.46715333360635,0.909456102176308,0.830239567767814,0.64510408831699,0.271425440945628
27.12,0,3.47411542832255,0.907565518370402,0.833916126121807,0.643780541286211,0.269407256864721
27.13,0,3.4810749377774,0.910313851335916,0.833012851244979,0.646524923918741,0.270698145153281
27.14,0,3.48803010294501,0.908855649097429,0.833142642102509,0.642536286583236,0.272228158903081
27.15,0,3.49497918877193,0.907600517065104,0.832745600538756,0.642511731031285,0.269101029047508
27.16,0,3.50192048524713,0.905234438003159,0.833763695380398,0.643983192555529,0.268538382283778
27.17,0,3.50885230846986,0.908394651512229,0.831680452301849,0.645404549310433,0.269611312178125
27.18,0,3.51577300171426,0.904085935878815,0.833168766967249,0.643552154049208,0.270548688236754
27.19,0,3.52268093649,0.906202798108316,0.830680136368593,0.644206814985429,0.270880225749628
27.2,0,3.52957451359792,0.904547362258208,0.833899549712179,0.64365673299551,0.267073549906168
27.21,0,3.53645216417975,0.903972883898958,0.831703508779522,0.64327319659058,0.266604729824826
27.22,0,3.54331235076093,0.902637863324391,0.831728295996162,0.644889141613349,0.269882751980147
27.23,0,3.55015356828559,0.905566254110977,0.83084076895616,0.645383605045241,0.269061043187929
27.24,0,3.55697434514281,0.904810007110793,0.833775883634595,0.642977667521739,0.269506430041693
27.25,0,3.56377324418316,0.904069853200807,0.830271825570415,0.643974072209948,0.268288231880484
27.26,0,3.57054886372454,0.905223543336253,0.832454054582539,0.643056678267877,0.272375591172368
27.27,0,3.57729983854644,0.902345374850474,0.833393858490632,0.644290459014256,0.268821305968818
27.28,0,3.58402484087172,0.901994550502019,0.830753223776221,0.641433090044884,0.267955495659271
27.29,0,3.5907225813349,0.902054536648215,0.831255711169067,0.644507463565301,0.269301527043221
27.3,0,3.59739180993607,0.902903127690232,0.8290104007786,0.642989953384878,0.272097239166602
27.31,0,3.60403131697963,0.902852495669225,0.831902325363641,0.642380402649469,0.272711454519639
27.32,0,3.61063993399676,0.902721152303521,0.832292933080238,0.643880332953823,0.26991726583424
27.33,0,3.61721653465093,0.902166216027764,0.834795795255319,0.641673618000226,0.268916304035576
27.34,0,3.62376003562547,0.900002286878718,0.830798749112681,0.643877516945986,0.271309258276175
27.35,0,3.63026939749249,0.900150509332411,0.829316016660517,0.642432621923741,0.271066242640337
27.36,0,3.63674414977268,0.901906464748746,0.830319461663325,0.641638547928816,0.268422635161102
27.37,0,3.64320027275666,0.898960560033398,0.831304760930203,0.64480583705417,0.271317133126978
27.38,0,3.64962983099487,0.897270044539976,0.83106647255032,0.641437909261553,0.268950652478867
27.39,0,3.65602266208933,0.898817571711898,0.831842122745578,0.644855272070564,0.268523255412404
27.4,0,3.66237676839975,0.897059052477455,0.831649382799592,0.639746209383936,0.270638549428488
27.41,0,3.66869135014826,0.899979516993935,0.830665253667016,0.642310443891928,0.269496411192443
27.42,0,3.67496570287672,0.898819341988169,0.831405895607253,0.644357243800844,0.269137921623292
27.43,0,3.68119916492045,0.898213677673999,0.833269222137054,0.642575886598035,0.269986505981732
27.44,0,3.68739112412772,0.895906890430674,0.827958419653843,0.643245044243099,0.270103192382979
27.45,0,3.69354101982579,0.898693434509215,0.832361502436687,0.640910859309066,0.271261392685973
27.46,0,3.69964834352845,0.89538250144551,0.831025220247956,0.643162869381759,0.272221190395461
27.47,0,3.70571263952196,0.896089286571347,0.832629829976233,0.642270126854232,0.272655626470712
27.48,0,3.71173350542574,0.894814638556018,0.829339054108305,0.643326110348724,0.269309710141289
27.49,0,3.71771059272617,0.89611559508505,0.831899623876226,0.641608312008998,0.270102041998173
27.5,0,3.7236436072818,0.894993286665513,0.832079812733529,0.64526987425763,0.269068577424587
27.51,0,3.72953230979937,0.894747501640632,0.83140491496186,0.642071982660117,0.272285474351081
27.52,0,3.73537651628038,0.893072719623429,0.830766665356192,0.64191936323404,0.271405652815084
27.53,0,3.74117609843764,0.894738577950119,0.830808588356945,0.646427352010741,0.270186647381815
27.54,0,3.74693098408174,0.893734882580748,0.832970374859719,0.642714623495337,0.267444334868746
27.55,0,3.75264115747697,0.893590143320113,0.832902446665551,0.639706189050829,0.268328104963476
27.56,0,3.75830665966657,0.894714349053754,0.829910137628492,0.642134636312808,0.271626129327255
27.57,0,3.76392758876701,0.89392011512495,0.8291658673,0.64326876657387,0.271167860955483
27.58,0,3.76950410023122,0.892023471137768,0.832402956622402,0.642577533002068,0.27037901444076
27.59,0,3.77503640708055,0.890254906633,0.831899621490983,0.642267527944804,0.271199765361186
27.6,0,3.78052478010552,0.892650478375677,0.833136819183604,0.643268058242372,0.271591252475941
27.61,0,3.78596954803515,0.89401003499127,0.832546796582297,0.641906424077553,0.27201747097252
27.62,0,3.7913710976749,0.890074387357503,0.830911482982019,0.642318339432201,0.268969146358624
27.63,0,3.79672987401334,0.893288883465664,0.830788231756789,0.644864180706249,0.270099328921201
27.64,0,3.80204638029749,0.892181890762443,0.835520641961593,0.642980772848226,0.267473878581578
27.65,0,3.80732117807701,0.892296954191018,0.834612897003695,0.644772493684169,0.26954559009646
27.66,0,3.81255488721733,0.890363658958416,0.831778824881275,0.642402682276686,0.268169815953985
27.67,0,3.81774818588194,0.890729111570906,0.830005884836334,0.64473070603599,0.269008744382402
27.68,0,3.82290181048397,0.891208359529431,0.832126017447475,0.644312040124625,0.270119085296016
27.69,0,3.8280165556075,0.889682935799205,0.832775413155514,0.644788026950662,0.269955555718588
27.7,0,3.83309327389857,0.888608098270533,0.83141834134614,0.643024672917567,0.267708317577924
27.71,0,3.83813287592654,0.890447581620493,0.832610951899429,0.643818872459825,0.269127465309031
27.72,0,3.84313633001593,0.88792914949517,0.832710223471025,0.644283318293732,0.270154016969158
27.73,0,3.84810466204919,0.886480135386599,0.831250751307109,0.645874019648599,0.270317825890514
27.74,0,3.8530389552409,0.888972341018513,0.832546716456781,0.644215042638938,0.270300417871713
27.75,0,3.85794034988366,0.887236570683929,0.83347654668213,0.642796365167799,0.270978229937462
27.76,0,3.86281004306642,0.887855003930857,0.832069359956274,0.642670028968968,0.273650809096303
27.77,0,3.86764928836547,0.887028342249578,0.829921214329356,0.642703138133128,0.268800540875618
27.78,0,3.87245939550885,0.888070087372192,0.833069232706355,0.645720974608153,0.268394691161576
27.79,0,3.87724173001468,0.89013605189542,0.831777208588434,0.644449452293911,0.267185725202179
27.8,0,3.88199771280393,0.886612742480106,0.831515942711331,0.645675256233973,0.270325343544308
27.81,0,3.88672881978838,0.886935464923375,0.830856722876729,0.6459722512945,0.26901236545901
27.82,0,3.89143658143432,0.887791596702506,0.829892658343432,0.645417642103584,0.271113839969025
27.83,0,3.89612258230271,0.884568931536199,0.832766851265383,0.644501710335426,0.268554366618451
27.84,0,3.90078846056642,0.88404041732866,0.833406581841153,0.64364815837392,0.268907609001937
27.85,0,3.90543590750538,0.884730171353846,0.832518995476666,0.644857663418947,0.271176362318457
27.86,0,3.91006666698023,0.886214180415842,0.834308837710398,0.644778560008241,0.27031170506815
27.87,0,3.91468253488533,0.886272834830663,0.832271128941837,0.642115549969564,0.269340309355973
27.88,0,3.91928535858182,0.883344477670753,0.833383334675961,0.645017809125449,0.268127277497023
27.89,0,3.92387703631152,0.884829888413234,0.833215907984595,0.645571162445963,0.27058296281027
27.9,0,3.92845951659252,0.88539021016758,0.832655595844951,0.64568215037069,0.268897164292792
27.91,0,3.93303479759719,0.886343622026892,0.834894243490697,0.644117332643244,0.271321263876956
27.92,0,3.93760492651342,0.881088134503196,0.83306532662321,0.644679389763,0.270445704222045
27.93,0,3.94217199889002,0.883090972198089,0.832163861777436,0.645386650266868,0.268733878632991
27.94,0,3.94673815796696,0.88369035241294,0.832753755602476,0.645254921328563,0.269793644107452
27.95,0,3.95130559399137,0.880135483893467,0.834052376921824,0.645786491035726,0.270126818294864
27.96,0,3.95587654352018,0.882554298643129,0.836030284090209,0.647091454547512,0.268533149357067
27.97,0,3.9604532887101,0.882652743086625,0.835837771355139,0.645740374946054,0.269227969918813
27.98,0,3.96503815659596,0.881093089343321,0.83282373151242,0.644396630807811,0.270660898238239
27.99,0,3.96963351835815,0.881580105104451,0.832026724954423,0.645880732100578,0.269096435475475
28,0,3.97424178857996,0.882706240096933,0.833410753575268,0.64681569948459,0.269228851567893
28.01,0,3.97886542449579,0.882282413917265,0.831871851880205,0.646212396145949,0.267754254366802
28.02,0,3.98350692523097,0.881013441934546,0.833019102917036,0.647671492949462,0.271225325222685
28.03,0,3.98816883103407,0.880560970411825,0.83408508046904,0.648924243923345,0.270130332758284
28.04,0,3.99285372250244,0.881087348354692,0.833451704065577,0.644497980208429,0.269769598017937
28.05,0,3.9975642198019,0.878084739287197,0.83452798307093,0.647515132681701,0.269658747847361
28.06,0,4.00230298188133,0.878563022966514,0.83461370120085,0.648246150533449,0.269270674499324
28.07,0,4.00707270568298,0.877795584155865,0.834252263360264,0.646454559006326,0.26921037115873
28.08,0,4.01187612534912,0.877545590551298,0.836533653579,0.649627657686887,0.270595794547033
28.09,0,4.01671601142616,0.879049272586148,0.834908672672175,0.645328317902752,0.268390931954289
28.1,0,4.02159517006654,0.880521226158027,0.833893078235036,0.647864970990309,0.268653075272454
28.11,0,4.0265164422295,0.876919033447154,0.835013157766635,0.646033816513449,0.26992674846507
28.12,0,4.03148270288117,0.87970192952984,0.835354330715675,0.648147112854906,0.269351953711726
28.13,0,4.03649686019493,0.878381585099599,0.835217041448399,0.645129491073731,0.270762999417197
28.14,0,4.04156185475243,0.875538039840993,0.834468030659279,0.647580737768673,0.270956618599547
28.15,0,4.04668065874624,0.879788872019719,0.833494093746684,0.651248248714251,0.270795049245495
28.16,0,4.05185627518446,0.878175647468591,0.835424569827936,0.645466565859161,0.267868621905103
28.17,0,4.05709173709819,0.879272215318407,0.833213453059401,0.651341283383758,0.267847061140429
28.18,0,4.06239010675214,0.877637551104723,0.835293640248485,0.650694180633489,0.270114762939123
28.19,0,4.06775447485931,0.879129357402651,0.835845848465235,0.647396736683703,0.269408695049698
28.2,0,4.07318795979993,0.875018861735966,0.837352042341665,0.649570442953935,0.270228496847782
28.21,0,4.07869370684534,0.873981355127554,0.835280461107985,0.651138800381044,0.269713687555295
28.22,0,4.08427488738732,0.875899454477319,0.833334239835026,0.647832410019115,0.267393291283558
28.23,0,4.08993469817327,0.876660824615743,0.835332374860355,0.648953138218655,0.270548351690356
28.24,0,4.09567636054771,0.872532341473993,0.833633060432961,0.648384849291421,0.273265072528915
28.25,0,4.10150311970039,0.875919935170018,0.835469560754925,0.649611214899837,0.266864174830173
28.26,0,4.10741824392153,0.873341305529068,0.834176100184751,0.648592688256732,0.269095711359565
28.27,0,4.11342502386449,0.875168011345208,0.834698100109928,0.650826566851083,0.27066348615796
28.28,0,4.11952677181613,0.872589379809403,0.838235319260182,0.648334383937821,0.268694015671934
28.29,0,4.12572682097507,0.872846733230949,0.835329984001627,0.650168344327109,0.269056856223086
28.3,0,4.13202852473844,0.870290190194432,0.835444600099362,0.653484090555344,0.268565630801634
28.31,0,4.13843525599686,0.873216536958381,0.834429654515569,0.64794892280926,0.272177384117138
28.32,0,4.14495040643821,0.873339546652225,0.837528014928821,0.648953629214975,0.267793200765461
28.33,0,4.15157738586016,0.872563618905701,0.835729866487566,0.651060964562262,0.269641594146986
28.34,0,4.15831962149166,0.869273189387122,0.837808461832778,0.653472047851503,0.269698063745938
28.35,0,4.16518055732347,0.871822024494261,0.835912881127345,0.651808486058139,0.267714462968014
28.36,0,4.17216365344777,0.873552497155569,0.837461713734263,0.650830394764735,0.269324340650873
28.37,0,4.17927238540689,0.870948767321049,0.836161268604424,0.650150355187771,0.273323885425743
28.38,0,4.18651024355112,0.87039055726562,0.836768612976538,0.650462043867478,0.269157317876275
28.39,0,4.19388073240572,0.869659278175323,0.839604821147754,0.651453505488297,0.26957570377144
28.4,0,4.20138737004684,0.870257758745354,0.839666212488292,0.652779689156249,0.269912030876035
28.41,0,4.20903368748641,0.869470656364859,0.840928630312349,0.650734583073909,0.268443090045542
28.42,0,4.21682322806582,0.870428662390916,0.838654046761524,0.652620100842154,0.272308820438988
28.43,0,4.22475954685827,0.867964605369556,0.837618404028853,0.655054190385981,0.268184986444036
28.44,0,4.23284621007954,0.866128031849491,0.838624618612092,0.651216074072225,0.268849945981717
28.45,0,4.24108679450699,0.869793790271491,0.839263796008622,0.653231040706855,0.27022578976316
28.46,0,4.24948488690662,0.868566019101422,0.836903363772047,0.653668945519851,0.269409220475081
28.47,0,4.25804408346772,0.869274490037474,0.839240852938494,0.656362237532097,0.269403313882809
28.48,0,4.26676798924508,0.867114557266472,0.837741848838159,0.653485854079616,0.269672327285914
28.49,0,4.27566021760813,0.865018802152813,0.838387323936778,0.655000258351997,0.271094810374249
28.5,0,4.28472438969693,0.868029915804758,0.839052206697357,0.653263496188148,0.271873501153832
28.51,0,4.29396413388437,0.866957922709615,0.838313175389882,0.652755513816581,0.2707800620855
28.52,0,4.3033830852444,0.864348380453993,0.84050948787834,0.652219781543361,0.268743800937433
28.53,0,4.31298488502564,0.865281523742916,0.838860478755825,0.650739791941754,0.270977525138223
28.54,0,4.32277318013013,0.862927870686567,0.839845991493867,0.652516586449982,0.266996933183559
28.55,0,4.33275162259644,0.863328115480836,0.844157599190909,0.650322083435365,0.268884170844395
28.56,0,4.34292386908699,0.863621266752754,0.841786292438939,0.654703426188035,0.270434720641753
28.57,0,4.35329358037869,0.864189432959619,0.840427023238518,0.654159203728594,0.270714587291869
28.58,0,4.36386442085667,0.863256805060776,0.838493747327671,0.652317237551651,0.266410692077706
28.59,0,4.37464005801022,0.859784016200544,0.84137906494844,0.654688506081309,0.268798281738626
28.6,0,4.38562416193059,0.861901573121679,0.839609680533368,0.652101094924089,0.269846530387265
28.61,0,4.39682040480991,0.858066852519384,0.841842518361508,0.651350685216549,0.267647437279451
28.62,0,4.40823246044064,0.860469557099425,0.842023263977152,0.653790528710932,0.271686941692582
28.63,0,4.41986400371486,0.862750444648457,0.840043969649686,0.656371574996012,0.270456740753419
28.64,0,4.43171871012274,0.860779734622487,0.842690545904648,0.652747438192952,0.269067446841738
28.65,0,4.44380025524964,0.858386065160041,0.842141386648035,0.655305649989273,0.268993256310577
28.66,0,4.45611231427089,0.857703417042181,0.843429854574722,0.652786400298744,0.266688010527458
28.67,0,4.46865856144381,0.859663769306886,0.840570723927014,0.656667139154056,0.270676958602758
28.68,0,4.48144266959598,0.85834658923759,0.843695278014231,0.656148654605567,0.268897544994238
28.69,0,4.49446830960936,0.85659758414484,0.841137833943554,0.657125061174447,0.268833939259598
28.7,0,4.50773914989915,0.857143592453979,0.843705265216904,0.654768733211088,0.26937820428027
28.71,0,4.52125885588691,0.854660848684747,0.842419450523603,0.652857648556868,0.270303609719242
28.72,0,4.53503108946708,0.853168103956229,0.844115594251218,0.653163854850099,0.270708525012548
28.73,0,4.54905950846614,0.855200253646177,0.843730970657424,0.656746710275317,0.271183707753953
28.74,0,4.5633477660936,0.856489654065504,0.844369568344621,0.652849972856419,0.271732635756104
28.75,0,4.57789951038416,0.852797344339602,0.842987148589077,0.658221177808299,0.270443922068224
28.76,0,4.59271838363009,0.85299578158317,0.843357417858418,0.657881858311244,0.269503476538728
28.77,0,4.60780802180322,0.852267865143526,0.845008145002379,0.655647888222954,0.269926263056321
28.78,0,4.62317205396567,0.852393308403446,0.844504319774176,0.656130367461853,0.271962062517299
28.79,0,4.63881410166849,0.850159472543888,0.843957397776613,0.658016081187279,0.270842873153597
28.8,0,4.65473777833755,0.849105686956591,0.845178417293002,0.65541918645061,0.268769908378636
28.81,0,4.67094668864584,0.851296254760501,0.845924690954984,0.656933765739359,0.272573375599884
28.82,0,4.68744442787132,0.851515532016268,0.845823209232426,0.655744574654258,0.270137432524987
28.83,0,4.70423458123978,0.848149609479866,0.846087021507099,0.656043405228969,0.271098567337735
28.84,0,4.72132072325164,0.848117053334576,0.846344853981086,0.65557594458733,0.269723775803004
28.85,0,4.73870641699224,0.846820180455606,0.845132636045286,0.657281354470572,0.269936005902477
28.86,0,4.75639521342463,0.849498354597324,0.849692322520015,0.657933419179487,0.269779893490454
28.87,0,4.77439065066435,0.8471398086228,0.846477046805943,0.655532380260654,0.271120931046098
28.88,0,4.7926962532352,0.844637378617973,0.847791837549893,0.658592827921692,0.266937995197047
28.89,0,4.81131553130554,0.843100306834086,0.846378781473871,0.655781898050598,0.272216239654592
28.9,0,4.83025197990437,0.84426776111201,0.847291838428327,0.658368275152686,0.269064970584966
28.91,0,4.84950907811636,0.844414716756704,0.848185107586685,0.655635322648313,0.271994677443723
28.92,0,4.86909028825534,0.841007575830926,0.848256558941727,0.657710425449758,0.271649032642618
28.93,0,4.88899905501553,0.842122894518444,0.847914476599614,0.656889339692376,0.267905865284369
28.94,0,4.90923880459993,0.841379175962684,0.847506490810728,0.658219572977632,0.268406859500369
28.95,0,4.92981294382511,0.840453404182062,0.847291153337826,0.655733525515417,0.272064327479067
28.96,0,4.95072485920211,0.840750096090079,0.851649110672764,0.656721709384318,0.270137331693569
28.97,0,4.97197791599255,0.839611443673966,0.852687037858462,0.658535058024089,0.267728559946569
28.98,0,4.99357545723974,0.840355225725206,0.849519685706668,0.658133736312325,0.270855327267616
28.99,0,5.01552080277397,0.839393353041881,0.845880994821115,0.658535635419223,0.270781274701199
29,0,5.03781724819178,0.83853319165801,0.849106238220659,0.657500400397969,0.269749484019078
29.01,0,5.06046806380862,0.833872705494916,0.850172850333632,0.654910227875315,0.270162182280223
29.02,0,5.0834764935844,0.838188164815627,0.850327017504101,0.653915757057965,0.271961457128219
29.03,0,5.1068457540218,0.831798572844717,0.851718319203518,0.655139890764052,0.270105423805272
29.04,0,5.13057903303665,0.83190757155637,0.849979449122272,0.657074552262649,0.270634386186792
29.05,0,5.15467948880037,0.833052167385282,0.849315187061679,0.656021433005317,0.270695513362419
29.06,0,5.17915024855398,0.83334095398642,0.850695800655135,0.658306199912933,0.269837192308852
29.07,0,5.20399440739352,0.829893231902396,0.851400618730618,0.659073686283321,0.271571798247265
29.08,0,5.22921502702663,0.830696414391778,0.849527545110107,0.655930662163148,0.272926257740294
29.09,0,5.25481513450019,0.828889796823978,0.851072304234279,0.658978641633492,0.269921981977076
29.1,0,5.28079772089878,0.827955783663401,0.851768944741079,0.655232027908827,0.268164306776508
29.11,0,5.30716574001397,0.827163220132438,0.854253328961875,0.65694446152525,0.269990990559557
29.12,0,5.33392210698434,0.82806036260757,0.853260367547044,0.658083799207124,0.269603364288741
29.13,0,5.36106969690635,0.825927305237086,0.84850423182573,0.656127685389971,0.269735393903048
29.14,0,5.3886113434158,0.825318845132778,0.85036285408673,0.654945399191749,0.273468595603423
29.15,0,5.41654983724043,0.825228188177848,0.853638078287192,0.655618371230045,0.267928736021122
29.16,0,5.44488792472344,0.823630202467059,0.852921660604165,0.654759201536699,0.268737242403644
29.17,0,5.47362830631817,0.822760230193361,0.852980227021359,0.657054275568114,0.271856384324081
29.18,0,5.50277363505444,0.817600943199778,0.850916042933048,0.656759229612036,0.269285158525795
29.19,0,5.53232651497645,0.82263720244095,0.855773380841687,0.65668021663006,0.267585261945787
29.2,0,5.56228949955301,0.819506727569965,0.855474989553289,0.658312303978541,0.270356255692248
29.21,0,5.59266509006011,0.816995192924148,0.856332056299538,0.656431693171957,0.269072289291864
29.22,0,5.62345573393659,0.819037728191967,0.855310145668893,0.656874361306348,0.270247642986835
29.23,0,5.65466382311321,0.81593320133418,0.856660047735799,0.6553356843519,0.271856382702174
29.24,0,5.68629169231578,0.81504081622292,0.857638629669194,0.657357214201397,0.270729257728653
29.25,0,5.71834161734304,0.812747323572087,0.854273769280818,0.655172353260582,0.270111744191003
29.26,0,5.75081581331987,0.816951890070457,0.856918427443362,0.655427832136824,0.267072846700007
29.27,0,5.78371643292652,0.813063505046144,0.857883643997175,0.659201740227047,0.26884548160224
29.28,0,5.8170455646049,0.81149892850281,0.856340639184804,0.656547955975207,0.270617644534353
29.29,0,5.85080523074245,0.812510440490087,0.856740220257335,0.657270085153209,0.270131318076846
29.3,0,5.88499738583488,0.809168381019844,0.855783447768454,0.656405605762104,0.268813733822405
29.31,0,5.91962391462845,0.807366198478398,0.853518937257483,0.65760848520264,0.27031830574482
29.32,0,5.95468663024301,0.807573083312973,0.855757217389106,0.656435098179323,0.271876355797288
29.33,0,5.99018727227689,0.806374856303395,0.858599698679264,0.655780085281186,0.271497492694376
29.34,0,6.02612750489473,0.803190520670305,0.857549214044468,0.657183805075393,0.270073761776211
29.35,0,6.06250891489952,0.806171217575197,0.855550625371207,0.656530044300175,0.270368800421343
29.36,0,6.09933300979024,0.805458262240321,0.857515963534611,0.65701222011352,0.267877769086024
29.37,0,6.13660121580625,0.802288101706751,0.858577618204274,0.656886240345275,0.268428353789637
29.38,0,6.17431487596005,0.800420925520464,0.858169903269039,0.655519029330038,0.267207062269288
29.39,0,6.21247524805979,0.801886689708939,0.858651191931746,0.655824852398822,0.271500006949538
29.4,0,6.25108350272306,0.799759393699463,0.856954549118841,0.655189137862916,0.268191659716205
29.41,0,6.29014072138359,0.799556352353493,0.860779000685532,0.653804407833563,0.268956925417721
29.42,0,6.32964789429257,0.797319719736686,0.860790590846808,0.655806592794791,0.269215132982395
29.43,0,6.36960591851623,0.796623993006803,0.862347045938812,0.654240025786619,0.270893410681497
29.44,0,6.41001559593152,0.792264203147029,0.858282390199928,0.654972593969902,0.268690572134875
29.45,0,6.45087763122171,0.792107950693592,0.859736657337845,0.657692841595758,0.271055740700392
29.46,0,6.49219262987384,0.795246215378758,0.860111014471529,0.653295648855867,0.272086977822643
29.47,0,6.53396109617993,0.791444751075447,0.862596219850904,0.652817498180487,0.271687763845315
29.48,0,6.57618343124408,0.7899485010509,0.860334052854561,0.657991930397141,0.27081544656139
29.49,0,6.61885993099731,0.791370321957017,0.863568551871669,0.652650203636287,0.270451392125643
29.5,0,6.66199078422257,0.790708515948926,0.861744930487474,0.652988951964422,0.270018621872612
29.51,0,6.70557607059182,0.787751029369767,0.859838735686139,0.657273332700071,0.269730243795965
29.52,0,6.74961575871758,0.786361253507423,0.862839493892907,0.652646866406954,0.270745258214587
29.53,0,6.79410970422114,0.785185353544141,0.861929991535375,0.654423205214661,0.267521133333371
29.54,0,6.83905764781983,0.784591502103783,0.862604597195025,0.65416525674427,0.268643418173752
29.55,0,6.88445921343564,0.78157437344547,0.862681368296241,0.654283393116441,0.271176519139668
29.56,0,6.93031390632764,0.782182618054659,0.863205924012568,0.653736421075546,0.271063295164856
29.57,0,6.9766211112507,0.77829066998102,0.863842230047341,0.65240406802025,0.270184033280651
29.58,0,7.02338009064295,0.77914209502055,0.86579769432841,0.652564281888119,0.271701520650618
29.59,0,7.07058998284452,0.775980343625169,0.862050449716591,0.655238023489401,0.267717303220632
29.6,0,7.11824980035008,0.773015586183392,0.86438619973034,0.652814626338421,0.269772911169053
29.61,0,7.16635842809796,0.775493283703281,0.866944383670266,0.65304500776428,0.270350999235701
29.62,0,7.2149146217982,0.776236256926181,0.86668210815439,0.651945716779398,0.268819774820347
29.63,0,7.26391700630244,0.774635705476778,0.866045997175797,0.65273237905655,0.270313999694283
29.64,0,7.31336407401811,0.771026660315727,0.864973260268989,0.65183586101971,0.269793946956276
29.65,0,7.36325418336982,0.772119137266113,0.866191419243027,0.649038450916112,0.267586841481569
29.66,0,7.41358555731043,0.76938353280202,0.864171098365806,0.650261861762259,0.272210862554832
29.67,0,7.46435628188479,0.770746212670726,0.862783165859014,0.655018883970169,0.270935352841205
29.68,0,7.51556430484862,0.767193496704106,0.864265407332489,0.651796819310016,0.269808152416185
29.69,0,7.56720743434543,0.765521654541663,0.868501597002972,0.652965918009152,0.270270073877107
29.7,0,7.61928333764421,0.766850106156941,0.866561406202688,0.651644910172783,0.267010187148494
29.71,0,7.67178953994057,0.763554845433105,0.867091104505583,0.650501554377974,0.268603286216666
29.72,0,7.72472342322405,0.764388683336612,0.864744576096805,0.650208987682589,0.271154929924204
29.73,0,7.7780822252145,0.759611162714552,0.867177470884689,0.649811782543327,0.270959979138717
29.74,0,7.83186303836993,0.75913394419494,0.865998896722691,0.650776332083384,0.268165735801095
29.75,0,7.88606280896886,0.757621348852653,0.867415695440669,0.654815165313476,0.269771242798723
29.76,0,7.94067833626958,0.757652110553894,0.870714001238704,0.653037871354972,0.272094075866173
29.77,0,7.99570627174914,0.755549935765301,0.869377339991976,0.651281804059766,0.270759123936931
29.78,0,8.05114311842464,0.755422423312416,0.86858726219074,0.652442157277011,0.26840001918974
29.79,0,8.10698523025922,0.753689457857018,0.868401249850645,0.653059590237279,0.26996148109828
29.8,0,8.16322881165565,0.756380940944365,0.869993533124853,0.650841814954964,0.26860895862256
29.81,0,8.2198699170397,0.752111665978235,0.867931645908103,0.651027654444593,0.268679629543675
29.82,0,8.27690445053588,0.749866724886424,0.869754705945701,0.652783491408227,0.270287395166593
29.83,0,8.334328165738,0.750765157614603,0.869543526275839,0.650973795399497,0.26990990937652
29.84,0,8.3921366655767,0.748566511032388,0.871559863329688,0.65041048843042,0.27098220177876
29.85,0,8.4503254022864,0.746621727731292,0.872057248840667,0.651104650186798,0.269848707666044
29.86,0,8.50888967747389,0.747466220374261,0.870375639907692,0.651046422446642,0.272379873319479
29.87,0,8.56782464229054,0.741998654874744,0.870675523796004,0.649436001466196,0.27135973144141
29.88,0,8.62712529771037,0.74449493044817,0.871722821068168,0.645537043465313,0.269666213230762
29.89,0,8.68678649491579,0.743169084986812,0.873645621037392,0.651442430088809,0.26671786437914
29.9,0,8.74680293579314,0.739748097959213,0.871926905374644,0.649536683925395,0.271517588761769
29.91,0,8.80716917353965,0.740822256698922,0.871984884528608,0.649125206676486,0.272828089023697
29.92,0,8.86787961338359,0.739677885124836,0.871167839791126,0.647539704224877,0.271286913911549
29.93,0,8.9289285134192,0.738972083493204,0.87194167143356,0.651207035120111,0.271471527888797
29.94,0,8.99030998555805,0.735868932494768,0.875181501839137,0.648285641316934,0.271311187529721
29.95,0,9.05201799659807,0.735244675581096,0.872734754847965,0.64952817080022,0.269471691390936
29.96,0,9.11404636941171,0.734780746532644,0.872156502355886,0.649330581006056,0.266635365542524
29.97,0,9.17638878425421,0.731798447905887,0.874816436093703,0.649948875332083,0.270455554296497
29.98,0,9.23903878019328,0.732133200848435,0.874084881039989,0.647670156496499,0.27020553033619
29.99,0,9.30198975666096,0.728012585309925,0.875134344206309,0.645083142941769,0.267435920587098
30,0.85,9.36523497512856,0.728303728418685,0.875092109619822,0.64485842216962,0.269470293336551
30.01,0.85,9.4287675609054,0.727478312474794,0.877225101834657,0.645819826658098,0.268122053251244
30.02,0.85,9.49258050506178,0.725393758437575,0.87379390042605,0.648048429032415,0.266885032954897
30.03,0.85,9.55666666647674,0.726824765168934,0.877618186822541,0.649348075966807,0.270911411188744
30.04,0.85,9.62101877401073,0.72246167669758,0.873441028180583,0.646521038717527,0.270376119583257
30.05,0.85,9.68562942880367,0.724332304362643,0.877199361471826,0.646610767237484,0.268480781231508
30.06,0.85,9.75049110669774,0.723045320910667,0.879665199316315,0.646616607795911,0.268813049090332
30.07,0.85,9.81559616078564,0.723532144177942,0.876530298625808,0.645588325315114,0.27175037369622
30.08,0.85,9.88093682408317,0.720266449257333,0.879473447089375,0.65001377580686,0.272064960307887
30.09,0.85,9.94650521232617,0.718098682702668,0.878834715358674,0.645366208140591,0.267953237156273
30.1,0.85,10.0122933268911,0.718023553901347,0.875875946467527,0.64867114544425,0.269226432841296
30.11,0.85,10.0782930578386,0.7150676346898,0.880291614401217,0.649188945360804,0.272135986793171
30.12,0.85,10.1444961870785,0.715985742187206,0.877627828337281,0.646334258828851,0.270570336037026
30.13,0.85,10.2108943916565,0.715529108618419,0.878745796427893,0.6495706333824,0.272127503663163
30.14,0.85,10.2774792471595,0.71293714783552,0.880378241346155,0.64709524193578,0.271577147607996
30.15,0.85,10.3442422312402,0.715589959175099,0.880578932519874,0.646231052558749,0.268023216744762
30.16,0.85,10.4111747272575,0.710248697630655,0.87803781630458,0.645083200150464,0.271286137183459
30.17,0.85,10.4782680280324,0.713025772752764,0.881398326017498,0.645072375840214,0.270158164959069
30.18,0.85,10.5455133397166,0.708849088312628,0.879379616965761,0.6451474788165,0.270025785298451
30.19,0.85,10.6129017857724,0.709082627581617,0.880743752877967,0.644337594903211,0.271907821919222
30.2,0.85,10.6804244110617,0.70468963911,0.879042142461054,0.645712654605182,0.272860818058522
30.21,0.85,10.7480721860407,0.703833610768219,0.880572115189058,0.647430427968747,0.269349325617095
30.22,0.85,10.8158360110594,0.704423318821675,0.880375604191772,0.645540634989927,0.269919843117104
30.23,0.85,10.8837067207622,0.704775378970162,0.883773492519327,0.644711588570857,0.27004235444128
30.24,0.85,10.9516750885866,0.703913052702364,0.882658450564634,0.645704019321311,0.269019163958819
30.25,0.85,11.0197318313582,0.70104643780769,0.883052465112192,0.645338463843821,0.270224628085928
30.26,0.85,11.0878676139775,0.699897030732623,0.884429909877258,0.646895002565798,0.269584100220175
30.27,0.85,11.1554341194683,0.698212836282297,0.881242252980016,0.643099167862109,0.269314396696758
30.28,0.85,11.2217559843078,0.697284255516886,0.882778654465249,0.646601141761077,0.269136761705113
30.29,0.85,11.2878512573259,0.696100114214792,0.884158489755098,0.643483542627283,0.268581204841954
30.3,0.85,11.3539525055287,0.697666129619085,0.883101797985458,0.644327782404673,0.270588033709122
30.31,0.85,11.4200716857418,0.695873623286581,0.884011766811783,0.642198856415415,0.268752165523154
30.32,0.85,11.4861997223224,0.695896297416957,0.884507484397275,0.643776718614961,0.270723786054176
30.33,0.85,11.552327199126,0.690507186927504,0.883410230061719,0.644774254021844,0.270735795382223
30.34,0.85,11.6184448955155,0.690620910457221,0.882978727174829,0.644602865374231,0.269509595225967
30.35,0.85,11.684543622798,0.690464666051724,0.882710862323071,0.642861324736717,0.268239369311764
30.36,0.85,11.7506141997271,0.690290061472,0.883540511235151,0.642557820718784,0.268788508675618
30.37,0.85,11.8166474555453,0.690486142804143,0.883970263915732,0.643093187290549,0.271020875338744
30.38,0.85,11.8826342352568,0.687229215743277,0.888205776388104,0.645434648339676,0.270914151648328
30.39,0.85,11.9485654049149,0.686129187005792,0.883030645815221,0.641331939982655,0.269068487774023
30.4,0.85,12.0144318569101,0.685561036762432,0.886337744709315,0.644172273967597,0.269821962359297
30.41,0.85,12.0802245152773,0.684549740279379,0.886372152152003,0.643485015297196,0.269876035969212
30.42,0.85,12.1459343410224,0.682353133697848,0.888301756246127,0.645976685870373,0.268640276795603
30.43,0.85,12.2115523374626,0.685669613520572,0.886552338918017,0.644055772333533,0.272054000172275
30.44,0.85,12.2770695555763,0.681327775647437,0.889225282594135,0.642928966126238,0.270099367853227
30.45,0.85,12.3424770993578,0.680362572832627,0.887660789400174,0.644860807091348,0.270194534157297
30.46,0.85,12.4077661311715,0.676961917023479,0.888675783163024,0.642441155702224,0.270651323685767
30.47,0.85,12.472927877101,0.681168612313486,0.886321004373695,0.644698919831055,0.266878640638333
30.48,0.85,12.5379536322886,0.680034320712775,0.888527890848691,0.645018580952727,0.265475242746066
30.49,0.85,12.6028347662592,0.679049488568129,0.888757070566605,0.643138414131552,0.269850893622685
30.5,0.85,12.667562728225,0.676060850728677,0.888619157554284,0.642342798194381,0.268129827352431
30.51,0.85,12.7321290523646,0.674726139105138,0.890561423056089,0.643589084990769,0.27061161239624
30.52,0.85,12.7965253630735,0.674080774333998,0.889912843290198,0.641671377105905,0.269900586090285
30.53,0.85,12.8607433801783,0.674297954441756,0.891201986323444,0.644509592897412,0.272198406791109
30.54,0.85,12.9247749241129,0.673785254755358,0.889449469108082,0.643583919507446,0.268772154697819
30.55,0.85,12.9886119210489,0.672213864268729,0.891327846539666,0.639367234541974,0.272462505925945
30.56,0.85,13.0522464079777,0.671728101894361,0.889091434146606,0.643409449818702,0.270486471623089
30.57,0.85,13.1156705377371,0.671639234265862,0.889431801403824,0.641706274604441,0.268838264923078
30.58,0.85,13.1788765839804,0.673315112618644,0.891384421776055,0.643743329155984,0.270261712966701
30.59,0.85,13.24185694608,0.668167102054101,0.888900621995886,0.643723690035241,0.270163502692384
30.6,0.85,13.3046041539643,0.669788095768421,0.893209890834123,0.643545379719709,0.270787320282949
30.61,0.85,13.3671108728801,0.667569959756805,0.891540675953576,0.64295404266641,0.272531080139854
30.62,0.85,13.4293699080782,0.668812007359354,0.892243127056465,0.641555412424985,0.270492211045699
30.63,0.85,13.4913742094165,0.666636586419375,0.891235902791067,0.642056131660019,0.270936635506568
30.64,0.85,13.5531168758765,0.664971248792385,0.891254736348461,0.642856149101465,0.269767598048539
30.65,0.85,13.6145911599895,0.663256159033406,0.892101214205862,0.643569083590435,0.268711163686101
30.66,0.85,13.6757904721667,0.663857541510116,0.893716629440584,0.643831267853924,0.270057883109009
30.67,0.85,13.7367083849313,0.661939843245957,0.891148633070683,0.641262409471906,0.27090584366329
30.68,0.85,13.7973386370468,0.660522018071429,0.892637549898142,0.642695694002943,0.268293171509111
30.69,0.85,13.8576751375378,0.661519724230067,0.893202033893094,0.64489597268985,0.269161085353139
30.7,0.85,13.9177119696005,0.65846855022977,0.893458111210619,0.642167336605616,0.269915301174831
30.71,0.85,13.9774433943989,0.660427635250942,0.892301066357853,0.643285942194829,0.267934159358315
30.72,0.85,14.0368638547415,0.656965753086763,0.892161981268068,0.643055145785262,0.270839985805542
30.73,0.85,14.0959679786382,0.65486892072957,0.895057388764511,0.64331437350614,0.269924845249314
30.74,0.85,14.1547505827315,0.657633395698248,0.894575572610584,0.641820058933689,0.270903137176863
30.75,0.85,14.2132066755994,0.65708639147774,0.89512769582458,0.643005169024629,0.269648103592975
30.76,0.85,14.2713314609281,0.654697068298363,0.897195056830519,0.642931118605137,0.270048395314211
30.77,0.85,14.329120340551,0.652806064812636,0.895745149782683,0.643156940467774,0.270630352784383
30.78,0.85,14.3865689173503,0.654784012735368,0.895414623077145,0.643175914939875,0.270899790715846
30.79,0.85,14.4436729980204,0.65333133835643,0.897401252443689,0.645787220302596,0.270516453154812
30.8,0.85,14.50042859569,0.651328652376023,0.894928342210601,0.643916595906205,0.270359359960735
30.81,0.85,14.5568319323999,0.653220940874881,0.897403965994082,0.644802705792637,0.272555184535277
30.82,0.85,14.6128794414354,0.64954345835429,0.899218711374455,0.643040290550326,0.26875530829866
30.83,0.85,14.6685677695118,0.652079761682047,0.896860998684334,0.641225800895618,0.267892481602498
30.84,0.85,14.7179683923281,0.651859344131356,0.896418576846934,0.642821216386738,0.270696920261947
30.85,0.85,14.7267359142489,0.65044611377993,0.896979641613599,0.641454443911973,0.272708985131714
30.86,0.85,14.7318311489974,0.648154845301502,0.897493677749968,0.643768661766348,0.273339845437143
30.87,0.85,14.7368260022913,0.649997808595684,0.897602529144179,0.645653684490297,0.268050309571781
30.88,0.85,14.7417210405199,0.648806387183187,0.897080363614576,0.645327052003547,0.267138361662346
30.89,0.85,14.7465168571346,0.651001000241611,0.898476255659116,0.643544922099031,0.270650655276529
30.9,0.85,14.7512140723504,0.648554351568079,0.897524127226492,0.645313876235817,0.270448660507953
30.91,0.85,14.7558133328373,0.649254275759313,0.898598361892633,0.643633214097965,0.27252162793767
30.92,0.85,14.7603153114055,0.649933962487543,0.899528033517612,0.644262599986495,0.268512303817897
30.93,0.85,14.6354062690637,0.650301047245439,0.900650918842478,0.646023250801855,0.268014194632704
30.94,0.85,14.5634122434164,0.650416906302211,0.898463495619409,0.642030902175878,0.269582311253488
30.95,0.85,14.5158347001758,0.655705006067969,0.901043211997388,0.644168888131009,0.271605984891007
30.96,0.85,14.4706331175212,0.654825658465805,0.900113462022186,0.647721398422331,0.269293030618806
30.97,0.85,14.4252268242935,0.654215981814413,0.89674447286352,0.64555638208088,0.272178196788139
30.98,0.85,14.3795144906848,0.654667841522934,0.89930945817346,0.644844447682217,0.27055875866263
30.99,0.85,14.3335188785398,0.654801481674493,0.899641285001337,0.641695846735422,0.271295429641974
31,0.85,14.2872515324833,0.659024120962396,0.900579474664575,0.644893999871369,0.27129010780007
31.01,0.85,14.2407210594217,0.657080953449817,0.903396055769619,0.644029762711145,0.270704659364219
31.02,0.85,14.193935849363,0.65650616916494,0.899391159116058,0.643650898667661,0.269082656518393
31.03,0.85,14.1469043544448,0.660167185754001,0.899730804060127,0.646113213852713,0.27213581221247
31.04,0.85,14.0996350914924,0.65925330051989,0.901735437176492,0.644470465181791,0.269026914573642
31.05,0.85,14.052136634368,0.66144814063441,0.899954879725867,0.645520670718855,0.269333845744875
31.06,0.85,14.0044176081197,0.662072358157414,0.900767986801055,0.645231978805656,0.270571468678327
31.07,0.85,13.9564866835173,0.661702225200074,0.897489486741347,0.64220806645684,0.269741688132214
31.08,0.85,13.9083525716494,0.660375110461961,0.902529132102946,0.646348974588603,0.269814297928873
31.09,0.85,13.8600240185523,0.665038458127872,0.905230444010921,0.646300547960233,0.269579019227904
31.1,0.85,13.8115097998773,0.666721692958984,0.901896567951592,0.648097858930421,0.269398572482097
31.11,0.85,13.7628187155991,0.665356688606287,0.903295577863386,0.646429521948824,0.27086727260187
31.12,0.85,13.7139595847701,0.667080961756148,0.901847841978922,0.645808714041396,0.269146903979919
31.13,0.85,13.6649412403234,0.667638307335381,0.903876000058077,0.649131411972234,0.268617477398404
31.14,0.85,13.6157725239293,0.66542106608311,0.904949059107349,0.643518813090789,0.269017442187916
31.15,0.85,13.5664622809079,0.669721433044369,0.905825615934674,0.643789351994246,0.27037855980191
31.16,0.85,13.5170193552014,0.671025447809321,0.901098710268585,0.648593393817357,0.270341704142677
31.17,0.85,13.4674525844099,0.668000954554372,0.904687571436169,0.646937335587268,0.267155050819663
31.18,0.85,13.4177707948933,0.672842566402684,0.904893485765279,0.646379259242956,0.26978046604877
31.19,0.85,13.3679827969427,0.672097668247657,0.905760011105666,0.647664037971153,0.269916943104856
31.2,0.85,13.3180973800239,0.672426478388453,0.903133448664699,0.646813799343915,0.268374177524435
31.21,0.85,13.2681233080967,0.675365992729028,0.90568904287342,0.648150190732952,0.271035337163047
31.22,0.85,13.2180693150112,0.673571846061924,0.90686569241147,0.646264047879193,0.269554226915252
31.23,0.85,13.1679440999854,0.673055152901133,0.905524766054233,0.648053720593915,0.268298911728818
31.24,0.85,13.1177563231651,0.675023696587526,0.905830515823872,0.649228093203969,0.267023961131356
31.25,0.85,13.0675146012689,0.67566504853004,0.906890887254978,0.648287381991201,0.26830367350977
31.26,0.85,13.0172275033216,0.677148510109746,0.907864400405144,0.648396859665504,0.270447777786581
31.27,0.85,12.9669035464754,0.676846422505129,0.906978021795291,0.647751267851298,0.269378590969788
31.28,0.85,12.9165511919239,0.676387688643686,0.90465122357079,0.647886617630827,0.267741570445854
31.29,0.85,12.8661788409084,0.677947303686397,0.903938776831315,0.648945623314637,0.267162997530973
31.3,0.85,12.8157948308196,0.67973789152873,0.905220823056565,0.651577778477592,0.27078425256078
31.31,0.85,12.7654074313945,0.676756268198667,0.905329781068285,0.647161529464067,0.269394616895367
31.32,0.85,12.7150248410127,0.683514392302899,0.904299400361882,0.648842834166914,0.271230447088079
31.33,0.85,12.6646551830898,0.684232904189883,0.907247848329456,0.647640097999499,0.271319963894596
31.34,0.85,12.6143065025727,0.685198473543187,0.90939784151763,0.651919573110059,0.270895655032845
31.35,0.85,12.5639867625342,0.681322986658096,0.906717697486317,0.650516760660102,0.268660594953072
31.36,0.85,12.5137038408714,0.684159962540139,0.90902919582677,0.647714759198419,0.269623088545498
31.37,0.85,12.4634655271054,0.687136674065811,0.908762141185597,0.647225733035001,0.271373618185145
31.38,0.85,12.413279519285,0.685439511318736,0.909204021512449,0.650908835367135,0.27179879603865
31.39,0.85,12.3631534209943,0.689182191196075,0.907115434593722,0.649043788780735,0.272428180735069
31.4,0.85,12.3130947384645,0.689405193927364,0.910575207181757,0.650682423264349,0.272503448264209
31.41,0.85,12.26311087779,0.689178064829068,0.907940468993155,0.652625149188902,0.269487064994786
31.42,0.85,12.2132091422497,0.689752754696008,0.90836040337592,0.651676103601016,0.269571298502897
31.43,0.85,12.1633967297321,0.691058990331523,0.908970344564184,0.64760264806333,0.271022912236521
31.44,0.85,12.1136807302667,0.693541621435597,0.908452278279384,0.652394962381473,0.271183795949041
31.45,0.85,12.0640681236579,0.693434666255597,0.909338917178085,0.65106666736114,0.268707727133175
31.46,0.85,12.0145657772244,0.689918836198172,0.910734773590664,0.651159824832289,0.267702436949529
31.47,0.85,11.9651804436424,0.694677401185742,0.907824111089709,0.648784518950684,0.269702506204823
31.48,0.85,11.9159187588913,0.693294200262899,0.909097934754252,0.648970010662321,0.267507879499864
31.49,0.85,11.8667872403031,0.694263580663568,0.90960471780337,0.651921852432979,0.272340738137387
31.5,0.85,11.8177922847133,0.699113760870818,0.910462239354635,0.651387631175861,0.270769030734274
31.51,0.85,11.7689401667133,0.697933693375392,0.912595192051214,0.651084096627662,0.270432664758439
31.52,0.85,11.720237037003,0.697621724860258,0.909338378657167,0.649944998748579,0.269112862094071
31.53,0.85,11.6716889208438,0.69962778873006,0.909944792495761,0.653208258341686,0.270468427129145
31.54,0.85,11.6233017166089,0.697260289883116,0.909156375951617,0.6551229541473,0.271330746817912
31.55,0.85,11.5749015329499,0.701517519149157,0.911396794001099,0.650613244640861,0.273144032480962
31.56,0.85,11.525417997017,0.700293715727368,0.910844836859062,0.651501177198804,0.269844020404461
31.57,0.85,11.4756645823116,0.701030200912434,0.911136976719335,0.652011023942273,0.27145005995454
31.58,0.85,11.4260594318038,0.703663088859965,0.911679226798256,0.651502939909649,0.271882860824622
31.59,0.85,11.3766545882231,0.704004618652982,0.90974535315924,0.65196988177199,0.269327924712343
31.6,0.85,11.3274567754462,0.704433081632281,0.910908153490437,0.651909390338525,0.27269648706367
31.61,0.85,11.2784707624227,0.707001267234978,0.91248975290481,0.651282933428258,0.267544582505922
31.62,0.85,11.2297014505862,0.708235434780481,0.911810207220322,0.654820375702995,0.270216869410449
31.63,0.85,11.1811536549941,0.706819989203414,0.917158590186239,0.653123753170721,0.273075566753699
31.64,0.85,11.1328320513441,0.709415263287912,0.913376274451641,0.652988217774388,0.269238792429086
31.65,0.85,11.0847411711912,0.707585788099482,0.911853563732875,0.653253575934188,0.272274161208038
31.66,0.85,11.036885401681,0.7069047781416,0.911856139665075,0.654401515999855,0.269434505580518
31.67,0.85,10.9892689853991,0.709336704997321,0.912504465793574,0.654955791715269,0.270400060524771
31.68,0.85,10.9418960202569,0.713261690759478,0.912928877716899,0.653207398290611,0.272304160401794
31.69,0.85,10.8947704594511,0.709744038102155,0.912389768180612,0.65489206971902,0.269894684773007
31.7,0.85,10.8478961114999,0.714208054739951,0.914238854890554,0.654488116993705,0.271807956621983
31.71,0.85,10.8012766403563,0.714269945393117,0.913012042121857,0.654416487703123,0.270550874464066
31.72,0.85,10.7549155655945,0.716593633833861,0.91368986505239,0.654471751028496,0.270855775795767
31.73,0.85,10.7088162626689,0.716829447457061,0.912052465506051,0.651629642682496,0.27107770766873
31.74,0.85,10.662981963242,0.717173819727554,0.914153752871841,0.654723011386901,0.270981644715835
31.75,0.85,10.6174157555807,0.719513828245399,0.913916661966102,0.655368423956538,0.267268137972864
31.76,0.85,10.5721205850186,0.718108849303817,0.914881335155305,0.652996785224749,0.267853159308736
31.77,0.85,10.527099254481,0.722691684514542,0.91399921049445,0.653793198245744,0.271804210008823
31.78,0.85,10.4823544250723,0.723231825226935,0.914988678748608,0.653940335537593,0.271387709694253
31.79,0.85,10.4378886167228,0.721987006094092,0.915114554639031,0.658348814663034,0.267553824884855
31.8,0.85,10.3937042088925,0.724371871186424,0.913061995334422,0.655330106672042,0.27110848746825
31.81,0.85,10.3498034413317,0.723913475471756,0.912462578449338,0.653750109971263,0.27250852830569
31.82,0.85,10.3061884148934,0.724538040027857,0.915866202520904,0.656914759200728,0.269313595040418
31.83,0.85,10.2628610923986,0.723887155846535,0.913798268176162,0.654994174235571,0.273395780331215
31.84,0.85,10.2198232995505,0.726509049450884,0.913513070568979,0.654058569998884,0.27051933169203
31.85,0.85,10.1770767258964,0.725289213728056,0.913674481934237,0.655753656437549,0.269537599245806
31.86,0.85,10.1346229258357,0.727449037315732,0.913670882586548,0.655350842661529,0.270033812649109
31.87,0.85,10.0924633196711,0.728822648542815,0.915331382072136,0.656138900181856,0.271437828632569
31.88,0.85,10.0505991947018,0.727985675462614,0.91480820663375,0.657133094617258,0.269241854705612
31.89,0.85,10.0090317063579,0.727973065024642,0.915308844086036,0.657421446308803,0.271356443803596
31.9,0.85,9.9677618793712,0.73185182013559,0.914765088662078,0.654400969252664,0.272083713104921
31.91,0.85,9.92679060898459,0.733010392221803,0.91523355729543,0.656104909333747,0.270670863993346
31.92,0.85,9.88611866219469,0.733451298560102,0.917797164350456,0.654195871328997,0.270575392326317
31.93,0.85,9.84574667902861,0.73297191389008,0.918887202768263,0.656823387987619,0.268969397904378
31.94,0.85,9.80567517385168,0.739357062289645,0.916639111323271,0.652948403522889,0.271841242540246
31.95,0.85,9.76590453670544,0.733651156845854,0.914149158924312,0.653350674006998,0.270607713654428
31.96,0.85,9.72643503467366,0.737365457854119,0.916387180532684,0.65553548109934,0.271648025372468
31.97,0.85,9.68726681327533,0.735519306317667,0.917956566236755,0.654722889442163,0.270429947105743
31.98,0.85,9.64839989788287,0.736470140201293,0.918715517186012,0.656939791065494,0.270405648245586
31.99,0.85,9.6098341951643,0.738120150289978,0.916453462274423,0.657290053272919,0.268053068103878
32,0.85,9.57156949454783,0.737372575907836,0.916620188013543,0.655242521426871,0.267266581797128
32.01,0.85,9.53360546970761,0.737657219080315,0.916913876658233,0.65658054686118,0.270070695622931
32.02,0.85,9.49594168006941,0.739129927533638,0.91845605949891,0.658625507921247,0.268730057471109
32.03,0.85,9.45857757233469,0.739469070911517,0.914944414171883,0.656380069501564,0.268429758507334
32.04,0.85,9.42151248202223,0.74411001824034,0.915472187760047,0.656981360846015,0.26929343464426
32.05,0.85,9.3847456350259,0.741812876964035,0.917742350886943,0.657554815488144,0.269441012830215
32.06,0.85,9.34827614918755,0.743453780261178,0.917829993161951,0.655679239986596,0.269372358289185
32.07,0.85,9.31210303588392,0.743867882275702,0.916332248927944,0.65727585639039,0.271864576455622
32.08,0.85,9.27622520162661,0.746549416771519,0.916887169260646,0.657204682143152,0.269249034560736
32.09,0.85,9.24064144967405,0.749899206639571,0.916662912912293,0.656622854116795,0.270876628524769
32.1,0.85,9.20535048165465,0.745801699852334,0.916568881515859,0.656545762904747,0.269762470432993
32.11,0.85,9.17035089920019,0.746118290120307,0.918056250589088,0.659148581137745,0.270251230192631
32.12,0.85,9.13564120558856,0.747088186385405,0.914719238789197,0.653691597679795,0.270483958870818
32.13,0.85,9.10121980739523,0.748376439303532,0.919005118921983,0.655298322770826,0.268940467341222
32.14,0.85,9.06708501615252,0.749519072657121,0.916681102245891,0.658895502103783,0.266942783812052
32.15,0.85,9.03323505001617,0.752793977494545,0.918852506339777,0.658115113599231,0.26969956590409
32.16,0.85,8.99966803543831,0.750842911033321,0.919777792320376,0.656927847141732,0.270750938346854
32.17,0.85,8.96638200884657,0.753822273188699,0.918579910926481,0.658579063712209,0.271359453188837
32.18,0.85,8.93337491832829,0.756043546021272,0.915863707116072,0.654953028239476,0.268582249457955
32.19,0.85,8.90064462531987,0.751126325237314,0.917362755920644,0.654959054030361,0.271204922607749
32.2,0.85,8.86818890630022,0.754569263022481,0.920061305554799,0.655547405845466,0.269708866357377
32.21,0.85,8.83600545448831,0.754921090438278,0.916794384275938,0.657996231929934,0.271254466825145
32.22,0.85,8.80409188154416,0.754391242963249,0.919280540750323,0.6567405498819,0.268547581962352
32.23,0.85,8.77244571927298,0.756173284961118,0.914914834475098,0.655804422893878,0.269490393467234
32.24,0.85,8.7410644213321,0.757809003682395,0.916786202312325,0.657128056022042,0.26949680176346
32.25,0.85,8.70994536494049,0.757328701939512,0.919299088060005,0.655770993439815,0.270954346203189
32.26,0.85,8.67908585259043,0.75983565266491,0.918299836076456,0.658280151295508,0.271746947619978
32.27,0.85,8.64848311376136,0.760044493549384,0.919383336261918,0.656600415754856,0.271371170834157
32.28,0.85,8.61813430663537,0.762417701254458,0.916518702358643,0.656936959674284,0.269147449704702
32.29,0.85,8.58803651981452,0.762339288918884,0.9188976578734,0.654279716849327,0.271448464243619
32.3,0.85,8.55818677403957,0.762853051518931,0.917942239766321,0.656346403644876,0.269182298430621
32.31,0.85,8.52858202391016,0.761120068940907,0.920928465396106,0.655098750654464,0.268420909650262
32.32,0.85,8.49921915960635,0.763391708572229,0.916710752107375,0.657397781124448,0.271859064027632
32.33,0.85,8.47009500861135,0.764651848351777,0.919408187633262,0.655077160506658,0.270481353525723
32.34,0.85,8.44120633743554,0.766365839360336,0.917838162555092,0.655313006750065,0.268985601777072
32.35,0.85,8.41254985334166,0.766682230638919,0.918978299764133,0.655491745190627,0.269560811610833
32.36,0.85,8.38412220607115,0.766242579216921,0.920433339060872,0.65686799567945,0.268204822771423
32.37,0.85,8.35591998957193,0.765569048510725,0.918913520482437,0.656663442934145,0.270213024804747
32.38,0.85,8.32793974372716,0.768361306622266,0.920090968449788,0.655285387089044,0.267721723573671
32.39,0.85,8.30017795608552,0.768087268525574,0.919855802682461,0.654246595501323,0.269706299532086
32.4,0.85,8.2726310635928,0.768407247352472,0.918026666700242,0.658521745579264,0.268927360732921
32.41,0.85,8.24529545432496,0.769721239144778,0.917283719408306,0.655501144559606,0.269658279744741
32.42,0.85,8.21816746922273,0.769255627406426,0.919058775378393,0.658466143012374,0.270779369912094
32.43,0.85,8.19124340382788,0.769951242076577,0.917398068659553,0.655453623091972,0.270623923152736
32.44,0.85,8.16451951002117,0.772921809035892,0.918634427889329,0.654746259401842,0.27172562447764
32.45,0.85,8.13799199776226,0.77152593691491,0.918957283723592,0.65569403964691,0.272108499646443
32.46,0.85,8.11165703683145,0.774724987195308,0.920381649089501,0.656755485504005,0.269937900375077
32.47,0.85,8.08551075857363,0.774485505927165,0.920654021381162,0.655776971384913,0.270479571847243
32.48,0.85,8.05954925764436,0.772527002903601,0.915683600330129,0.65470493970311,0.268764759880559
32.49,0.85,8.03376859375825,0.775803806282142,0.919464511165907,0.655087043029036,0.271056989658713
32.5,0.85,8.00816479343977,0.774682081171316,0.918752447192072,0.652643018617537,0.269269566750134
32.51,0.85,7.98273385177662,0.778341739266221,0.91922283545605,0.656279487279339,0.269993753064246
32.52,0.85,7.95747173417565,0.775827664279964,0.918817287195244,0.655989737816756,0.269948435085779
32.53,0.85,7.93237437812161,0.780377660375853,0.918242311918468,0.657355956501777,0.271981068233005
32.54,0.85,7.90743769493856,0.778874057224551,0.920598004628905,0.656772797200835,0.273350075440597
32.55,0.85,7.88265757155434,0.778602484918086,0.918726675768899,0.656151650763445,0.271763262729789
32.56,0.85,7.85802987226777,0.781706259610493,0.916568004434351,0.657429942129384,0.270059862230645
32.57,0.85,7.83355044051907,0.778936104000364,0.920487612091748,0.654552655788799,0.26817119244004
32.58,0.85,7.80921510066313,0.781985187479417,0.91948351259096,0.653608172801739,0.268279096856628
32.59,0.85,7.78501965974594,0.779521032535796,0.919832576869734,0.656037703732115,0.269021727393528
32.6,0.85,7.76095990928402,0.780137194823797,0.919046443237463,0.655270370758644,0.269579530233574
32.61,0.85,7.73703162704692,0.783550128579868,0.919199513842551,0.653319643623845,0.26995635049738
32.62,0.85,7.71323057884269,0.782724990094967,0.917091849244157,0.654573856714569,0.268759592281337
32.63,0.85,7.68955252030634,0.783150611425724,0.915463880440306,0.653881432349916,0.27261249558278
32.64,0.85,7.66599319869116,0.785662384875337,0.917953227677099,0.653813301226633,0.269829914754211
32.65,0.85,7.6425483546628,0.784874596897531,0.918719014259622,0.654956407593639,0.269149985694019
32.66,0.85,7.61921372409605,0.78326058908132,0.918429957963122,0.653283564585853,0.267530689611996
32.67,0.85,7.59598503987403,0.78762718690152,0.917882220684645,0.653700883295311,0.2713716062861
32.68,0.85,7.57285803368985,0.787426857208354,0.917826875895831,0.653050802211081,0.270323876480097
32.69,0.85,7.54982843785025,0.788117173927191,0.919255571851912,0.652700094267978,0.270727808230256
32.7,0.85,7.52689198708126,0.787621053702329,0.918064161264661,0.652862074608249,0.271710174073631
32.71,0.85,7.50404442033543,0.79032622098623,0.917216460940646,0.652037902288247,0.269386376759843
32.72,0.85,7.48128148260048,0.791719318023809,0.919479027057931,0.653174238586678,0.271085438980761
32.73,0.85,7.45859892670899,0.790764978991009,0.917389300311911,0.653788362020597,0.268342281673609
32.74,0.85,7.43599251514871,0.790316063703961,0.916747653542416,0.656089057290624,0.266751605889949
32.75,0.85,7.41345802187335,0.793286391754281,0.919065937240981,0.654006607781241,0.272633452121236
32.76,0.85,7.39099123411315,0.792436433019919,0.918481150839298,0.651386266944664,0.271244423375446
32.77,0.85,7.36858795418505,0.792000184937841,0.917526376324247,0.652446260506675,0.267632003842511
32.78,0.85,7.34624400130181,0.794525174185134,0.923389389557006,0.654909653016811,0.26968816776411
32.79,0.85,7.32395521337965,0.793798062269312,0.918022867027869,0.653223507646779,0.269749109159143
32.8,0.85,7.30171744884391,0.795247970721545,0.917785822974036,0.652329005705923,0.269871569876349
32.81,0.85,7.27952658843218,0.79560885293211,0.917740632903477,0.651181486936076,0.269955083979518
32.82,0.85,7.2573785369941,0.796699886505257,0.919392418278491,0.65264749313725,0.269095027668981
32.83,0.85,7.23526922528754,0.797682517864127,0.91773996299421,0.65118503026627,0.268594855417812
32.84,0.85,7.21319461177019,0.797789370024872,0.920033084246351,0.652911917673477,0.273376608213437
32.85,0.85,7.19115068438606,0.798171565220734,0.917696060610668,0.649942490342356,0.270100132105157
32.86,0.85,7.1691334623461,0.798598696010663,0.916745892188325,0.649990174508809,0.27186490410954
32.87,0.85,7.14713899790219,0.801932426102951,0.916364073467767,0.652045360009125,0.270833966105058
32.88,0.85,7.12516337811367,0.799827517657229,0.920028530963367,0.649571593312087,0.270015925680149
32.89,0.85,7.10320272660573,0.801408513650405,0.917388643526748,0.651448503011836,0.269700202946573
32.9,0.85,7.08125320531867,0.801551813233591,0.913770910981627,0.651521388107658,0.267817312199259
32.91,0.85,7.05931101624721,0.801961821187805,0.916673234445572,0.651119693614567,0.271816877481203
32.92,0.85,7.03737240316903,0.802292781728999,0.918832970016738,0.651226700394699,0.271785148511608
32.93,0.85,7.01543365336148,0.801572859183323,0.917439937186839,0.648773861379117,0.271536742039093
32.94,0.85,6.99349109930554,0.803798322567405,0.919159824540199,0.650566321087814,0.271911373522545
32.95,0.85,6.97154112037621,0.806378876694575,0.920266073792321,0.651318233337739,0.268851490250638
32.96,0.85,6.94958014451805,0.804144349885044,0.918448017929724,0.649879507046124,0.270952208071973
32.97,0.85,6.92760464990508,0.804016964552298,0.91939096430197,0.649778245352899,0.269552448761426
32.98,0.85,6.90561116658391,0.803766332546628,0.91342994386198,0.648486990497475,0.270349128523636
32.99,0.85,6.883596278099,0.808757697250244,0.917200266376211,0.649696239803495,0.268638423505077
33,0.85,6.86155662309897,0.810049937916906,0.916484309283654,0.650283929247703,0.269400353415065
33.01,0.85,6.83948889692299,0.811430336751151,0.914781042214868,0.65056846522326,0.271265667101242
33.02,0.85,6.81738985316589,0.810197387517266,0.916230432981087,0.6530720454207,0.267464527819484
33.03,0.85,6.79525630522106,0.809150035694928,0.914420623421632,0.650902365328248,0.269457448976901
33.04,0.85,6.77308512779987,0.810186096829581,0.914716738929977,0.650239851624171,0.269446595155745
33.05,0.85,6.75087325842655,0.811891246349664,0.917368681031574,0.649781190192563,0.269845182634223
33.06,0.85,6.72861769890729,0.81230503035618,0.918129891215098,0.647726096579459,0.271160021841252
33.07,0.85,6.70631551677237,0.815161336590741,0.916569552059625,0.649949997590624,0.269480334896391
33.08,0.85,6.68396384669018,0.810988813381049,0.918161240449828,0.648522782674129,0.269128582079465
33.09,0.85,6.66155989185192,0.814354491046239,0.918552055975127,0.647849502818577,0.26777508647027
33.1,0.85,6.63910092532583,0.812884487476433,0.916199380744666,0.648191581997698,0.267725852246657
33.11,0.85,6.61658429137967,0.815625544411472,0.915694911170215,0.646907877595156,0.26811856871797
33.12,0.85,6.59400740677032,0.81386659225806,0.913510880126085,0.648368268400918,0.271631553479309
33.13,0.85,6.57136776199938,0.81582788351303,0.915911541198255,0.64661006990988,0.27277195166309
33.14,0.85,6.54866292253335,0.819015880627234,0.914958748010286,0.64841849967422,0.269888626596521
33.15,0.85,6.52589052998758,0.817206088003898,0.91706120436348,0.648017061081999,0.27060233735589
33.16,0.85,6.50304830327245,0.817059474524258,0.914916425954952,0.648126047273305,0.270423972174298
33.17,0.85,6.48013403970085,0.818257545149925,0.915611883090667,0.648562498773687,0.268439070205178
33.18,0.85,6.45714561605584,0.819457356402859,0.915409495624424,0.649204765437312,0.271463045916277
33.19,0.85,6.43408098961714,0.823271250222208,0.915625473933261,0.645035834900352,0.271565379610795
33.2,0.85,6.41093819914569,0.823043415150648,0.916013253855019,0.646388027070936,0.270634629306082
33.21,0.85,6.38771536582477,0.823932518260654,0.91503343316757,0.646887461012019,0.269371092769306
33.22,0.85,6.36441069415705,0.823340023920903,0.913322512673779,0.646741717998742,0.269159037864478
33.23,0.85,6.34102247281612,0.827276473220709,0.915008189616447,0.644799164907176,0.270575318468014
33.24,0.85,6.31754907545193,0.82579521357179,0.915448656373183,0.645889464752879,0.270431693279203
33.25,0.85,6.29398896144863,0.827792566713055,0.914257416577579,0.64542089370953,0.27063183001914
33.26,0.85,6.27034067663436,0.825034331937393,0.911969473457487,0.648204354959784,0.267561335289019
33.27,0.85,6.24660285394166,0.830993613070855,0.914682327971603,0.646143360817635,0.269801337711665
33.28,0.85,6.22277421401793,0.829865043601602,0.912461703109368,0.648311152494246,0.2710671816744
33.29,0.85,6.19885356578486,0.828056944093464,0.911419351966425,0.642638283744858,0.266705720932665
33.3,0.85,6.17483980694609,0.82839047327972,0.910700081259783,0.644400441506959,0.268664403226135
33.31,0.85,6.15073192444239,0.828324179976296,0.912192473316878,0.645486486226725,0.270250316157718
33.32,0.85,6.12652899485348,0.83022700319677,0.913098262803064,0.643999241214936,0.270434198352718
33.33,0.85,6.10223018474599,0.828652927643256,0.91314795096105,0.645053521986767,0.271064608403983
33.34,0.85,6.07783475096673,0.830675953303176,0.910029740528871,0.647043547900719,0.269606002060874
33.35,0.85,6.05334204088075,0.832867424846364,0.912689392178891,0.644306679686284,0.269411176652865
33.36,0.85,6.02875149255376,0.835146263915011,0.911580696869283,0.645256612462635,0.270444954920265
33.37,0.85,6.0040626348781,0.834636916497441,0.910976865811222,0.646042595250026,0.270237969738773
33.38,0.85,5.97927508764219,0.83369267714067,0.912566722994085,0.644905032382719,0.270957229162057
33.39,0.85,5.95438856154281,0.836629688501042,0.912714063050945,0.64545789692482,0.267745155604345
33.4,0.85,5.92940285813989,0.836709958820079,0.913483238122834,0.642944060610464,0.269853688375312
33.41,0.85,5.90431786975368,0.836780233346255,0.912187027066208,0.644336182633512,0.269595878851216
33.42,0.85,5.87913357930391,0.839608143549552,0.911210789327963,0.644208001019522,0.269438326822883
33.43,0.85,5.85385006009084,0.839363674344412,0.909858491598008,0.645939783055795,0.26897469177896
33.44,0.85,5.82846747551806,0.839535225173361,0.911497367707498,0.644125516291955,0.269990515185174
33.45,0.85,5.80298607875706,0.841933963240515,0.9101848434228,0.64186469296934,0.268449258700529
33.46,0.85,5.77740621235349,0.843439346436919,0.911825646961184,0.641792501724248,0.269558511017063
33.47,0.85,5.75172830777518,0.845441490537328,0.912189395801389,0.643024305444214,0.267385560069831
33.48,0.85,5.72595288490213,0.842633998695149,0.910356760773475,0.641529560439473,0.267526023945528
33.49,0.85,5.70008055145861,0.844736729422979,0.909536597769836,0.645555149648861,0.270144736904472
33.5,0.85,5.67411200238765,0.84691375473378,0.907580726726046,0.644309866537531,0.270407142774467
33.51,0.85,5.64804801916814,0.845728119262443,0.908824559957328,0.641120502406435,0.27205570562037
33.52,0.85,5.62188946907508,0.84685728811852,0.910404557211243,0.644913559095941,0.269540846024835
33.53,0.85,5.59563730438329,0.847382627638285,0.907096844912809,0.644603713199668,0.270555474741297
33.54,0.85,5.56929256151517,0.849772885010547,0.910494835814698,0.644246132710306,0.271117317977826
33.55,0.85,5.54285636013303,0.849926248952698,0.908959509821746,0.643542513682334,0.271570641632587
33.56,0.85,5.51632990217659,0.850057619726624,0.908938672515663,0.643162103776922,0.270954356009774
33.57,0.85,5.49054006751787,0.852790702251826,0.90989621535098,0.642830069253477,0.2702280068041
33.58,0.85,5.47051376491898,0.852119188055292,0.907838970435231,0.64551302129604,0.271644153755668
33.59,0.85,5.45197482871706,0.852095284851493,0.908872931440698,0.643117105338937,0.270321365154305
33.6,0.85,5.43329936963735,0.853158013666814,0.908853652489264,0.645983762914021,0.270038512588887
33.61,0.85,5.41916156542013,0.855653576564086,0.907797221965995,0.646185892034442,0.272703563551568
33.62,0.85,5.41036878279578,0.856294118467962,0.907542576629557,0.644231977720452,0.270089275109429
33.63,0.85,5.40185145315696,0.85446713863229,0.905913810373286,0.644149099807745,0.270109985415938
33.64,0.85,5.3930845868014,0.855001621566872,0.910569486003223,0.64273141813136,0.269440447123674
33.65,0.85,5.38414505363049,0.85457867763951,0.907619203921263,0.642194182068744,0.267691340422256
33.66,0.85,5.3749947568975,0.854192738657795,0.908167150470411,0.642976009230456,0.268682523540071
33.67,0.85,5.36561725754785,0.856944551120752,0.908415670237913,0.640694788733736,0.271875138731414
33.68,0.85,5.35604605779536,0.855435610377549,0.906226247713261,0.64211024498593,0.272115192662548
33.69,0.85,5.34628777446971,0.856143651934913,0.908659349582308,0.643034585520541,0.270363607899828
33.7,0.85,5.33630747551994,0.857604533036451,0.906379421496979,0.641158855285192,0.270124726442124
33.71,0.85,5.32611044513261,0.857669327932548,0.90715384783447,0.644025676923067,0.271431272644289
33.72,0.85,5.3157473910157,0.859088009372971,0.907253751661554,0.642831999720191,0.269692422131548
33.73,0.85,5.3051777345778,0.855417889348061,0.907335600154958,0.645339017577073,0.269351109715772
33.74,0.85,5.29438681581766,0.858956095008336,0.907753933203813,0.644304552733605,0.270047094357691
33.75,0.85,5.28341407042326,0.857950039451644,0.90560834971793,0.644482497413161,0.270164594980747
33.76,0.85,5.27226758928419,0.859757857484145,0.904654361691497,0.64303594644419,0.269930780895125
33.77,0.85,5.26090744670701,0.857133942096885,0.905590510489979,0.644078660941439,0.271113466271108
33.78,0.85,5.24933873930274,0.860447610901994,0.906093081743482,0.642641557552308,0.272554725948947
33.79,0.85,5.23761150558698,0.861069630638983,0.907111833282097,0.644324882399415,0.266837245203247
33.8,0.85,5.22568683468613,0.861779839415025,0.904130607072748,0.642370987034117,0.269232191608814
33.81,0.85,5.21355107326045,0.860243825765558,0.905507697859621,0.644136345678735,0.271205501939959
33.82,0.85,5.20123937498604,0.86235423769875,0.904418585336416,0.643412760022648,0.270510527221119
33.83,0.85,5.18875955264562,0.860735750569475,0.904482189864178,0.6464508571923,0.270370837553094
33.84,0.85,5.17607748703817,0.865082890006787,0.904692852823098,0.644100697453042,0.269660748723029
33.85,0.85,5.16319948223319,0.863585565071284,0.903945189633563,0.643311782297651,0.270622037444829
33.86,0.85,5.15017661074766,0.86264307923303,0.902899750080892,0.641650096747509,0.267950398298256
33.87,0.85,5.13697005930523,0.8628094933639,0.901933612513501,0.642637863252355,0.266308257042891
33.88,0.85,5.12356655686685,0.862763661225047,0.901264054020034,0.645047099651726,0.269858267729596
33.89,0.85,5.11004861591699,0.867348307306273,0.902367631763141,0.643095409626655,0.267225600983031
33.9,0.85,5.09643245079162,0.866544626074074,0.90129261351734,0.64515308868183,0.267079144512702
33.91,0.85,5.08263415120357,0.863949266954561,0.902743190467636,0.641677751571716,0.271849690967974
33.92,0.85,5.06893506770751,0.866459294733029,0.905989781574596,0.643251080973372,0.269676858833599
33.93,0.85,5.057094667591,0.865993895471758,0.904570188408542,0.645027127544309,0.270832719737679
33.94,0.85,5.04563198612374,0.869880664180131,0.903190153654097,0.64562010711469,0.267031219395257
33.95,0.85,5.03398550466626,0.868264545892055,0.900658774912908,0.644214254901686,0.272713482655001
33.96,0.85,5.02320892423108,0.866294757469805,0.901910189876426,0.644294326452067,0.271435306690414
33.97,0.85,5.0134922509811,0.867539614033193,0.903221432575729,0.642867606841532,0.267946463835468
33.98,0.85,5.00369266757461,0.869376998331301,0.900330231659816,0.642585396398464,0.268832798099762
33.99,0.85,4.99387900469442,0.865367613249396,0.901952562284193,0.641391802430696,0.269679683049508
34,0.85,4.98520564634859,0.865111292015499,0.900024696257661,0.642657361296395,0.270362999487765
34.01,0.85,4.97671196954614,0.867794622566641,0.901207492673474,0.644914329995538,0.269334640660031
34.02,0.85,4.96803197559328,0.867993681969068,0.898811247868585,0.641925295285607,0.26884849675218
34.03,0.85,4.95915718196848,0.871024080017218,0.899666681276323,0.640861352820746,0.269373760503479
34.04,0.85,4.95009327896323,0.867429955837489,0.900463892373433,0.643968429566843,0.270323158092566
34.05,0.85,4.94084322452471,0.869327719656342,0.899909492683536,0.644492986993783,0.268770909350358
34.06,0.85,4.9314097592204,0.869241085290616,0.899473701650877,0.645035598614935,0.267487159435541
34.07,0.85,4.92179570041916,0.870378763679903,0.900455497341803,0.644677448009219,0.270053442450283
34.08,0.85,4.912003931036,0.869585733735277,0.897831929519911,0.642848358308016,0.268513584265507
34.09,0.85,4.90203739438319,0.871952237128073,0.8989425995661,0.642762602937303,0.271339911296927
34.1,0.85,4.89189909231725,0.87194767174399,0.900357043090996,0.64413097678956,0.271962164653512
34.11,0.85,4.88159208346801,0.869260563433781,0.898171832374379,0.643406705058058,0.26980930553983
34.12,0.85,4.87111948141234,0.872074390798192,0.895392869583908,0.645383058860138,0.271259417414537
34.13,0.85,4.86048445281884,0.87382888181452,0.897943172916691,0.646209113963535,0.267988928388803
34.14,0.85,4.84969021556816,0.871160617171069,0.89874680426018,0.644616034865279,0.270115361398876
34.15,0.85,4.83874003685054,0.873542526707071,0.898139018898864,0.643408460427696,0.268127165484021
34.16,0.85,4.8276372312427,0.870383763728701,0.895127537096466,0.644303907337232,0.269415746450271
34.17,0.85,4.81638515876583,0.873451951207983,0.895977693918044,0.646515950346303,0.270326834405405
34.18,0.85,4.80498722292656,0.872230479504958,0.896705147049911,0.643019556568276,0.270692873925239
34.19,0.85,4.79344686874299,0.875420381144999,0.896765340692512,0.644533709484753,0.269442585905435
34.2,0.85,4.78176758075758,0.874290029515114,0.89499388628035,0.645711577145611,0.268779582982895
34.21,0.85,4.76995288103885,0.873839399811553,0.892881644773207,0.64623902466443,0.269833168449745
34.22,0.85,4.75800632717385,0.876614342674963,0.89682272394224,0.64422488681929,0.272230537210016
34.23,0.85,4.74593151025317,0.878315741702337,0.896032220058622,0.643791987224071,0.271161886478451
34.24,0.85,4.73373205285051,0.87445334034944,0.895425068943223,0.644782011971989,0.269232778125988
34.25,0.85,4.72141160699864,0.876086542519477,0.894451247574242,0.643766850012851,0.272056728892017
34.26,0.85,4.70897385216356,0.877701421734003,0.896279579983271,0.646633951491747,0.270739623025193
34.27,0.85,4.69642249321875,0.876808507081338,0.89564549514223,0.646079334203629,0.272716772388571
34.28,0.85,4.68376125842131,0.875216386880218,0.892027699076028,0.645810837844635,0.26882285677417
34.29,0.85,4.67099389739178,0.877580575509388,0.892984380949142,0.647641013146324,0.27089928868278
34.3,0.85,4.65812417909938,0.879663103631971,0.894459971179319,0.645621984879791,0.267599895657156
34.31,0.85,4.64515588985447,0.878231142461897,0.895475551804656,0.64469285876735,0.271317949473734
34.32,0.85,4.63209283130979,0.878305777472269,0.893431794667243,0.645376540004628,0.270020028074377
34.33,0.85,4.61893881847243,0.880487166154473,0.892432901183626,0.645632734676824,0.268185171696221
34.34,0.85,4.60569767772777,0.879861142056382,0.892846389982534,0.64812551187967,0.268855390613204
34.35,0.85,4.59237324487736,0.879637093248673,0.893155851843699,0.647775551660478,0.271982375106493
34.36,0.85,4.57896936319209,0.880808419730728,0.893226158548288,0.64544857911804,0.270052891309528
34.37,0.85,4.56548988148223,0.879791640954451,0.894339522117955,0.64485635543648,0.269028697459431
34.38,0.85,4.55193865218585,0.880199132744488,0.893541216107373,0.647093300654419,0.267924841864758
34.39,0.85,4.53831952947694,0.882358390145636,0.891550195698214,0.646635923679704,0.269129561501375
34.4,0.85,4.52463636739483,0.880561418309096,0.890361168673163,0.646905214428222,0.270303647412547
34.41,0.85,4.51089301799599,0.885654611968384,0.89310405234161,0.648423621771887,0.27304066742535
34.42,0.85,4.49709332952978,0.881590703107239,0.892493022903712,0.649075189445315,0.270675987520947
34.43,0.85,4.48324114463917,0.883445313689785,0.88965751604114,0.650202957287863,0.268681250324413
34.44,0.85,4.46934029858781,0.884216561832439,0.890982919628171,0.648230517438625,0.267442396784021
34.45,0.85,4.45539461751439,0.8837797989789,0.887546340670567,0.651625654068384,0.270441503487569
34.46,0.85,4.4414079167157,0.884015424114252,0.889163339428287,0.649262761634328,0.268837685276906
34.47,0.85,4.4273839989591,0.883888869909646,0.889163567546316,0.648742877374127,0.269422983214265
34.48,0.85,4.41332665282565,0.885692039772526,0.890731641703432,0.647261177815989,0.269457402924074
34.49,0.85,4.39923965108464,0.886062120222894,0.886767804127726,0.650270404688303,0.271514703772294
34.5,0.85,4.38512674910068,0.887550634382692,0.888781909284508,0.648095725476562,0.268544932717748
34.51,0.85,4.37099168327376,0.887510322529002,0.888156513595313,0.648710842961686,0.27284918714428
34.52,0.85,4.35683816951364,0.886283525785741,0.888283083834116,0.647530681325818,0.269333341361654
34.53,0.85,4.34266990174866,0.888312208572428,0.889419461522793,0.649104808617883,0.271183271796551
34.54,0.85,4.32849055047016,0.88797533186116,0.886053591325345,0.650606989140591,0.269379642770737
34.55,0.85,4.31430376131285,0.888504504167263,0.885202509742493,0.650320390749213,0.269407290913207
34.56,0.85,4.3001131536718,0.888317387995052,0.887518429040298,0.648120609236534,0.269410549915056
34.57,0.85,4.28592231935645,0.8905609907277,0.885781269850764,0.647606067684283,0.272662638391163
34.58,0.85,4.27173482128226,0.891522976916855,0.885373296635611,0.649523541276128,0.269522056593993
34.59,0.85,4.25755419220031,0.89127307776485,0.882985554532348,0.650722730537214,0.268502289686333
34.6,0.85,4.24338393346513,0.89272058875329,0.88748671894567,0.652161940692668,0.268393073964198
34.61,0.85,4.22922751384127,0.890585017898188,0.885266190376803,0.65334398573405,0.270725244536033
34.62,0.85,4.21508836834854,0.892300573228901,0.884929295896595,0.64867325618432,0.269619988776221
34.63,0.85,4.20096989714649,0.893880453829695,0.886469058835642,0.649651493674665,0.2696464048342
34.64,0.85,4.18687546445797,0.8946530065229,0.884988340136482,0.651802311934212,0.270120459553624
34.65,0.85,4.17280839753196,0.895190872141742,0.884390192374237,0.648949190788468,0.271800405188411
34.66,0.85,4.15877198564587,0.89504965250089,0.883595564433742,0.65264967355276,0.272265357768252
34.67,0.85,4.14476947914703,0.896653124656005,0.884364618031892,0.651099244395357,0.270737228008257
34.68,0.85,4.13080408853352,0.896376566030916,0.882806390914213,0.652091055237557,0.269246892296738
34.69,0.85,4.11687898357427,0.895227241932559,0.881952515016661,0.650700054784586,0.270208300334024
34.7,0.85,4.10299729246812,0.896839888347938,0.882457310191354,0.650641247490513,0.270496127774251
34.71,0.85,4.08916210104181,0.896063076834174,0.881696667659159,0.650862132228203,0.269809670202249
34.72,0.85,4.07537645198661,0.90093209008007,0.88205570503129,0.65146816583364,0.269965360779422
34.73,0.85,4.06164334413341,0.896520265301794,0.88109822528195,0.65281987736984,0.269421998322383
34.74,0.85,4.04796573176581,0.90021932513958,0.88236753124519,0.653919848967554,0.268223628295749
34.75,0.85,4.03434652397102,0.900033312673795,0.883037606283283,0.651452472903687,0.270686840125838
34.76,0.85,4.02078858402813,0.899491429615558,0.879950349139348,0.651416903949407,0.270531949658239
34.77,0.85,4.00729472883339,0.899878147611319,0.881087914341498,0.650905272521033,0.270667786452639
34.78,0.85,3.993880223482,0.900718487745295,0.879198979190454,0.65221425522248,0.27094344981364
34.79,0.85,3.98056740533434,0.898048317608467,0.881069105497582,0.65576554794455,0.269791558496874
34.8,0.85,3.96733175855932,0.901056194953614,0.881228603056178,0.652210727895208,0.269921524421424
34.81,0.85,3.95417051782707,0.900867798639774,0.880467664494692,0.652608195712987,0.270463094095792
34.82,0.85,3.94108619098219,0.90311849933302,0.879657004177258,0.65214895875835,0.271427085597201
34.83,0.85,3.92808134903542,0.901199798645485,0.878057818360619,0.655946515358167,0.271041783644801
34.84,0.85,3.91515846750618,0.900934679782178,0.879929538154783,0.655171455854081,0.271948798906659
34.85,0.85,3.90231996843884,0.904963919426004,0.880138729554521,0.652493389121014,0.270780528326381
34.86,0.85,3.8895682244336,0.905368702526254,0.878471334397438,0.655552129083216,0.269218450756358
34.87,0.85,3.87690555825785,0.905192042434083,0.880928855114306,0.655512315232507,0.269761741300986
34.88,0.85,3.86433424258519,0.904494517609159,0.87879502677584,0.653566910097003,0.269810743661174
34.89,0.85,3.85185649981504,0.906892152464121,0.87500816462284,0.653865900876195,0.272564321629124
34.9,0.85,3.83947450192344,0.904701375001713,0.877830673789543,0.65335189203447,0.269920774171578
34.91,0.85,3.82719037034152,0.906936404886342,0.876530424822071,0.654196685030518,0.271748707167408
34.92,0.85,3.81500617586146,0.908761510184509,0.876079776029755,0.654921013135916,0.270435286324291
34.93,0.85,3.80292393856882,0.907496050286926,0.876496726711817,0.651438899844339,0.268566063231212
34.94,0.85,3.79094562780087,0.908718805603109,0.87514808431122,0.654543489276132,0.271784888309286
34.95,0.85,3.77907316212977,0.908808672289252,0.874225331497623,0.65107606697637,0.271902616168596
34.96,0.85,3.76730840937011,0.908750633758673,0.875644093220293,0.657927653718066,0.268425897508477
34.97,0.85,3.75565318660974,0.910930602353642,0.877936331968566,0.655491471532552,0.270936343082002
34.98,0.85,3.7441092602633,0.909836350766936,0.875418118336354,0.654780903440354,0.26949021248056
34.99,0.85,3.73267834614751,0.910085710705271,0.877683116798786,0.656423920109734,0.269977733753652
35,0,3.72136210957744,0.912086956228635,0.876059145281121,0.654469785500404,0.271182279393721
35.01,0,3.71016216548293,0.910202744856876,0.873190561297272,0.65372114889256,0.271208756832448
35.02,0,3.69908007854443,0.908508784719757,0.876262956907492,0.655533817805339,0.269929391313223
35.03,0,3.68811736334729,0.914612744311651,0.874023879136437,0.657781326629634,0.271877956426465
35.04,0,3.67727548455385,0.911397002733385,0.874966304560157,0.654599682335809,0.270618502733438
35.05,0,3.66655585709241,0.911707029696451,0.872465060671962,0.654617211210992,0.267912612230985
35.06,0,3.65595984636241,0.913064604987131,0.874063887614383,0.655765594965193,0.27022218938845
35.07,0,3.64548876845478,0.913062051322465,0.872676870214144,0.655027240034575,0.270571681226927
35.08,0,3.63514389038703,0.914654104096279,0.873749657896284,0.656841680140213,0.269182215011146
35.09,0,3.62492643035193,0.913765410703616,0.874710345566975,0.656384826417947,0.272090123774277
35.1,0,3.61483755797932,0.915999693910532,0.872279786105392,0.655952727978853,0.271416777612321
35.11,0,3.60487839461005,0.916104971772639,0.872173426890675,0.655492367926805,0.269961341587367
35.12,0,3.59505001358149,0.917573981634677,0.87204552915717,0.654399576875879,0.272190366536083
35.13,0,3.58535344052374,0.91659373128613,0.872692296916361,0.656837997537909,0.270971495827625
35.14,0,3.57578965366588,0.916043247129607,0.87078964251713,0.656371262287593,0.266778251297787
35.15,0,3.56635958415157,0.919700023386697,0.870888959045539,0.656235827583053,0.269463665636318
35.16,0,3.55706411636319,0.918555917980672,0.870215083003685,0.655726071751516,0.269468167924261
35.17,0,3.54790408825405,0.916035943038725,0.870792787497404,0.654573091141318,0.27202567861294
35.18,0,3.53888029168778,0.915768130104627,0.870949361709055,0.654586616080585,0.271597642952877
35.19,0,3.52999347278436,0.918092175585943,0.868908550013803,0.657040900025888,0.270270796365453
35.2,0,3.5212443322722,0.918721203181601,0.867985860688723,0.655574569407255,0.272667370685981
35.21,0,3.51263352584561,0.91955262404912,0.869064323909499,0.656962621765834,0.270521082504878
35.22,0,3.50416166452698,0.917603206949538,0.867738646652326,0.656639831150112,0.269345806505228
35.23,0,3.49582931503331,0.921021048993883,0.869259711403622,0.653035419759238,0.270512836706554
35.24,0,3.4876370001463,0.921423872684693,0.868492515561999,0.658549927697738,0.269965800606905
35.25,0,3.47958519908561,0.919078681290267,0.866546733268985,0.65685918708357,0.26913774474931
35.26,0,3.47167434788478,0.92200655013189,0.868007900980101,0.658393396004011,0.268046769220015
35.27,0,3.46390483976915,0.923277413519584,0.866021850066492,0.657438612348472,0.267787480938751
35.28,0,3.4562770255356,0.91962483732201,0.868419191925759,0.658855585852477,0.269496274851579
35.29,0,3.44879121393331,0.923339675413059,0.868198433773064,0.654579103774073,0.270235671781674
35.3,0,3.44144767204536,0.923357882137513,0.866480666835663,0.657111487312023,0.270533366298895
35.31,0,3.43424662567072,0.921533466053313,0.865273457289331,0.657796172017623,0.271213147792477
35.32,0,3.42718825970615,0.920335713066399,0.865341744882679,0.657135250648633,0.269920160138971
35.33,0,3.42027271852775,0.921873834041815,0.86484699053194,0.657689762929367,0.272365268117665
35.34,0,3.41350010637165,0.923330049591234,0.8666953543224,0.657877496386779,0.269413852466871
35.35,0,3.4068704877138,0.925317018988191,0.863998867466255,0.657190681993844,0.270060406188836
35.36,0,3.40038388764834,0.92350700493641,0.867155025333734,0.657175749649062,0.26896654987165
35.37,0,3.39404029226425,0.925082153127725,0.867622992300961,0.656374202280138,0.268247251478121
35.38,0,3.38783964902023,0.92336565848357,0.86330231151262,0.656654726580005,0.269303750526486
35.39,0,3.38178186711739,0.924164138081579,0.864067722076454,0.657463991230593,0.26832907461074
35.4,0,3.37586681786969,0.923301162435627,0.863508009180125,0.658991201228863,0.269065350221592
35.41,0,3.37009433507172,0.927020730463416,0.862354493300437,0.658330175128177,0.270412241908928
35.42,0,3.36446421536401,0.926189786088961,0.863507848167785,0.657905209642038,0.270558487602616
35.43,0,3.35897621859538,0.9234017201053,0.863659114629986,0.657113033993078,0.26972618740728
35.44,0,3.35363006818236,0.926973607710102,0.863512149169089,0.658183473907703,0.268932125257047
35.45,0,3.3484254514657,0.927022617334887,0.86286562985786,0.657488636492864,0.270213295685467
35.46,0,3.34336202006364,0.924827417380102,0.862635777660229,0.655913651883948,0.268814942803351
35.47,0,3.33843939022211,0.923005091019731,0.863670893157557,0.654925129630608,0.271818893226083
35.48,0,3.33365714316173,0.92633831490873,0.859731922391856,0.656357942944262,0.267836468898746
35.49,0,3.32901482542155,0.927610354552703,0.861785330404129,0.658293821530231,0.269398049264194
35.5,0,3.32451194919972,0.924708810219383,0.859232247225067,0.657478693944316,0.271968825412175
35.51,0,3.3201479926909,0.923869247533298,0.861451776636514,0.656851427218322,0.268337363759192
35.52,0,3.31592240042058,0.926545439862176,0.858338041865411,0.659438278805205,0.271253672594226
35.53,0,3.31183458357641,0.9284355168535,0.85939913250033,0.657148733807468,0.274353342963509
35.54,0,3.30788392033655,0.926760421348885,0.860692814808147,0.658068605301849,0.269851219774171
35.55,0,3.30406975619515,0.928237551378327,0.860093868134573,0.659608184763284,0.267204546827917
35.56,0,3.30039140428523,0.926314920956277,0.859558152551868,0.656236923712766,0.269368047152332
35.57,0,3.29684814569882,0.928873899951252,0.859539290500878,0.653625456130115,0.270719109695499
35.58,0,3.29343922980484,0.928030324673814,0.85724247438077,0.655355041317131,0.270325587921379
35.59,0,3.2901638745647,0.929183738637983,0.857368659726118,0.655240050998831,0.27116874803717
35.6,0,3.28702126684584,0.927223467033153,0.859380583696567,0.656157685129423,0.271847816136793
35.61,0,3.28401056273355,0.926704049729389,0.859110903155384,0.654857052038041,0.273421672505221
35.62,0,3.28113088784104,0.928692255717127,0.860690531037522,0.656722586417627,0.269976006544812
35.63,0,3.27838133761832,0.928862639382341,0.861180820829536,0.656654293605022,0.274717651363748
35.64,0,3.27576097765989,0.929138570284248,0.85962236102972,0.65629700989157,0.26639432176633
35.65,0,3.27326884401165,0.927423539279931,0.857483350827183,0.656449870006366,0.269593030337277
35.66,0,3.27090394347722,0.924906251354835,0.857789394164014,0.655942806857459,0.271873231664484
35.67,0,3.26866525392413,0.927070535347063,0.858670376273882,0.654605110969736,0.269554304147384
35.68,0,3.26655172458988,0.927013778894645,0.855504782945712,0.655838657534152,0.270049629179593
35.69,0,3.26456227638861,0.928543865883169,0.856025827564993,0.655372031260109,0.27058208782095
35.7,0,3.26269580221829,0.92842629335584,0.855689687609318,0.650844596371229,0.272161156610067
35.71,0,3.26095116726908,0.930630716295939,0.858195789043343,0.65633422181824,0.268351027836106
35.72,0,3.259327209333,0.92515036732847,0.856486093465064,0.654800037017111,0.270149401054523
35.73,0,3.25782273911545,0.926800090548203,0.855047125524047,0.656896858542851,0.273084283894938
35.74,0,3.25643654054875,0.92907261347774,0.855910622890683,0.654980819671543,0.267206242792656
35.75,0,3.25516737110821,0.931469819754443,0.853449847604214,0.655471178023692,0.268271801095281
35.76,0,3.25400255222793,0.927746001348244,0.854829380006781,0.65476303091827,0.273867012806197
35.77,0,3.25287107915302,0.928360392841169,0.854892496562411,0.656172025761426,0.270361923028912
35.78,0,3.25176070706017,0.926265147431004,0.853070172649712,0.653429186065028,0.269656996322147
35.79,0,3.25067118910887,0.928108951328225,0.853978577165628,0.653464284413764,0.270581910539374
35.8,0,3.24960227161417,0.927864226614841,0.853575847475171,0.654814770667388,0.270408314088796
35.81,0,3.24855369418934,0.92669510663099,0.853239975030684,0.651035259142101,0.271631561590766
35.82,0,3.24752518989156,0.92817602067766,0.851510929664079,0.655720777401896,0.269410531750453
35.83,0,3.24651648537051,0.926533858817701,0.854321589912413,0.654049197423347,0.269392826423002
35.84,0,3.24552730101984,0.92976297690119,0.853933241768877,0.652219852386155,0.268151433798993
35.85,0,3.24455735113129,0.927193309644825,0.851076722613794,0.654371279709008,0.268911111580865
35.86,0,3.24360634405161,0.924417285661616,0.853620317784274,0.654799449231267,0.268928914183551
35.87,0,3.24267398234186,0.929442828970465,0.852492666621275,0.654286903328292,0.27072354452643
35.88,0,3.24175996293933,0.926534559758029,0.855175128443725,0.654090215645148,0.268816662343367
35.89,0,3.24086397732175,0.927890506959828,0.853401743030332,0.651300414717115,0.269086285561058
35.9,0,3.23998571167379,0.928222083573935,0.85026504662303,0.654852640207914,0.270600632473115
35.91,0,3.23912484705572,0.927204680850052,0.848275490312255,0.652551413290902,0.270951574743815
35.92,0,3.23828105957415,0.928183622167458,0.852133836369848,0.653742111911488,0.2703317951624
35.93,0,3.23745402055482,0.930412361751196,0.848459612401802,0.653642108196915,0.268774673579789
35.94,0,3.23664339671716,0.927572673553377,0.853461647059337,0.652305535853598,0.270070338227801
35.95,0,3.2358488503507,0.927755484595855,0.851750696250565,0.652604589798294,0.269439551549375
35.96,0,3.23507003949313,0.92720367013154,0.851024818654246,0.652910988782671,0.271414627576362
35.97,0,3.23430661811004,0.929436627885306,0.847916380642651,0.653925280569401,0.27010568589374
35.98,0,3.23355823627597,0.929231007475311,0.848072767922477,0.65177471183034,0.270036393792144
35.99,0,3.23282454035699,0.931038880752195,0.84958547567374,0.651711567043612,0.26987481286054
36,0,3.23210517319452,0.929857170021135,0.848439312769596,0.650183624497461,0.269356507257311
36.01,0,3.23139977429034,0.926980713827079,0.847805070114673,0.652787291733075,0.27012208080138
36.02,0,3.23070797999266,0.926962819307472,0.848138739617124,0.651874815239482,0.270197831402182
36.03,0,3.2300294236832,0.926456936222222,0.849522614106841,0.647850538079481,0.270879527882905
36.04,0,3.2293637359652,0.927820943307243,0.847006715142603,0.650834372069064,0.269577523682394
36.05,0,3.22871054485211,0.93081499180542,0.849989653548341,0.648808595072969,0.271658696851622
36.06,0,3.22806947595712,0.92883009417132,0.846882929647454,0.652008630841073,0.270856342038721
36.07,0,3.23209538221162,0.927587622642656,0.845381986312363,0.652915442166686,0.269889050231048
36.08,0,3.23664754927668,0.928524864748462,0.847482445802053,0.650340509417012,0.269726243703747
36.09,0,3.23865960127854,0.92589153233569,0.847912759825937,0.651237241643297,0.269654154762963
36.1,0,3.24049570225834,0.927099590516545,0.845759166962853,0.650270026866448,0.270402943267888
36.11,0,3.24239589705156,0.927279985718561,0.84574576943436,0.647464889678003,0.270371665089137
36.12,0,3.24435449484748,0.927206844845457,0.843553950524237,0.649063467932858,0.270027990955288
36.13,0,3.24636666215899,0.927917970033443,0.84671809601829,0.650460768660866,0.268862217532989
36.14,0,3.24843024250727,0.926434123795142,0.846484411258533,0.650680562876778,0.267107086221402
36.15,0,3.2505433007862,0.92717038097406,0.846946403712946,0.648511144152774,0.271072679857286
36.16,0,3.25270388691396,0.928779955311926,0.845484522732973,0.650455571734838,0.269283650373275
36.17,0,3.25491004158096,0.924820445694738,0.845182664238067,0.650833018314253,0.272967512805061
36.18,0,3.25715979994709,0.926355711320455,0.842690956044023,0.64923817267679,0.271739781332852
36.19,0,3.25945119259656,0.926216183827755,0.847985988796047,0.649278603618927,0.271192329908915
36.2,0,3.26178224628191,0.925358632324729,0.843441116869225,0.648262483132068,0.269505288627669
36.21,0,3.26415098469027,0.926347052762904,0.843363425185017,0.650000447585562,0.269736812033156
36.22,0,3.26655542922532,0.926045006587291,0.843467365099033,0.647237379240317,0.268962932264604
36.23,0,3.2689935998021,0.925205030520183,0.844714761702151,0.646699886969756,0.269731633824611
36.24,0,3.27146351565393,0.92569022488133,0.844070629798022,0.648375318442533,0.268193852152436
36.25,0,3.2739631961513,0.925589092703834,0.843034828972938,0.649551926647778,0.270524311644046
36.26,0,3.27649066163249,0.924642230454664,0.843983860950569,0.647582527108377,0.270007178680002
36.27,0,3.27904393424554,0.924169297979412,0.84248512450203,0.648758501423288,0.272425166414437
36.28,0,3.28162103880126,0.926354169254384,0.842975484632245,0.647441854504797,0.268806207650975
36.29,0,3.28422000363693,0.926656284718004,0.842330675326282,0.64877919881425,0.269105799653148
36.3,0,3.28683886149022,0.923821016168891,0.840896988917049,0.646532944872665,0.271540970624832
36.31,0,3.28947565038307,0.927574253201921,0.841882125189,0.643310300738234,0.272625164418127
36.32,0,3.29212841451492,0.923912046257596,0.843400398102536,0.646919351406205,0.270494714904862
36.33,0,3.294795205165,0.92390185278452,0.843178603553225,0.647748319577542,0.270561654667897
36.34,0,3.29747408160302,0.922295027870362,0.841908381875083,0.646977805761761,0.26978200952968
36.35,0,3.30016311200785,0.92376872089543,0.842938630162573,0.645482763772295,0.267706899359282
36.36,0,3.30286037439372,0.92168705147105,0.843572835315233,0.646890099246859,0.27112761146322
36.37,0,3.30556395754316,0.923704611372647,0.842756172229738,0.646484214505568,0.268053947057198
36.38,0,3.30827196194641,0.923892126960966,0.841120700811997,0.646754302824972,0.272748706452233
36.39,0,3.31098250074638,0.922657602143197,0.841185784071446,0.646786737222919,0.269595517941038
36.4,0,3.31369370068882,0.92124002493043,0.841802180413735,0.648281396910181,0.270374367772425
36.41,0,3.31640370307685,0.920134400064022,0.841671155302254,0.645436779400438,0.270325139165599
36.42,0,3.31911066472933,0.921540007687673,0.839774229462985,0.647105167977365,0.270821386813295
36.43,0,3.32181275894231,0.923105844115746,0.842945371942659,0.644956027813334,0.268382187847133
36.44,0,3.32450817645286,0.92021839004495,0.840763725469991,0.645665010470705,0.268993231167711
36.45,0,3.32719512640465,0.919256535370855,0.839805370571165,0.643648394489449,0.269520991764433
36.46,0,3.32987183731447,0.920665245971196,0.840868632305793,0.645652491874531,0.272588681213221
36.47,0,3.33253655803895,0.921326325658179,0.842146337200849,0.645384062740811,0.271932230642707
36.48,0,3.33518755874077,0.920105048425214,0.840645947096181,0.644863368714087,0.269172991003409
36.49,0,3.33782313185351,0.921119420994427,0.838860784587782,0.647285167371691,0.271078824414971
36.5,0,3.34044159304448,0.919813902534992,0.838822826150093,0.643493467904718,0.270293539599499
36.51,0,3.34304128217457,0.920556225196553,0.842338792064441,0.646696372949354,0.269124840224773
36.52,0,3.34562056425445,0.922426148906553,0.837683223128531,0.64386625016898,0.270998201544308
36.53,0,3.34817783039625,0.918190101940452,0.839834291889839,0.645289753518122,0.268787990286534
36.54,0,3.35071149875994,0.918772539091483,0.841607503355152,0.644905449446621,0.271891242377966
36.55,0,3.35322001549342,0.918638975635465,0.837142261436846,0.643681468826398,0.269465317531207
36.56,0,3.35570185566578,0.919414378319542,0.838092005816061,0.643471835307442,0.267747528747444
36.57,0,3.35815552419266,0.917496253197296,0.838895980035738,0.641186724242553,0.269104516673379
36.58,0,3.36057955675284,0.917155514375507,0.837975752694847,0.642784421481573,0.271562411321977
36.59,0,3.36297252069553,0.918776203535251,0.838402340632921,0.645966181576707,0.272212996858729
36.6,0,3.36533301593708,0.917067308316146,0.840875199621119,0.642286771479852,0.269006134718157
36.61,0,3.36765967584671,0.917961946978013,0.83832580106024,0.644057295718698,0.269223329517674
36.62,0,3.36995116812004,0.919264540514109,0.836366030137397,0.644951481150233,0.269393458990272
36.63,0,3.37220619563987,0.914612091684215,0.838048034159237,0.643758590895603,0.26819735514057
36.64,0,3.37442349732325,0.919020955377343,0.835664722546187,0.644053073839037,0.272076568748917
36.65,0,3.37660184895401,0.917337692854928,0.839258233095734,0.644786838010515,0.270503521518618
36.66,0,3.37874006400006,0.918045252179931,0.837799588742245,0.645637126258469,0.271097857823722
36.67,0,3.3808369944145,0.913955527630842,0.837656701261391,0.645532903310032,0.270363360745639
36.68,0,3.38289153141986,0.919159567450671,0.837460499817565,0.642545530306906,0.268174641833311
36.69,0,3.38490260627468,0.917645983357752,0.83934848426542,0.64471785290018,0.269149227951986
36.7,0,3.38686919102156,0.917581798872473,0.834206668375407,0.644003345812334,0.270760082515483
36.71,0,3.38879029921612,0.91757718505793,0.837961736301457,0.643982418199118,0.271399365339758
36.72,0,3.39066498663604,0.914429554689702,0.835710313804251,0.645966861412342,0.270572410850031
36.73,0,3.3924923519693,0.914327588895192,0.836453853272713,0.642633036614833,0.270738428808784
36.74,0,3.39427153748125,0.915783250733725,0.836376266311035,0.642618539384007,0.27194581933823
36.75,0,3.39600172965963,0.915636724550984,0.836855726439352,0.644220086745278,0.271505774316293
36.76,0,3.39768215983684,0.916211183736088,0.834675473284575,0.643189801439005,0.271556322652871
36.77,0,3.39931210478903,0.913612470641016,0.833732434523719,0.644013479508996,0.269651831980939
36.78,0,3.40089088731113,0.916578691205885,0.837294119870511,0.644220683784345,0.268037051328318
36.79,0,3.40241787676755,0.914348068875644,0.834924181697514,0.64181305368513,0.269825883976581
36.8,0,3.4038924896177,0.917992804201199,0.835657359577352,0.644644458107943,0.269877043185813
36.81,0,3.40531418991598,0.914647263560104,0.834878122857883,0.642753819993964,0.269379734407917
36.82,0,3.40668248978565,0.914247324751551,0.834091361786671,0.644977359585331,0.269495417261454
36.83,0,3.40799694986616,0.916737724563159,0.834915953075956,0.642984053379845,0.269937298240751
36.84,0,3.40925717973348,0.913897416639372,0.832248333030677,0.64374995526995,0.271995769444425
36.85,0,3.41046283829293,0.914408238217018,0.836358283825396,0.644815880771553,0.269589942600832
36.86,0,3.41161363414431,0.915578543051037,0.83533249959245,0.640793331018966,0.27065861328184
36.87,0,3.41270932591874,0.915271146956463,0.832909506760191,0.643704393336406,0.270839377598206
36.88,0,3.4137497225871,0.91419964962755,0.834550287855858,0.643685219930724,0.269086023528192
36.89,0,3.41473468373967,0.914553499622902,0.831077611195116,0.644366231584699,0.270467834877693
36.9,0,3.41566411983674,0.912507183609616,0.833972540959469,0.643061654758168,0.269664333255694
36.91,0,3.41653799243001,0.913672190999319,0.832524399943704,0.642458246265658,0.273407384825089
36.92,0,3.41735631435447,0.91504403959735,0.834046569993413,0.643300115006592,0.272373890486449
36.93,0,3.4181191498908,0.914176491213669,0.836656899082463,0.644066153049118,0.272249432826229
36.94,0,3.41882661489803,0.913656091251357,0.834821817477439,0.641892642530496,0.269391067711381
36.95,0,3.4194788769164,0.913147460281934,0.83399181591324,0.645209755202226,0.271247314612455
36.96,0,3.42007615524048,0.913256036597015,0.829745702866531,0.643742474613439,0.271488070809463
36.97,0,3.4206187209624,0.914489728205986,0.834477490214862,0.642932037222166,0.270744153759697
36.98,0,3.42110689698528,0.913351524107992,0.833873563420846,0.642203699749032,0.269898282626139
36.99,0,3.421541058007,0.912864832007657,0.834653146317487,0.642835034467179,0.269278705104063
37,0,3.42192163047428,0.911109385266285,0.833271847447693,0.643368208949982,0.2685484485732
37.01,0,3.42224909250724,0.913264615581553,0.834182901271278,0.643393006747394,0.272057245983828
37.02,0,3.42252397379477,0.911923274229274,0.832657142499328,0.643536895167339,0.268734980630427
37.03,0,3.4227468554606,0.913058568447558,0.832901887448899,0.641230777292025,0.267303100565319
37.04,0,3.42291836990065,0.91441355179724,0.83261605761289,0.64280374080233,0.268407991049424
37.05,0,3.42303920059171,0.914631098567174,0.833375707664702,0.64358677553454,0.268860519501965
37.06,0,3.42311008187181,0.915269907717885,0.83221326140826,0.642711236748766,0.270790625682455
37.07,0,3.42313179869268,0.913573761339358,0.833037118658525,0.64511696057921,0.27035843300388
37.08,0,3.4231051863447,0.913521255542574,0.830058813995482,0.645935017497427,0.269125647871189
37.09,0,3.42303113015454,0.914771963802377,0.83372016192801,0.643465117011267,0.27002994464174
37.1,0,3.42291056515622,0.912178229910804,0.831868294746598,0.644259213116148,0.270286581506465
37.11,0,3.4227444757358,0.913233124981312,0.832180366590723,0.643951797214728,0.265372674860239
37.12,0,3.42253389525044,0.912060157416205,0.834103038062649,0.645130863020721,0.267855308626023
37.13,0,3.42227990562212,0.91294909870199,0.832298875924673,0.642798324871752,0.267349753138169
37.14,0,3.42198363690677,0.910741858997862,0.831902894292917,0.642349703545099,0.269961856142988
37.15,0,3.4216462668393,0.912132298106391,0.830813523152713,0.644712340899275,0.268886501191687
37.16,0,3.42126902035514,0.9144618606333,0.832336585666843,0.64559638999862,0.269325743009202
37.17,0,3.42085316908895,0.913686747957047,0.833315523251063,0.644192096768294,0.270178496197674
37.18,0,3.42040003085119,0.91011289978596,0.833233485570736,0.643091201912866,0.268436195453929
37.19,0,3.41991096908314,0.911484489673921,0.832782998348105,0.643592034217183,0.270374983143084
37.2,0,3.41938739229115,0.908424731908356,0.831129589682669,0.644734155411797,0.270592558328472
37.21,0,3.41883075346085,0.912470250757018,0.832012688352669,0.641199735728067,0.269033649868002
37.22,0,3.41824254945199,0.912918760979789,0.829834420117554,0.642138029193586,0.274946928643874
37.23,0,3.41762432037478,0.910613431589345,0.830476646983246,0.644993450506587,0.267302252960491
37.24,0,3.41697764894835,0.914118032008992,0.832863374672621,0.645404681030151,0.267790672602897
37.25,0,3.41630415984232,0.912663237048667,0.831756056809724,0.643911728463169,0.272509298147873
37.26,0,3.41560551900213,0.911297025851567,0.830596127186723,0.644898921662199,0.267797125859883
37.27,0,3.41488343295901,0.912038010201376,0.830393649552981,0.645864913694096,0.269530484197685
37.28,0,3.41413964812543,0.917130114153958,0.832523551020556,0.646503281453015,0.27041813715169
37.29,0,3.41337595007682,0.912084296917768,0.837219234342792,0.645020984800076,0.272771894598731
37.3,0,3.41259416282051,0.912475233044311,0.833550140773025,0.648198116661758,0.270182971487358
37.31,0,3.41179614805259,0.912423187884108,0.83157061850898,0.64545037911718,0.271571050092769
37.32,0,3.41098380440376,0.910077676334248,0.830817804619068,0.642526010686079,0.270957682587797
37.33,0,3.41015906667477,0.909911999662501,0.830016816723946,0.645443273969402,0.27314767916726
37.34,0,3.40932390506261,0.909399475874515,0.830973034642925,0.646075078806035,0.268833563264598
37.35,0,3.40848032437805,0.911052395394427,0.831777958237677,0.646263873393989,0.271666995164542
37.36,0,3.40763036325565,0.911842636745135,0.833950020918422,0.64586809018277,0.271504992588316
37.37,0,3.40677609335682,0.911893198612578,0.830111175072213,0.648360909782988,0.271410806398808
37.38,0,3.40591961856712,0.910041590254169,0.832018893798093,0.645537331047768,0.270253538963246
37.39,0,3.4050630741884,0.910560391832839,0.833219501250841,0.647629147068929,0.269952983628803
37.4,0,3.40420862612676,0.910332338646723,0.831647332634768,0.644757114658544,0.269133538062054
37.41,0,3.40335847007713,0.911040939982336,0.832097734239799,0.644487643597451,0.270189820306314
37.42,0,3.40251483070537,0.910529571037062,0.831404473417818,0.648968259707634,0.271396133221719
37.43,0,3.40167996082867,0.913856588767418,0.830922472570156,0.649634819238162,0.269855267058
37.44,0,3.40085614059501,0.908433639870091,0.83252349299306,0.648523800583498,0.269090446121724
37.45,0,3.40004567666267,0.912022779382062,0.834228361736697,0.647273748283668,0.270972231571714
37.46,0,3.39925090138041,0.909078684862397,0.832506768329017,0.648474190701726,0.267642389238347
37.47,0,3.3984741719692,0.91129319922837,0.830529619540052,0.646961425007879,0.268965023406038
37.48,0,3.39771786970612,0.910441885710599,0.833298441141605,0.647377012428959,0.270116011062801
37.49,0,3.39698439911149,0.911340797785198,0.829057015990332,0.648321911993612,0.269764756765047
37.5,0,3.39627618713953,0.91215284135751,0.832080221774481,0.646964946236468,0.2713816089756
37.51,0,3.39559568237368,0.911132931328722,0.831504685491416,0.649047360106385,0.270254289513074
37.52,0,3.39494535422696,0.909207778318313,0.827001245687391,0.647925557705838,0.271234190342244
37.53,0,3.39432769214823,0.912783587408297,0.832761260168445,0.645847270645045,0.270509879638338
37.54,0,3.39374520483488,0.90966591548922,0.831874193874809,0.650124427716612,0.270466693650364
37.55,0,3.39320041945271,0.908725717153339,0.834961928918884,0.649875078896749,0.27094428730585
37.56,0,3.39269588086347,0.91017902342646,0.832585296383781,0.647444559530497,0.268693514037886
37.57,0,3.3922341508607,0.911633212997754,0.829928355360117,0.647981574780327,0.271011550387539
37.58,0,3.39181780741446,0.909104776947253,0.830945366046289,0.649530051013548,0.270301337374509
37.59,0,3.39144944392544,0.91164455591175,0.832386243628006,0.651001332587086,0.270331641941142
37.6,0,3.39113166848892,0.911887639230537,0.832160090684735,0.650369830352729,0.270153824490089
37.61,0,3.39086710316922,0.909827389132398,0.829259874284288,0.651034038975444,0.26977194715311
37.62,0,3.39065838328481,0.911830121353707,0.835129500216004,0.651716449447537,0.270378543000325
37.63,0,3.39050815670481,0.910212008368546,0.834089306154964,0.648670687384134,0.270383785165338
37.64,0,3.39041908315708,0.910936385613725,0.834057132900725,0.648190137992924,0.270339306993879
37.65,0,3.39039383354834,0.913395844082489,0.828901866258016,0.646103610195859,0.268948706014145
37.66,0,3.39043508929663,0.910509994784513,0.832527071542644,0.647936322259713,0.2692091800583
37.67,0,3.39054554167647,0.908948215481706,0.832538034807381,0.650954161507548,0.269011192701896
37.68,0,3.39072789117695,0.909439319249311,0.833603937939751,0.648860688545728,0.269116733235037
37.69,0,3.39098484687302,0.909119219629984,0.833248292639447,0.651934071016165,0.271519561516992
37.7,0,3.39131912581026,0.909834437140983,0.833789928277156,0.65002126219789,0.268976865253072
37.71,0,3.39173345240316,0.909167357169315,0.830859607193956,0.647949361095098,0.270870599039568
37.72,0,3.39223055784736,0.907087127719579,0.831576705750948,0.65273040208847,0.269137679346654
37.73,0,3.39281317954562,0.913129949256483,0.832979492171499,0.65228483609126,0.269480492632868
37.74,0,3.39348406054794,0.908136256745737,0.828298140386697,0.647960319236136,0.268608977715742
37.75,0,3.3942459490058,0.908895865526835,0.830789015002078,0.649952262514002,0.268736105315625
37.76,0,3.39510159764044,0.910251042229136,0.832063282158593,0.649860722116768,0.269241819296884
37.77,0,3.39605376322542,0.909705801338068,0.831672326959458,0.650433273160711,0.269587078973972
37.78,0,3.39710520608328,0.910937726799861,0.832976283355958,0.653810244596203,0.269333579852114
37.79,0,3.39825868959628,0.909774766158787,0.83107882404744,0.652304389379671,0.269443855035283
37.8,0,3.39951697973134,0.909584510196019,0.832269965561981,0.651050191004646,0.273772881978009
37.81,0,3.4008828445787,0.911934966141291,0.833599710768765,0.652186183852983,0.269008763668624
37.82,0,3.40235905390461,0.909400470473008,0.831351054918307,0.650857193304697,0.271094490995043
37.83,0,3.40394837871758,0.911069200378181,0.831688138049297,0.651270555370255,0.270677206289741
37.84,0,3.40565359084815,0.911752361543639,0.8302629257934,0.64952280938626,0.268052965880683
37.85,0,3.40747746254198,0.909393794288058,0.834015808672936,0.653364284670133,0.268385796915514
37.86,0,3.40942276606594,0.907801419958239,0.833811632219581,0.652210913931931,0.269114830523096
37.87,0,3.41149227332703,0.908481792931859,0.83421050173579,0.650421138458087,0.269660857285126
37.88,0,3.4136887555038,0.906480213331662,0.832971664643698,0.652652555891572,0.269887844753001
37.89,0,3.41601498269,0.908930906921008,0.832193641715322,0.653330561323963,0.270387222665445
37.9,0,3.41847372355008,0.908125501550799,0.831240585933078,0.651338352132374,0.265964475145644
37.91,0,3.42106774498624,0.906988465024814,0.832563740205259,0.653845548860693,0.269992533608495
37.92,0,3.42379981181658,0.905827621769583,0.83295239545822,0.65456093405176,0.270195408863084
37.93,0,3.42667268646403,0.908456764655537,0.834141054920776,0.653878747157763,0.270766896813706
37.94,0,3.42968912865561,0.907945806830253,0.832603404852617,0.653709656393308,0.268727082129933
37.95,0,3.43285189513151,0.908025631750241,0.834068495259456,0.652579728409482,0.27073869038857
37.96,0,3.43616373936369,0.907566916593299,0.834918838525764,0.652958497131957,0.26907628251689
37.97,0,3.43962741128335,0.90508828233674,0.831631580226086,0.654798219282243,0.269698617660653
37.98,0,3.44324565701682,0.905860531051712,0.832164817611255,0.653107135230587,0.267285824405783
37.99,0,3.44702121862949,0.90647843526433,0.832628702362142,0.653804748201943,0.270541216733275
38,0,3.45095683387699,0.907071543830687,0.832578472673371,0.65209703089276,0.271721803929972
38.01,0,3.45505523596328,0.90563494074394,0.833445593697924,0.655418316192848,0.269121665954116
38.02,0,3.45931915330507,0.901930704380796,0.833878605853229,0.653101388693903,0.270539080812131
38.03,0,3.46375130930182,0.904642643153404,0.832701520402448,0.653531944629538,0.269071199682071
38.04,0,3.46835442211092,0.90326680121899,0.835540798015158,0.654310936360723,0.27039155968865
38.05,0,3.47313120442738,0.90396228124869,0.831167863761147,0.655191928485592,0.272032919293038
38.06,0,3.47808436326733,0.902439626264958,0.835097332142477,0.654762699144082,0.270282879674768
38.07,0,3.48321659975485,0.902224274491459,0.835459679265951,0.652337664964764,0.271277086620406
38.08,0,3.48853060891134,0.902176196669307,0.834505208654991,0.654995250554727,0.267531408265769
38.09,0,3.49402907944693,0.903308366835013,0.835621082865388,0.658369613879739,0.270200122896171
38.1,0,3.4997146935531,0.903060274708889,0.836826902927259,0.656073906699399,0.268200647853635
38.11,0,3.50559012669604,0.901575769097552,0.836855067457519,0.655542203871466,0.27170937748402
38.12,0,3.51165804740991,0.902448295965687,0.833389892776827,0.655067251117447,0.270869415748621
38.13,0,3.51792111708942,0.90246783058445,0.832806554218938,0.653744840551483,0.271617862073476
38.14,0,3.52438198978099,0.901798838496041,0.834884040600461,0.657872193511956,0.268589160574332
38.15,0,3.5310433119719,0.902091582084812,0.834284321253067,0.656173247478533,0.267200913921211
38.16,0,3.53790772237657,0.900046943271819,0.83642868122599,0.65529427113097,0.269918851225138
38.17,0,3.54497785171947,0.897846652515796,0.833768911144381,0.655378276004513,0.268947663159338
38.18,0,3.5522576919908,0.898163365119433,0.8343085376603,0.655620474970112,0.272100222561292
38.19,0,3.55976879239825,0.897461116430774,0.837670243114741,0.654592062530073,0.269980310724689
38.2,0,3.56750364249421,0.899751399180676,0.836430560761292,0.656508262271139,0.27127091806633
38.21,0,3.57545656895785,0.897015488621134,0.835231212155336,0.653786566839857,0.270381003846692
38.22,0,3.58362914355431,0.898048880854661,0.837526171854133,0.654248464631917,0.27182103391106
38.23,0,3.59202391871987,0.896136102725202,0.836216746406244,0.658918574609028,0.269118930722198
38.24,0,3.6006434845629,0.898339305935163,0.836344159538805,0.655460248390468,0.268549930596152
38.25,0,3.60949041628263,0.896229857339071,0.835360610987743,0.656777464464377,0.269196539344465
38.26,0,3.61856727782682,0.897779163602161,0.838744809577729,0.657585963997247,0.267313813798938
38.27,0,3.62787662272667,0.896825853566087,0.837169782531503,0.657913307470376,0.270539071470812
38.28,0,3.63742099390143,0.894747968513022,0.836875369428884,0.654289517868783,0.269577002141626
38.29,0,3.64720292334886,0.896616208984539,0.83454032740874,0.658539655064748,0.270821811285116
38.3,0,3.65722493182123,0.894720259188779,0.836105067586719,0.658343821280146,0.268358675338837
38.31,0,3.66748952848944,0.894303705783014,0.835664395576773,0.655933226699921,0.271744949471343
38.32,0,3.67799921059338,0.890573386545374,0.83517053736719,0.656053242177524,0.272440235194055
38.33,0,3.68875646307826,0.893124567605975,0.83532151246847,0.656884094644017,0.270786724110665
38.34,0,3.6997637582159,0.893040179962788,0.835574399961122,0.657757818963268,0.268479170671831
38.35,0,3.71102355521068,0.892461804786749,0.83914836021086,0.655948031290731,0.272312371198866
38.36,0,3.72253829978939,0.889961007667702,0.837227427787024,0.654268186969509,0.268757830712585
38.37,0,3.73431042377457,0.890283164890968,0.837292919308149,0.656851475419368,0.271213931449472
38.38,0,3.74634234464067,0.893053229481384,0.840427877834457,0.657652701440444,0.270185401331136
38.39,0,3.75863646505265,0.888263282249918,0.837390583179252,0.656401773506726,0.270708848422406
38.4,0,3.77119517238643,0.889674441769873,0.835216378122522,0.65655817720238,0.267993546626065
38.41,0,3.78402083823068,0.889390009343954,0.838242335830001,0.659386812514688,0.27029682756276
38.42,0,3.79711581786966,0.887915545794025,0.839143526712587,0.65863732662826,0.270741537961626
38.43,0,3.81048244974643,0.885899429330711,0.838733173649875,0.658877920457407,0.270058669966801
38.44,0,3.82412305490625,0.887696288265509,0.838283972622299,0.656962582041148,0.269267031946299
38.45,0,3.83803993641959,0.886503569360898,0.839904992748287,0.658542794440593,0.270906386101905
38.46,0,3.85223537878454,0.883452589834807,0.840001267316097,0.658288773573304,0.270049997396266
38.47,0,3.86671164730813,0.883605989638776,0.84158146958616,0.655141371406383,0.269793947057949
38.48,0,3.88147098746635,0.883539072687234,0.840544266667869,0.656910017075306,0.26977884416337
38.49,0,3.8965156242426,0.884023775149987,0.838934593339127,0.655174857031957,0.27060535951111
38.5,0,3.91184776144415,0.881555337371544,0.84038361236293,0.656967994150819,0.27077853413847
38.51,0,3.92746958099659,0.880860689804219,0.839304869380637,0.660812274924479,0.267203163159012
38.52,0,3.94338324221591,0.880147060046004,0.841194300989198,0.658059137922157,0.270135216277887
38.53,0,3.95959088105809,0.881586706697715,0.839234437003513,0.656821763648375,0.271508635460847
38.54,0,3.97609460934608,0.881158161029845,0.843153401328097,0.657023057308833,0.270155396460412
38.55,0,3.99289651397402,0.874811254418855,0.841925876681807,0.658102306319671,0.26970160197449
38.56,0,4.00999865608871,0.87836015518009,0.84099233772845,0.655676708943349,0.270039875422969
38.57,0,4.02740307024812,0.878245805418243,0.840330047187076,0.655899930777038,0.269485068891472
38.58,0,4.04511176355712,0.876813413197236,0.840693733426187,0.6555353840415,0.267571145610948
38.59,0,4.06312671478034,0.875987464689617,0.841407237734474,0.654589356556783,0.267629317210586
38.6,0,4.08144987343227,0.872748702047334,0.839145348455287,0.656842685218998,0.270533405874535
38.61,0,4.10008315884468,0.873277253138474,0.841572112897002,0.655141434250157,0.271545406621945
38.62,0,4.11902845921152,0.87488312685978,0.840833734740412,0.656954492288489,0.269114828126673
38.63,0,4.13828763061146,0.874582706330185,0.841541714935851,0.653871853649413,0.270781288883843
38.64,0,4.15786249600828,0.872254967709099,0.844926452635563,0.65668089721849,0.271795369693677
38.65,0,4.17775484422939,0.869984154044206,0.843091971110664,0.655526039445369,0.267772095237046
38.66,0,4.19796642892276,0.870968424929978,0.839569321143654,0.656432478098705,0.270173242024111
38.67,0,4.21849896749256,0.869337134237305,0.84280035386154,0.656186387630316,0.270781389450714
38.68,0,4.23935414001399,0.868320026597268,0.843815744065948,0.65399118587086,0.270254532019548
38.69,0,4.2605335881276,0.868084925847075,0.843896740676037,0.65579007806276,0.269414212545943
38.7,0,4.28203891391367,0.866911228456389,0.844076673012683,0.656245688412617,0.266552733967115
38.71,0,4.30387167874698,0.865624390436828,0.843102915463299,0.654168678235332,0.26946797994105
38.72,0,4.32603340213279,0.869319547337414,0.839986758971303,0.655461573288978,0.270800541032096
38.73,0,4.34852556052439,0.863324046041696,0.842126696552524,0.656046893943189,0.271964943127734
38.74,0,4.37134958612294,0.863478974089811,0.84354911228986,0.656217572928762,0.265913338304933
38.75,0,4.39450686566025,0.863242709975414,0.845315357920958,0.655992874395488,0.269164580945104
38.76,0,4.41799873916532,0.862011223543366,0.843618728683509,0.656503284341192,0.266831690703224
38.77,0,4.44182649871529,0.861120050122944,0.846116976387564,0.65341280991019,0.270128135568408
38.78,0,4.46599138717165,0.859985939881956,0.845912948627258,0.656082542871396,0.270072451967351
38.79,0,4.49049459690261,0.858307713840697,0.844619832291518,0.654910682905823,0.269643352395425
38.8,0,4.51533726849251,0.857190020060629,0.84269931445906,0.654552196211725,0.267373377186152
38.81,0,4.54052048943918,0.853732833874,0.844230171431675,0.656282661415432,0.272134170159044
38.82,0,4.56604529284034,0.85328648250463,0.847903315804085,0.65476494309943,0.267917030685877
38.83,0,4.59191265606995,0.853757356019023,0.842864023180098,0.652288058360169,0.270283341104591
38.84,0,4.61812349944571,0.856006255119608,0.848516536127642,0.654034010066139,0.27220038749343
38.85,0,4.64467868488877,0.851433662157804,0.844739635478819,0.654288540599955,0.270959143804359
38.86,0,4.67157901457685,0.847877805727167,0.845270082008001,0.656295708115327,0.269576901229582
38.87,0,4.69882522959198,0.85152419546701,0.846333976053884,0.65517751340644,0.269178770823284
38.88,0,4.7264180085641,0.848291408767565,0.848129019935174,0.653205495891205,0.2667248374912
38.89,0,4.7543579663119,0.849984886625058,0.846675267688099,0.652703953101725,0.271153166864948
38.9,0,4.78264565248209,0.847552204060746,0.846859650331112,0.656629826882722,0.267339612127256
38.91,0,4.81128155018865,0.844322268972224,0.84715335530469,0.654855898511248,0.268957024801452
38.92,0,4.84026607465338,0.843373771098618,0.847758657136137,0.653605964848792,0.269732492327123
38.93,0,4.86959957184928,0.845628919074131,0.848939762577655,0.657026662694399,0.271689656420173
38.94,0,4.89928231714822,0.842189678595961,0.846655868555081,0.65245927990359,0.270292656093214
38.95,0,4.9293145139744,0.842179141189315,0.850580619423156,0.655325030517006,0.269564190965872
38.96,0,4.95969629246534,0.840204006160422,0.850341228042195,0.655589598743037,0.268796497020172
38.97,0,4.99042770814184,0.840045817439467,0.849422321733429,0.65394332983008,0.270957328591431
38.98,0,5.02150874058863,0.840733844843837,0.846922389759737,0.651031527920192,0.268441027680806
38.99,0,5.05293929214737,0.839515824577389,0.848760394802347,0.651402733720606,0.26957046219569
39,0,5.08471918662383,0.835059192108161,0.847875053039487,0.649863813841381,0.270061574226628
39.01,0,5.11684816801073,0.836260580395156,0.851139931335404,0.655555796539474,0.27023204969065
39.02,0,5.14932589922836,0.834541248033503,0.848607088493118,0.652647903426609,0.271240137901907
39.03,0,5.18215196088438,0.83458539449588,0.849948096967782,0.654621729513941,0.269175859673562
39.04,0,5.21532585005504,0.831857466379114,0.85169874297137,0.653679540664379,0.271162353836257
39.05,0,5.24884697908934,0.832707565019988,0.84655158721219,0.651235579207996,0.270230573864293
39.06,0,5.2827146744381,0.829542141737813,0.850280848037234,0.654576437083581,0.271769656173877
39.07,0,5.31692817550995,0.827490861451542,0.851961942801268,0.653333384624483,0.270394799020914
39.08,0,5.35148663355589,0.827504607443616,0.85107362756887,0.654328376884516,0.267653874180179
39.09,0,5.38638911058456,0.825604030256626,0.852586918222196,0.652671516896289,0.269867912177557
39.1,0,5.42163457831013,0.824877201802493,0.847673321356275,0.653967087282366,0.269218487936554
39.11,0,5.45722191713452,0.824897104910586,0.851498494667837,0.652190793002261,0.271669902875965
39.12,0,5.49314991516619,0.823794523188308,0.854306799791678,0.650797825099423,0.269679865249528
39.13,0,5.52941726727732,0.821224744296727,0.852964530784271,0.651114031453493,0.270797139752497
39.14,0,5.56602257420129,0.822804733364901,0.853344254327389,0.651624785094564,0.268587103425194
39.15,0,5.60296434167243,0.822014639723635,0.853180017474363,0.651052848799443,0.27053623638868
39.16,0,5.64024097961019,0.81838443525386,0.851903985532069,0.652718867174422,0.271082666400339
39.17,0,5.67785080134932,0.817839457162883,0.853729702534153,0.647379352735987,0.272728006858911
39.18,0,5.71579202291829,0.817863090062421,0.851962461817703,0.651576026907339,0.270548287356376
39.19,0,5.75406276236774,0.814504373566867,0.853340601135084,0.651540165083167,0.269406134295066
39.2,0,5.79266103915092,0.812630771011823,0.853391423536114,0.653684627347243,0.268804928987081
39.21,0,5.83158477355803,0.814087116957709,0.852709886077435,0.651184749518103,0.271063126425229
39.22,0,5.8708317862062,0.809663095581882,0.854949524751301,0.651790309018411,0.269240032933759
39.23,0,5.91039979758721,0.810112843708423,0.853135400897126,0.648499833733012,0.268148049578133
39.24,0,5.95028642767447,0.809574192825972,0.852353201178279,0.652091541371788,0.269560384527335
39.25,0,5.99048919559131,0.809216485886194,0.854798182543379,0.650268916904657,0.271878773472438
39.26,0,6.03100551934227,0.807762719679421,0.854928734063758,0.649422949172879,0.270766492498618
39.27,0,6.07183271560894,0.805198149607575,0.855415331856537,0.650358063031274,0.26914150148624
39.28,0,6.11296799961232,0.805059978458393,0.855158152595966,0.649842041286012,0.269974715894308
39.29,0,6.15440848504319,0.806085003650726,0.855924336826539,0.652551402462766,0.271929907309173
39.3,0,6.19615118406199,0.80222880787732,0.854634985331245,0.65046061527897,0.271479383941588
39.31,0,6.23819300737002,0.801937124195957,0.85570562982635,0.650112209175055,0.273334610677876
39.32,0,6.28053076435318,0.800964187806806,0.855961166395809,0.646959120698965,0.267845856467178
39.33,0,6.32316116329991,0.801582085401882,0.855808261685589,0.652160416620261,0.269988753630038
39.34,0,6.36608081169451,0.796000850664579,0.857169444469231,0.651153199668126,0.267611748221566
39.35,0,6.40928621658742,0.799998294794663,0.860227459521377,0.649288530284835,0.271247446594307
39.36,0,6.45277378504337,0.798285068158422,0.859517360029132,0.64941589890454,0.269882841588622
39.37,0,6.49653982466896,0.796675809572604,0.859758718329929,0.647461818056949,0.272764643923911
39.38,0,6.54058054422052,0.794632717697007,0.856472099340444,0.648517459684561,0.27335339833314
39.39,0,6.58489205429335,0.792433956661025,0.857666473240942,0.649195392864407,0.270335644368594
39.4,0,6.62947036809343,0.791363428384824,0.858550373224179,0.648022225899468,0.269851908429487
39.41,0,6.67431140229227,0.792117149322642,0.860880014992461,0.647893347089323,0.266984444086236
39.42,0,6.71941097796595,0.788683346204721,0.857937096507157,0.647976847037685,0.27233921742172
39.43,0,6.76476482161884,0.787732498006505,0.857195205766738,0.648210987572017,0.271142168943614
39.44,0,6.81036856629283,0.783977273547442,0.860129850743657,0.647280942634874,0.270341100051616
39.45,0,6.85621775276243,0.785867367040602,0.859531892106579,0.648603749131955,0.268162279329081
39.46,0,6.9023078308163,0.781101164407373,0.861442538120631,0.64495898756157,0.269660842964821
39.47,0,6.94863416062561,0.784133851023418,0.85974610445436,0.646339097277247,0.27084667428274
39.48,0,6.9951920141993,0.783379394400187,0.864103637297346,0.646426169819215,0.267965361063581
39.49,0,7.04197657692658,0.781886169067133,0.862288015391804,0.647448462702704,0.269949305743091
39.5,0,7.08898294920668,0.77927470209992,0.863501334167145,0.648470211159858,0.270967729532939
39.51,0,7.13620614816579,0.780316657925526,0.859177659929703,0.645172439926421,0.269655401967199
39.52,0,7.1836411094609,0.779832326621736,0.862697013320092,0.646516770314164,0.268428009293442
39.53,0,7.23128268917063,0.776467477782509,0.864703261718099,0.644561812883689,0.269770029378385
39.54,0,7.27912566577237,0.773985706073675,0.86196752835669,0.645147368034487,0.270638723123208
39.55,0,7.32716474220533,0.773225627950637,0.860975365902167,0.64483124287574,0.270687163772234
39.56,0,7.37539454801905,0.773305315639607,0.861400696754907,0.64566058133644,0.269384748882345
39.57,0,7.42380964160659,0.771135571055199,0.863922872093235,0.64734111181097,0.271891675326314
39.58,0,7.47240451252147,0.769280075103053,0.865042468793603,0.640795394845011,0.268575298232539
39.59,0,7.52117358387777,0.767733503787987,0.863872155950913,0.647712522809168,0.269741793837083
39.6,0,7.57011121483203,0.769086079209347,0.865272546033849,0.646126508565975,0.268615941729719
39.61,0,7.61921170314605,0.767498481802077,0.865425488940436,0.643201508877381,0.270632499260314
39.62,0,7.66846928782919,0.768431141941383,0.863702467322338,0.643357362299213,0.272829350037973
39.63,0,7.71787815185899,0.764101417075794,0.86516448675537,0.643959213540136,0.271496000306615
39.64,0,7.76743242497842,0.763810255148671,0.865162115518274,0.648541056425001,0.271922227466088
39.65,0,7.81712618656832,0.762068833637145,0.865984787846078,0.643066101074517,0.270990218274087
39.66,0,7.86695346859345,0.761445771138685,0.866823290897729,0.645088150484404,0.267359457492773
39.67,0,7.91690825862,0.760976479670827,0.865570599563317,0.642854679301849,0.271176198413907
39.68,0,7.9669845029031,0.759259939686658,0.867861647366202,0.644183699757595,0.269301364024466
39.69,0,8.01717610954202,0.757986090456297,0.867146824798458,0.643873708523486,0.268308885569958
39.7,0,8.067476951701,0.754517213463219,0.865558053502775,0.644271809317724,0.269142561989798
39.71,0,8.11788087089358,0.756225464096067,0.866597619683301,0.646181052423239,0.271214161835511
39.72,0,8.16838168032809,0.754049258350536,0.866961981562389,0.644228324879273,0.269837939455933
39.73,0,8.21897316831181,0.752305682813747,0.868802300514838,0.645302455789048,0.269887952626781
39.74,0,8.26964910171139,0.751346535356188,0.868996834064351,0.644080003472723,0.272654949164605
39.75,0,8.32040322946696,0.75480633376697,0.866811960816822,0.641450270791937,0.269838729359372
39.76,0,8.37122928615698,0.74863114701994,0.869662716838243,0.645682018373295,0.267377724900792
39.77,0,8.42212099561151,0.749918801613937,0.868012227675538,0.642859253547149,0.271759371248698
39.78,0,8.4730720745705,0.748925579714451,0.867601840929235,0.64282272657228,0.268716755621672
39.79,0,8.52407623638469,0.747325572836715,0.869884910792585,0.64569530706568,0.269018173378926
39.8,0,8.57512719475561,0.747067379134807,0.872283193584183,0.64634431332725,0.270274405501085
39.81,0,8.62621866751205,0.745686921217262,0.871109583982741,0.644369602339426,0.27099848742603
39.82,0,8.67734438041946,0.746158128502709,0.871424157127465,0.644926192378347,0.268835287656238
39.83,0,8.72849807101922,0.742708270011024,0.872258102450801,0.643725364682436,0.270220323188705
39.84,0,8.77967349249451,0.739965640861965,0.868533377035747,0.64431939622945,0.270916880041574
39.85,0,8.83086441755936,0.742009396974981,0.872828609593707,0.64377763906866,0.271383624059808
39.86,0,8.88206464236751,0.742482153414912,0.871915849877383,0.643651420952473,0.269698059654709
39.87,0,8.93326799043774,0.739668477332073,0.871158040282273,0.646226677319715,0.269844496853163
39.88,0,8.98446831659185,0.736286501426619,0.869058192205652,0.641861663834163,0.271258792620384
39.89,0,9.03565951090217,0.737793674044953,0.871553779545909,0.642695425837569,0.26904731852473
39.9,0,9.08683550264476,0.733959632331919,0.872034096887258,0.641362229240906,0.269314754649796
39.91,0,9.13799026425473,0.735482229489648,0.872648190220209,0.643181234854465,0.269775192357206
39.92,0,9.18911781528018,0.73564389601644,0.872092716865902,0.642680643803526,0.270771194296328
39.93,0,9.24021222633099,0.733779698940011,0.875656862736881,0.642622117347573,0.269631334633187
39.94,0,9.29126762301887,0.732700662069637,0.873174140973681,0.643345881840183,0.271020604594615
39.95,0,9.34227818988495,0.732237606269366,0.872737975378706,0.640088848962145,0.269971712940511
39.96,0,9.39323817431127,0.729547519270358,0.873543392992889,0.639305958501096,0.26850266670473
39.97,0,9.44414189041251,0.731663656527738,0.874137254385078,0.642260880259013,0.270562695969925
39.98,0,9.49498372290425,0.728896120803138,0.872023619542411,0.643368474674426,0.271248630724052
39.99,0,9.54575813094419,0.726417431360006,0.872887768521437,0.643351925917061,0.268034573842365
40,0.85,9.59645965194247,0.726327593748612,0.875573507415759,0.642409110111894,0.270380328454765
40.01,0.85,9.64708290533783,0.722761141497633,0.874335352290371,0.645565448314982,0.270759882597354
40.02,0.85,9.69762259633568,0.723505450062362,0.876993623346717,0.64273869857807,0.270413006790139
40.03,0.85,9.74807351960465,0.724282793458749,0.877555934271756,0.645616767044981,0.270520953671976
40.04,0.85,9.79843056292816,0.724813667084096,0.873919130581657,0.641551203569248,0.270107395824834
40.05,0.85,9.84868871080741,0.724003236171697,0.876928306695962,0.643014520320554,0.267565430185896
40.06,0.85,9.89884304801242,0.721332595977404,0.87816027988151,0.645649304108763,0.270768547397035
40.07,0.85,9.94888876307779,0.721290746964903,0.878761971515784,0.644462165123829,0.270418442317678
40.08,0.85,9.99882115173963,0.719171468626544,0.876861022962742,0.642641301183369,0.270524106784203
40.09,0.85,10.0486356203106,0.718052966157976,0.879273641079077,0.641469082437535,0.273054769701404
40.1,0.85,10.09832768899,0.718112206752413,0.880572494881045,0.642999215113706,0.271752740595152
40.11,0.85,10.1478929951052,0.718407348970405,0.876993621124485,0.64254494233969,0.267694946978506
40.12,0.85,10.1973272962819,0.714452793438746,0.878331666421446,0.643764372404845,0.269008022267089
40.13,0.85,10.2466264735404,0.713575417620732,0.879055770515403,0.639535730540939,0.269756887971368
40.14,0.85,10.2957865343139,0.711724345151706,0.880082833180294,0.642699125860351,0.269769856738572
40.15,0.85,10.3448036153876,0.714371504203193,0.878083416202461,0.644066724025853,0.270932915969601
40.16,0.85,10.3936739857545,0.714669863457454,0.881668787961548,0.645668103124205,0.267151403404266
40.17,0.85,10.4423940493856,0.713757694289943,0.880101982527081,0.643191750063621,0.268575147900259
40.18,0.85,10.4909603479134,0.712401763704072,0.881903283992925,0.6437270183532,0.270288955235564
40.19,0.85,10.5393695632234,0.711496329340221,0.880219340870916,0.643068874443614,0.269878038872888
40.2,0.85,10.587618519954,0.709592959220258,0.881192024661722,0.641594685871117,0.270431987003734
40.21,0.85,10.6357041879016,0.708028593259302,0.880400265104553,0.643540588792074,0.268393743990466
40.22,0.85,10.6836236843279,0.705633819159353,0.880292263981698,0.645514278584846,0.270901996599432
40.23,0.85,10.7313742761689,0.708960731995948,0.881547387491346,0.64512587347405,0.2699383194672
40.24,0.85,10.7789533821425,0.707273149487008,0.880852875950533,0.644768195214766,0.274114153176582
40.25,0.85,10.8263585747544,0.706620063534747,0.88181707557756,0.643172167574707,0.267178973864098
40.26,0.85,10.8735875821982,0.702675242003855,0.881363060415781,0.643993278399647,0.270371143380557
40.27,0.85,10.9206382901511,0.704453364690177,0.881067130755532,0.645403465388661,0.270071683287919
40.28,0.85,10.9675087434615,0.703123166311713,0.885144865065039,0.644555082121605,0.27109515327298
40.29,0.85,11.0141971477281,0.703096793621218,0.882459464529589,0.642115496720225,0.269618136764552
40.3,0.85,11.06070187077,0.702092042133385,0.884347168199036,0.643030709515369,0.269338804575344
40.31,0.85,11.1070214439851,0.701012202703919,0.883306114280638,0.645958419839995,0.271506785393833
40.32,0.85,11.1531545635976,0.700168102961379,0.884417649985503,0.644381309357899,0.269454993433544
40.33,0.85,11.1985279891494,0.699273851672574,0.882357273011302,0.644462376773811,0.271362706058038
40.34,0.85,11.2428930415653,0.699837657414776,0.886675458862424,0.647175722837967,0.273051252171847
40.35,0.85,11.2869252679809,0.699328868934969,0.886677968588114,0.643375811353206,0.268518616216593
40.36,0.85,11.3307577937154,0.695859209063879,0.884930264922895,0.64382812034685,0.270658473344328
40.37,0.85,11.3744005111833,0.695835504527988,0.883465484478373,0.642152722497799,0.271771259453353
40.38,0.85,11.4178530744599,0.695737370753111,0.885612526465678,0.643570557417202,0.269483669928892
40.39,0.85,11.4611153229885,0.695783319279507,0.886483163499067,0.641818979682286,0.269114522328017
40.4,0.85,11.5041873841876,0.695465776189957,0.886896367312618,0.644885432440887,0.268835350195788
40.41,0.85,11.5470695664182,0.695432996139022,0.887161448929532,0.645326582409251,0.270024246254879
40.42,0.85,11.5897623432405,0.692383804007993,0.886782737054375,0.647106560761561,0.26930091604791
40.43,0.85,11.6322663524232,0.693124664986041,0.887133415914303,0.645747178949524,0.269677054077188
40.44,0.85,11.6745823958047,0.692333235564211,0.887180164418291,0.644612596576077,0.271153818519696
40.45,0.85,11.716711439007,0.688285384285044,0.888922767913905,0.643842493592271,0.270925354543792
40.46,0.85,11.7586546110261,0.688559636917162,0.886840048718944,0.645605958648199,0.269984273941326
40.47,0.85,11.8004132037159,0.689854106786535,0.886347432493026,0.643439370407313,0.26872688795106
40.48,0.85,11.8419886711679,0.688839538284765,0.886386440437183,0.645264656940394,0.269845191280988
40.49,0.85,11.8833826289883,0.690349401405578,0.887734772757936,0.645511469516701,0.273829737496966
40.5,0.85,11.9245968534726,0.688188202849104,0.886911034497493,0.644914943121322,0.270000604067873
40.51,0.85,11.96563328068,0.686219092573703,0.888717052813279,0.645001847242761,0.270961160001313
40.52,0.85,12.0064940054084,0.683579176303739,0.888901398081996,0.644670765279729,0.270566657855827
40.53,0.85,12.0471812800714,0.687256599793694,0.888269494821895,0.648070888522639,0.269570687242621
40.54,0.85,12.0876975134784,0.687763030622877,0.889168327877842,0.646921910625578,0.271637623927799
40.55,0.85,12.1280452695209,0.684195994873284,0.889375787137327,0.648486472724418,0.270782838334018
40.56,0.85,12.1682272657637,0.682408497366687,0.888438277336455,0.648080103262228,0.270015943522928
40.57,0.85,12.2082463719463,0.686325567420452,0.892269225315109,0.646443170851724,0.268809348713724
40.58,0.85,12.2481056083928,0.684465691784051,0.889773572389978,0.647281563285754,0.268084434243254
40.59,0.85,12.2878081443346,0.68090915600441,0.891350613304258,0.647141093768911,0.269559453575488
40.6,0.85,12.3273572961466,0.68076854388249,0.891285534424792,0.646128841251865,0.26803357189268
40.61,0.85,12.3667565254987,0.679862020958839,0.890996849257757,0.647397763943806,0.270830340588923
40.62,0.85,12.4060094374254,0.682069474181246,0.890073503581841,0.649394548220412,0.269691082561621
40.63,0.85,12.4451197783143,0.679668768469472,0.888186338268692,0.647552660744264,0.268198905381556
40.64,0.85,12.4840914338171,0.678918710077286,0.890201989265132,0.648263807744112,0.27004362825013
40.65,0.85,12.5229284266838,0.680089065457633,0.890289116637836,0.644890448413654,0.270230224902338
40.66,0.85,12.5616349145222,0.680433518072987,0.891941295663407,0.646119389080456,0.268749651707264
40.67,0.85,12.6002151874864,0.677061341814187,0.887910133765936,0.647709930914592,0.269904055838553
40.68,0.85,12.638673665895,0.67925542387668,0.892650422804703,0.647911836948918,0.268679888904466
40.69,0.85,12.6770148977809,0.674784339522804,0.891656955686962,0.648747106736173,0.270285800252425
40.7,0.85,12.7152435563769,0.679824528782537,0.89284380070881,0.647275194525339,0.269710515623353
40.71,0.85,12.7533644375372,0.677610336052192,0.895358491226387,0.647382998155527,0.269214237681363
40.72,0.85,12.7913824570978,0.673570081082285,0.895392136806025,0.649460074619802,0.270653921818852
40.73,0.85,12.8293026481787,0.674971346390234,0.893754040758616,0.648149366562886,0.269747937948644
40.74,0.85,12.8671301584289,0.673865511998264,0.897011247803539,0.648221578691944,0.269091972194362
40.75,0.85,12.9048702472176,0.671132747729276,0.895469854443788,0.649544467932287,0.270026029238516
40.76,0.85,12.9425282827731,0.674075583302931,0.894895273514673,0.652919474500104,0.271652142211329
40.77,0.85,12.9801097392718,0.673938448988019,0.892242435084649,0.647807983399815,0.270861193133789
40.78,0.85,13.0176201938796,0.670628850194302,0.89345406306157,0.649167879384443,0.271975713830471
40.79,0.85,13.0550653237478,0.67504972361187,0.897384185403247,0.648254719939239,0.27135699956873
40.8,0.85,13.0924509029664,0.67125176747609,0.894308142484647,0.648771310860866,0.269500405390238
40.81,0.85,13.1297827994749,0.670098200808722,0.897875345283955,0.647714952853978,0.269923571629303
40.82,0.85,13.1670669719358,0.670710881324405,0.900084273746364,0.647578577419024,0.270781826410217
40.83,0.85,13.20430946657,0.670489835521897,0.898338390815483,0.65011537841928,0.269346352180072
40.84,0.85,13.2415164139583,0.667226180418423,0.898257337776101,0.65093041902575,0.270384365156311
40.85,0.85,13.2769069562033,0.667115032289554,0.8992147861096,0.650503927411301,0.271120896704051
40.86,0.85,13.2984658400345,0.669520672429016,0.894599149459648,0.648240669095659,0.269607806446882
40.87,0.85,13.3145838814769,0.66595671471664,0.900745643983376,0.650271115948036,0.269257580476929
40.88,0.85,13.3299868949996,0.667692965276796,0.897864880551679,0.646774539246792,0.271498048579698
40.89,0.85,13.3349360103844,0.66704558014302,0.898732555603832,0.651652576836916,0.269039459151155
40.9,0.85,13.3374541854094,0.665931124076652,0.90037313614671,0.651686770780658,0.269381178778093
40.91,0.85,13.3399558757544,0.663592747589098,0.898660670349418,0.651773795431558,0.266575024106352
40.92,0.85,13.3424423394607,0.671753928263425,0.899259687793756,0.651424413737015,0.271360428259863
40.93,0.85,13.3449148304085,0.667128473448821,0.901850922879723,0.648989831736568,0.267478753816428
40.94,0.85,13.3473745977475,0.668671391363455,0.900614587434279,0.65300656667292,0.270455481747143
40.95,0.85,13.2029042441182,0.670780087036166,0.901819861917432,0.652028399116187,0.272237829416502
40.96,0.85,13.1318050724112,0.672642525449069,0.90084172009371,0.653686419506632,0.269687800149923
40.97,0.85,13.0816410401766,0.671062380666757,0.899712303647753,0.649631964919178,0.27173951065445
40.98,0.85,13.0337063918866,0.672198044741217,0.901139065382348,0.648643042336078,0.269592113167102
40.99,0.85,12.9860272209505,0.671108230178894,0.902182804554872,0.650932563047349,0.271365907939207
41,0.85,12.9385486726672,0.675602339134882,0.903231271693231,0.650899235939534,0.271022837774345
41.01,0.85,12.8912905160223,0.673069617812423,0.901253927818776,0.653031346142273,0.270179557809593
41.02,0.85,12.8442606288979,0.67420512920075,0.901562406049263,0.651717792084796,0.272005208495143
41.03,0.85,12.7974642602653,0.677506241723388,0.903954404001402,0.651269756865044,0.270021832919159
41.04,0.85,12.7509063122598,0.675736624181408,0.900350589666704,0.652466587868854,0.269679891537669
41.05,0.85,12.7045915480592,0.677764216741007,0.901054685907192,0.65217272738797,0.2704819600364
41.06,0.85,12.6585245935619,0.677336904012201,0.901943644167726,0.651177950231667,0.269564172351632
41.07,0.85,12.6127099346355,0.678650506194442,0.902575991156096,0.652533710226078,0.27123853617906
41.08,0.85,12.5671519162036,0.679398429754997,0.904639583417307,0.65320886556159,0.272841616785632
41.09,0.85,12.5218547417063,0.680937160841894,0.90144585990711,0.655212016316091,0.270076238987394
41.1,0.85,12.47682247266,0.68040633213561,0.901663040908506,0.65630328518231,0.266512867223273
41.11,0.85,12.4320590282938,0.681895174433161,0.904144495657627,0.653251442576922,0.2698666353311
41.12,0.85,12.3875681852613,0.680703793952219,0.905989807758863,0.653899790765724,0.268555531734099
41.13,0.85,12.3433535774272,0.681793903353159,0.903388212900822,0.656610567029112,0.267990068815093
41.14,0.85,12.2994186957253,0.684915318299818,0.903617509503,0.653163885970238,0.26727552776163
41.15,0.85,12.2557668880866,0.686723900308789,0.90451218337299,0.653177682479379,0.270559452032064
41.16,0.85,12.2124013594369,0.686097589751307,0.905198912721421,0.654731241162516,0.266361141481926
41.17,0.85,12.16932517176,0.686529780197899,0.903920251593891,0.655191420343333,0.270654604235125
41.18,0.85,12.126541244226,0.687774473239505,0.905815895655142,0.651175944109414,0.269239669712126
41.19,0.85,12.0840523533826,0.686026967939281,0.903235111582113,0.655838548189937,0.270680622787517
41.2,0.85,12.0418611334074,0.686641755020503,0.90170088489027,0.657434262894871,0.267462820995209
41.21,0.85,11.9999700764187,0.69039903133486,0.90387621791262,0.653467769923766,0.269953781293966
41.22,0.85,11.9583815328445,0.688474633674666,0.905463023681421,0.652650061954162,0.270352981192885
41.23,0.85,11.9170977118467,0.690296101060308,0.904441554877212,0.653428569994458,0.269941564956573
41.24,0.85,11.8761206817982,0.692591422350316,0.906301508727598,0.654715227191006,0.272077102970728
41.25,0.85,11.8354523708128,0.693417279728695,0.905140199141495,0.653792791633815,0.269734507915508
41.26,0.85,11.7950945673249,0.694801950762898,0.906246046927986,0.656300543826274,0.270886866841685
41.27,0.85,11.7550489207167,0.692103529213228,0.905050766329411,0.658537687681077,0.271181393234442
41.28,0.85,11.7153169419935,0.695314971258656,0.906419264117844,0.655289188758047,0.270515256583327
41.29,0.85,11.6759000045019,0.692944092237852,0.906068703021123,0.654854679305342,0.268725616301269
41.3,0.85,11.6367993446928,0.695309489312014,0.905921252702353,0.654369227021317,0.270608817102951
41.31,0.85,11.598016062925,0.696862932779275,0.907935305610607,0.655370141510296,0.269554184719757
41.32,0.85,11.5595511243088,0.695246385333615,0.907275220572601,0.656348092316953,0.271080913238065
41.33,0.85,11.5214053595879,0.698368162253083,0.90707424019692,0.657944978305873,0.270810791732298
41.34,0.85,11.4835794660582,0.697396488523831,0.908904927270648,0.655727761776036,0.272047608921063
41.35,0.85,11.4460740085216,0.701330728319803,0.908985379613025,0.657769660475762,0.271962139035052
41.36,0.85,11.4086572690939,0.699229565847446,0.907199366313416,0.65664833180447,0.26785654029802
41.37,0.85,11.3705599071528,0.699873501109164,0.909512736670637,0.655396090043005,0.271965505546046
41.38,0.85,11.3325003791237,0.700809798515162,0.90685226552356,0.656210688379448,0.270590055616393
41.39,0.85,11.2947468396475,0.702198727072439,0.910447380471623,0.654075162857987,0.269292458724313
41.4,0.85,11.2573281372803,0.701691297109433,0.910214987008764,0.656363773554058,0.269727493865584
41.41,0.85,11.2202449439254,0.703824758245456,0.907551982009342,0.657108077588032,0.269635135719795
41.42,0.85,11.1834966392686,0.704530218576138,0.910187834521729,0.659219119839601,0.269795159640146
41.43,0.85,11.1470826371596,0.704779971570486,0.910079334652753,0.657986351627209,0.268537871741519
41.44,0.85,11.1110022611708,0.705269274740726,0.908900513134451,0.659115694194614,0.270648627809759
41.45,0.85,11.0752547131008,0.706249237268145,0.910808353810067,0.656158885457976,0.269584192582974
41.46,0.85,11.0398390712292,0.706393538944682,0.90893638786468,0.656875152635448,0.272787586395247
41.47,0.85,11.0047542916494,0.709294825355611,0.908695938127519,0.656612366886911,0.269903598410961
41.48,0.85,10.9699992096989,0.70994564227483,0.91009519492804,0.653468760642216,0.271793438626549
41.49,0.85,10.9355725413834,0.710698787453094,0.909871171501912,0.656960093624863,0.26992795975976
41.5,0.85,10.9014728848119,0.711475716603069,0.909332832371343,0.655224304515709,0.271276291425737
41.51,0.85,10.8676987216482,0.708470307374305,0.908736977723519,0.655312519145853,0.270549378288749
41.52,0.85,10.8342484185759,0.710881170185604,0.909151150381709,0.657260527278651,0.269538251092656
41.53,0.85,10.8011202287779,0.710791596683347,0.912595913345178,0.657449297264615,0.268903137247167
41.54,0.85,10.768312293429,0.711307231087918,0.909944141935555,0.656563857426777,0.269617362502079
41.55,0.85,10.7358226432014,0.714188713615424,0.914485903454787,0.659349893009671,0.270997465825251
41.56,0.85,10.7036491997809,0.717537584821346,0.91166451660514,0.655435861259465,0.270088239472475
41.57,0.85,10.6717897773961,0.714211821852339,0.909053381438026,0.656124351895475,0.270916476789304
41.58,0.85,10.6402420843577,0.712455380898498,0.911604850245863,0.659914215110997,0.269312004393189
41.59,0.85,10.6090037246078,0.715925528878767,0.912045986116162,0.654643306875169,0.267390724221198
41.6,0.85,10.5780721992802,0.717500420231004,0.91080523602022,0.658061262824661,0.265966707329891
41.61,0.85,10.5474449082695,0.715375394162457,0.910815002491824,0.655966684427789,0.268804620231242
41.62,0.85,10.5171191518104,0.717619481361667,0.915007136781756,0.655441015549121,0.268665774140766
41.63,0.85,10.4870921320652,0.720032974055591,0.913281931894572,0.657919796129114,0.268694631551627
41.64,0.85,10.4573609547205,0.719697081091749,0.914561964386862,0.657162548292423,0.270240137120242
41.65,0.85,10.4279226305933,0.720503337276574,0.912993198779167,0.65970415190582,0.267724363734151
41.66,0.85,10.3987740772439,0.720206312768592,0.914053652453607,0.656394197056802,0.272338362119344
41.67,0.85,10.3699121205991,0.720940303198528,0.910202576854092,0.656789836272221,0.269143415285123
41.68,0.85,10.3413334965824,0.72190335157944,0.911198924917806,0.657579178111241,0.270870887806304
41.69,0.85,10.3130348527529,0.723088600447452,0.910836619143533,0.656371772331015,0.270315842651523
41.7,0.85,10.2850127499527,0.723805700250616,0.913375526480355,0.655945388091308,0.269716743424341
41.71,0.85,10.2572636639624,0.724072510439532,0.9117261632713,0.656202321408905,0.269091013830306
41.72,0.85,10.2297839871646,0.723377810706482,0.91272930802957,0.655663499368956,0.268793043616003
41.73,0.85,10.2025700302168,0.725916769154647,0.911836379289676,0.656046759430666,0.27007645677027
41.74,0.85,10.1756180237318,0.72537031602817,0.912323691938625,0.657675526207792,0.269355955166812
41.75,0.85,10.1489241199674,0.728079028408827,0.915284329018713,0.656997416275346,0.271631370508764
41.76,0.85,10.1224843945252,0.726726897480312,0.914143353849347,0.657211977291508,0.270806082472287
41.77,0.85,10.0962948480577,0.728494854809228,0.91200310183575,0.657101626479893,0.270509782576433
41.78,0.85,10.0703514079855,0.728605033715909,0.913086836439075,0.65610704224997,0.271132928016235
41.79,0.85,10.0446499302231,0.726964630477044,0.912677225874321,0.657228965691257,0.269954308909502
41.8,0.85,10.0191862009157,0.729861586615029,0.914657950288069,0.654399093855006,0.27004857723226
41.81,0.85,9.99395593818453,0.731082952283606,0.91496571496557,0.657364201401764,0.271205011824298
41.82,0.85,9.96895479388369,0.727970575931378,0.916659371772599,0.66085130000462,0.269701706477045
41.83,0.85,9.9441783553668,0.728449749811905,0.915134812929927,0.659664312970838,0.27034744897782
41.84,0.85,9.91962214726481,0.732134847458804,0.915184279428485,0.660334281266867,0.270966635023283
41.85,0.85,9.89528163327486,0.728828861552036,0.916127302435939,0.656272074803541,0.270937876223042
41.86,0.85,9.87115221796069,0.733951271094025,0.916581711958973,0.654932641431018,0.269629517835706
41.87,0.85,9.84722924856469,0.730317955960142,0.917931843896156,0.653974995168465,0.269662751816412
41.88,0.85,9.82350801683204,0.731131465769822,0.914792625798923,0.654562055601082,0.274014092041841
41.89,0.85,9.79998376084726,0.733350722088416,0.917552178272067,0.657586349077371,0.270939160438646
41.9,0.85,9.77665166688343,0.734916071475768,0.916256008311079,0.659511676099155,0.26836538075214
41.91,0.85,9.75350687126433,0.73381593315422,0.91560262456836,0.655789169338173,0.271527010059526
41.92,0.85,9.73054446223989,0.735064024728329,0.917049804620114,0.652938858008528,0.269436380361253
41.93,0.85,9.70775948187517,0.734714870895033,0.914963338356692,0.658031710854377,0.272574193737602
41.94,0.85,9.68514692795316,0.735822139336528,0.916235973054992,0.655598108615831,0.268509441176537
41.95,0.85,9.66270175589162,0.737358629010819,0.914955476891383,0.656350303662529,0.269931639176145
41.96,0.85,9.6404188806743,0.735408240254908,0.914788538841426,0.653902061209693,0.269850206833063
41.97,0.85,9.61829317879664,0.736579743572392,0.917792451511617,0.65462065704274,0.268532491003464
41.98,0.85,9.59631949022635,0.737867090646411,0.915892426472175,0.65611383017417,0.269008592922953
41.99,0.85,9.57449262037868,0.739328339350397,0.914714779108039,0.655360163234795,0.269876420798006
42,0.85,9.55280734210708,0.740305588433223,0.917600325463774,0.654983013114738,0.272282008104349
42.01,0.85,9.53125839770894,0.740032681017924,0.917167310175169,0.65776026921688,0.273561196597605
42.02,0.85,9.50984050094676,0.741911501080574,0.914776651922123,0.655480556313913,0.26845214527561
42.03,0.85,9.48854833908477,0.743651556053017,0.919079127433179,0.656269618675283,0.270214992292515
42.04,0.85,9.46737657494104,0.744343911514265,0.914323368497287,0.654305896565522,0.272389158673548
42.05,0.85,9.44631984895512,0.741272360285795,0.914442890061711,0.653289282424665,0.2705954224111
42.06,0.85,9.42537278127133,0.740847170111475,0.916043582864527,0.654825039463425,0.270764443818943
42.07,0.85,9.40452997383743,0.743964511549437,0.917713018586941,0.657348485905432,0.270772867825237
42.08,0.85,9.3837860125188,0.742129062942054,0.920311037603279,0.653812607263445,0.269475008696414
42.09,0.85,9.36313546922791,0.742750178458999,0.915693281253113,0.65440270817021,0.269749065594654
42.1,0.85,9.34257290406897,0.746694517088981,0.916016717245352,0.656671904500758,0.269983630211541
42.11,0.85,9.32209286749765,0.745737432212224,0.917890358173157,0.653417984909402,0.272024456637304
42.12,0.85,9.30168990249548,0.746805339758358,0.917967461951158,0.651862766195054,0.269034931815117
42.13,0.85,9.28135854675882,0.749133450711787,0.915599576758206,0.655231815815941,0.270995919834643
42.14,0.85,9.26109333490189,0.74844744385097,0.915485493864442,0.653939476041351,0.270407936714113
42.15,0.85,9.2408888006739,0.746770847229052,0.916634896751088,0.653473792768946,0.267890564535347
42.16,0.85,9.2207394791894,0.746707961704574,0.917183065351084,0.653557355826075,0.268200000776326
42.17,0.85,9.20063990917167,0.747462566500276,0.919130672275425,0.65379295064163,0.272803734371542
42.18,0.85,9.18058463520877,0.747928752078301,0.91794666060008,0.655082359543957,0.269058209320233
42.19,0.85,9.16056821002136,0.747012042159771,0.917258852979419,0.653004408650437,0.269748070408569
42.2,0.85,9.14058519674216,0.749509599321487,0.918642012065853,0.652231239355116,0.269160887756782
42.21,0.85,9.12063017120589,0.752622189173107,0.920310081270924,0.652173580009245,0.272074069062613
42.22,0.85,9.10069772424964,0.753666595637963,0.919075654913718,0.650910830948469,0.267728602402069
42.23,0.85,9.08078246402228,0.751264116345179,0.917850662020226,0.653096204573739,0.271377636925138
42.24,0.85,9.06087901830271,0.752349833914689,0.918550439281677,0.651053252134922,0.269188889579259
42.25,0.85,9.0409820368258,0.753367098992569,0.917780955281462,0.651290506183727,0.270352530647042
42.26,0.85,9.0210861936152,0.753229579950964,0.917301836985027,0.653810031525523,0.269712236455296
42.27,0.85,9.00118618932214,0.754858447615121,0.917696990936881,0.651578222104814,0.270101330742628
42.28,0.85,8.98127675356931,0.754509911059989,0.918133185728563,0.654329293258256,0.270197995931113
42.29,0.85,8.96135264729866,0.754646887292737,0.917847602257974,0.649131596871032,0.269036356495882
42.3,0.85,8.94140866512218,0.755082572559912,0.919160870601378,0.649417597049552,0.271792456848908
42.31,0.85,8.92143963767451,0.755335462913494,0.918401430238215,0.651657621196127,0.270020201042556
42.32,0.85,8.90144043396618,0.755783188881051,0.919293893735543,0.653384718755023,0.270875828761683
42.33,0.85,8.88140596373636,0.756096081928018,0.916506999451281,0.653024376624573,0.267950856379214
42.34,0.85,8.8613311798038,0.757723708027457,0.918558084780258,0.652943906433183,0.269700520696089
42.35,0.85,8.84121108041476,0.759407332952456,0.919822238667786,0.649991769268985,0.269875136363653
42.36,0.85,8.82104071158638,0.758187931011605,0.91932131480896,0.651059170594648,0.268564453652674
42.37,0.85,8.80081516944449,0.757389212766901,0.918211112267496,0.6536233500037,0.269569965536664
42.38,0.85,8.78052960255402,0.760508546206011,0.919643068885944,0.653708658010904,0.270507099430388
42.39,0.85,8.7601792142409,0.760451414746391,0.919465288912638,0.646786877829605,0.272068433847428
42.4,0.85,8.7397592649037,0.761264541324888,0.920717881855706,0.651922263149448,0.271190524729015
42.41,0.85,8.71926507431368,0.760187097176137,0.919561183841689,0.649319133253248,0.267492123623766
42.42,0.85,8.6986920239016,0.761411537890951,0.918420713289999,0.65059943653051,0.270617094597366
42.43,0.85,8.67803555902954,0.762685800868994,0.921127604124606,0.64759115867384,0.270333659118087
42.44,0.85,8.65729119124647,0.762574537500403,0.918513824820111,0.649383944162063,0.269075184135831
42.45,0.85,8.63645450052556,0.762060963861843,0.918281914069299,0.649636239398794,0.270069524901508
42.46,0.85,8.61552113748169,0.760876310594081,0.918469753932539,0.6496089709518,0.270570163320227
42.47,0.85,8.59448682556749,0.762685283496638,0.917559101740216,0.651026970492321,0.268734773829885
42.48,0.85,8.57334736324608,0.765328606409339,0.918218377058294,0.647438401281286,0.26949125808011
42.49,0.85,8.55209862613885,0.766909356721092,0.920575965481219,0.648460412392387,0.271992043473051
42.5,0.85,8.53073656914638,0.765220219663456,0.919188086517498,0.650593729429279,0.269493290426575
42.51,0.85,8.50925722854094,0.764267523247618,0.915764840184545,0.647774886152796,0.270967334203188
42.52,0.85,8.48765672402845,0.765323323238335,0.918770947511924,0.647617548766004,0.269423136406643
42.53,0.85,8.46593126077847,0.768492336292889,0.918826085060655,0.648423027067353,0.269737373625133
42.54,0.85,8.44407713142002,0.765937385041613,0.920146443714524,0.648456163039169,0.268103364961718
42.55,0.85,8.42209071800161,0.768973850562947,0.916412175076917,0.648322634512575,0.271751181840882
42.56,0.85,8.39996849391376,0.768957487540537,0.918824136227621,0.648803764867611,0.267386642461173
42.57,0.85,8.37770702577197,0.769993125830948,0.920129023489018,0.649551203094559,0.268854464925926
42.58,0.85,8.35530297525827,0.771373260333225,0.919033486750178,0.645893466930279,0.271014863035652
42.59,0.85,8.33275310091991,0.773016899900599,0.916963570768739,0.647227279165135,0.270020137857343
42.6,0.85,8.31005425992294,0.771168529475425,0.919613719079556,0.646760292551629,0.269515392774012
42.61,0.85,8.28720340975918,0.771313216718176,0.918494888595964,0.645032498469294,0.269837875418605
42.62,0.85,8.26419760990461,0.772361668714578,0.919814530631344,0.647512160569323,0.269746484321861
42.63,0.85,8.24103402342756,0.771411710968164,0.918645936466536,0.646697038558603,0.271786491943325
42.64,0.85,8.21770991854495,0.77097017002687,0.918193838933352,0.646183355750365,0.269379964361832
42.65,0.85,8.19422267012461,0.773881935471591,0.916436880578669,0.645838614839831,0.267296196185779
42.66,0.85,8.17056976113248,0.776323312857015,0.918244336931381,0.647731484522835,0.270623840525794
42.67,0.85,8.14674878402246,0.777512829303653,0.918956015446518,0.646624674953063,0.271503534923881
42.68,0.85,8.12275744206772,0.776160128835691,0.920116602731356,0.646351163245796,0.267787807994318
42.69,0.85,8.09859355063163,0.776189933976733,0.918723380887736,0.646157594386621,0.270623570467056
42.7,0.85,8.07425503837693,0.774539745756371,0.914538419852368,0.646345293616849,0.269423235188917
42.71,0.85,8.04973994841143,0.779498583493134,0.920230296144953,0.644315776878137,0.270085218068379
42.72,0.85,8.02504643936892,0.778235379356488,0.915396597922913,0.645555487412147,0.270545507525135
42.73,0.85,8.00017278642384,0.778579148767435,0.917697512304275,0.646673616424858,0.270168637170709
42.74,0.85,7.97511738223831,0.781415458473114,0.917234012336142,0.646143807002035,0.269819964804867
42.75,0.85,7.94987873784028,0.779843935852686,0.915677415982114,0.64567026074874,0.268420668363177
42.76,0.85,7.92445548343133,0.781352228566016,0.918010423841366,0.647845998842438,0.269025105272433
42.77,0.85,7.89884636912323,0.782373146892627,0.916471303448609,0.64477996951978,0.270659068737463
42.78,0.85,7.8730502656019,0.78011823812331,0.91839076445432,0.642333421332438,0.271050009561067
42.79,0.85,7.8470661647177,0.779696591849373,0.917066411138109,0.64712932890762,0.270217727967257
42.8,0.85,7.82089318000111,0.783466324852545,0.917388453649366,0.643982325027809,0.270529640909742
42.81,0.85,7.7945305471029,0.783262797976984,0.914788919672954,0.642801491097281,0.269602464335439
42.82,0.85,7.76797762415777,0.787193617419636,0.916615977736583,0.647949041476894,0.272051845905504
42.83,0.85,7.74123389207077,0.787261846907772,0.918985327505854,0.644322632002322,0.270915238349208
42.84,0.85,7.71429895472575,0.786032515892661,0.921536202234691,0.645289729254839,0.2690230701736
42.85,0.85,7.68717253911518,0.7847322661415,0.917461569103025,0.644125318642612,0.269260308048517
42.86,0.85,7.65985449539078,0.790197905378232,0.918545359843668,0.6442582437748,0.270048027469609
42.87,0.85,7.63234479683448,0.787368513940258,0.916946907360539,0.646449010793312,0.268318683861982
42.88,0.85,7.60464353974921,0.790193007389501,0.917067542091172,0.643502684969875,0.271653878086351
42.89,0.85,7.57675094326941,0.789881368787613,0.917781566282907,0.64530565152482,0.269766455317009
42.9,0.85,7.54866734909074,0.793830571147697,0.916241784462267,0.642503009953942,0.272684490652064
42.91,0.85,7.52039322111905,0.791694528718952,0.917155386498809,0.644369948171765,0.267782950824054
42.92,0.85,7.49192914503842,0.794235426902611,0.916914718605186,0.644847122920219,0.272790798641844
42.93,0.85,7.4632758277984,0.793607584615257,0.918800053197744,0.645495388429674,0.266850128828483
42.94,0.85,7.4344340970204,0.796385035518303,0.91608201303453,0.644028968335599,0.269169648287402
42.95,0.85,7.40540490032352,0.795473647808812,0.916605935332652,0.642699141901035,0.269844773130576
42.96,0.85,7.37618930457018,0.79668626465081,0.915618142216922,0.642953157963614,0.271188602787714
42.97,0.85,7.34678849503171,0.795775566816269,0.918139754116903,0.645565126104412,0.270630777469849
42.98,0.85,7.31720377447456,0.797427106270939,0.917810506980705,0.644374573976451,0.26889950543588
42.99,0.85,7.28743656216761,0.799327571079141,0.917001395515372,0.644638325817971,0.268202928158947
43,0.85,7.25748839281117,0.798612397256567,0.917960835064099,0.644012154589404,0.270134994075307
43.01,0.85,7.22736091538845,0.798752399992014,0.916714972236454,0.643440911864304,0.269732076890814
43.02,0.85,7.19705589194036,0.801136800284806,0.916108387991079,0.644105498921302,0.271023123243047
43.03,0.85,7.16657519626442,0.801971141616552,0.915777741586494,0.640895793296348,0.271857186023448
43.04,0.85,7.13592081253896,0.802457512641874,0.915856261395992,0.644351874454068,0.271119236019267
43.05,0.85,7.10509483387341,0.801363426300829,0.915684769022334,0.640127314823475,0.269034679227958
43.06,0.85,7.07409946078616,0.805101670311594,0.915828862481243,0.640279042797651,0.272269007734037
43.07,0.85,7.04293699961098,0.807547827440998,0.915925188645307,0.64517722733598,0.265614178609857
43.08,0.85,7.0116098608335,0.805410717766027,0.917089208703878,0.644341083141104,0.269096952266827
43.09,0.85,6.98012055735901,0.803040230483617,0.914912477754688,0.643312325982148,0.270631623792911
43.1,0.85,6.94847170271324,0.805845385254552,0.914965647642585,0.64394445131448,0.270982763263163
43.11,0.85,6.91666600917746,0.807844031347895,0.915463360763869,0.643264467264362,0.271019486742367
43.12,0.85,6.88470628585977,0.811383646020349,0.914910142068059,0.644443048566966,0.269522532473918
43.13,0.85,6.85259543670418,0.809807462016981,0.916994704463143,0.643664070905123,0.270893791883205
43.14,0.85,6.82033645843919,0.809179053394481,0.914937309307442,0.643899133108595,0.270994823519779
43.15,0.85,6.78793243846789,0.808959644193789,0.914914173444697,0.641154434444036,0.270375751707884
43.16,0.85,6.75538655270135,0.811827625736012,0.913535090620047,0.642526158098824,0.269569485653341
43.17,0.85,6.72270206333735,0.813968147308556,0.914920762839306,0.642602101097621,0.270515436521058
43.18,0.85,6.68988231658649,0.814498692081898,0.916790908828382,0.640531432873907,0.269008080544961
43.19,0.85,6.65693074034771,0.816365722184995,0.913602816329035,0.644828230169136,0.269622922180121
43.2,0.85,6.62385084183554,0.816991970741649,0.914900869770162,0.641933774475468,0.269006970683527
43.21,0.85,6.590646205161,0.818806043177734,0.91576989000235,0.642209658557167,0.269340711831402
43.22,0.85,6.55732048886873,0.8188378365498,0.915514628045356,0.643150003259267,0.271165587855872
43.23,0.85,6.52387742343238,0.820030266261218,0.916778867525925,0.644094599737695,0.270632459315386
43.24,0.85,6.49032080871082,0.818872817509969,0.913737402746393,0.644070302694024,0.272673697649691
43.25,0.85,6.45665451136725,0.822116117879573,0.915550560628637,0.642158573599732,0.267847048072526
43.26,0.85,6.42288246225409,0.821284509898588,0.915211083595418,0.642853235427114,0.269422834501081
43.27,0.85,6.38900865376553,0.823916756386232,0.913647651778995,0.641050921318898,0.270186336114179
43.28,0.85,6.35503713716074,0.826208639458029,0.911324962161317,0.643217898324931,0.271299094779136
43.29,0.85,6.32097201985983,0.82669058882347,0.913974294258607,0.644649693693438,0.268028027074355
43.3,0.85,6.2868174627154,0.82503689970692,0.913604429787043,0.643295937701802,0.267151234528044
43.31,0.85,6.25257767726199,0.829238795399763,0.913302924856237,0.643206385916414,0.268302479084913
43.32,0.85,6.21825692294613,0.827473463615293,0.910970782398897,0.643249938997465,0.269840990096307
43.33,0.85,6.1838595043394,0.828706260695395,0.911165673066397,0.645155631674026,0.267923596159627
43.34,0.85,6.14938976833736,0.831607771899322,0.914872632649366,0.642783130989967,0.268940538268254
43.35,0.85,6.11485210134649,0.831829578555983,0.914227491964284,0.64560261583457,0.269923650639119
43.36,0.85,6.08025092646222,0.83373019101885,0.913639245033049,0.643726101426528,0.269687637309393
43.37,0.85,6.04559070064017,0.831915664719331,0.911591041387598,0.643880067849817,0.268471430304296
43.38,0.85,6.01087591186344,0.835483689496105,0.911451066584601,0.643828093566408,0.268622503487933
43.39,0.85,5.97611107630845,0.835577776034056,0.911562240353244,0.642504028616992,0.271850094132433
43.4,0.85,5.94130073551182,0.833433826966589,0.911594163905031,0.644825350462026,0.271092064040373
43.41,0.85,5.90644945354083,0.839830800226024,0.911377046512153,0.644608635197302,0.271268755292935
43.42,0.85,5.87156181416998,0.84137257614466,0.912310579446354,0.644285115304709,0.271129608454679
43.43,0.85,5.83664241806616,0.842458995242525,0.914551009664799,0.643593537950214,0.268035581927298
43.44,0.85,5.80169587998476,0.841762671187863,0.910421926826181,0.645149459610862,0.269378446927284
43.45,0.85,5.76672682597929,0.841597807821781,0.911777203121557,0.644413658604611,0.270087505354062
43.46,0.85,5.73173989062686,0.845226016273412,0.911520938580383,0.644007623180941,0.27143306812468
43.47,0.85,5.69673971427165,0.843941071072912,0.914300022919338,0.644436754857563,0.270809653089014
43.48,0.85,5.66173094028911,0.845640850230822,0.910580748751448,0.643196395672365,0.269557506235583
43.49,0.85,5.62671821237272,0.846277157154851,0.90974087355988,0.644594890221177,0.270350684798111
43.5,0.85,5.59170617184581,0.847872591489982,0.907746713370566,0.644340034309672,0.269568172807235
43.51,0.85,5.55669945500049,0.849042274235532,0.90981153254296,0.6489710842582,0.270724231206552
43.52,0.85,5.52170269046583,0.849440633163693,0.910491302678543,0.6442395529187,0.272154045612257
43.53,0.85,5.48672049660741,0.852564727857669,0.90982707743267,0.643109919250966,0.270596652924399
43.54,0.85,5.45175747896019,0.852142531623755,0.909963991087414,0.646405271241863,0.268610004625888
43.55,0.85,5.42400353786199,0.853851861719982,0.910622869140856,0.646754364796699,0.269205784320003
43.56,0.85,5.40461517651269,0.854955395556912,0.907189643055046,0.647916042793941,0.267729823602079
43.57,0.85,5.38584668543262,0.856182383557283,0.91099692728207,0.642683152299191,0.271213195500303
43.58,0.85,5.36715863370414,0.856614349696359,0.908034752576504,0.643729000633955,0.268017653355367
43.59,0.85,5.35025620191193,0.854888658359008,0.907729824916687,0.645416090745993,0.268963929672
43.6,0.85,5.33374139398604,0.856562940005927,0.908800594458527,0.644433850148885,0.271066668823575
43.61,0.85,5.31708252985028,0.858226340711803,0.909351363640016,0.644511138209819,0.269168282200772
43.62,0.85,5.30033106794569,0.857327230457234,0.909170199204904,0.64576884704634,0.268696471217615
43.63,0.85,5.2835062136481,0.861015715930792,0.907529161623535,0.644568519017719,0.26954323474723
43.64,0.85,5.26654494098386,0.85979709467507,0.90827002230823,0.647247626869418,0.268775716058631
43.65,0.85,5.24945714620617,0.859449955498993,0.91064253906902,0.644786581870321,0.268290428758535
43.66,0.85,5.23232538751585,0.858914192106532,0.905751667025232,0.648768403140975,0.268909615345213
43.67,0.85,5.21508800067329,0.858349843208876,0.90623928420104,0.646599273902022,0.270049841893188
43.68,0.85,5.19772422272049,0.860060165874379,0.907226571881139,0.64490248338979,0.269415272922411
43.69,0.85,5.18028645820734,0.859319810175437,0.906546718575928,0.645605087150875,0.269439805182534
43.7,0.85,5.1627873939581,0.86321017020343,0.907999911652542,0.646327431393068,0.267658602421855
43.71,0.85,5.14517892812961,0.862158221764299,0.90553408319574,0.648397254304867,0.270330004310532
43.72,0.85,5.12747106444553,0.866037886278981,0.906708305006232,0.64718367144772,0.268589655327798
43.73,0.85,5.10973650519096,0.863628888332509,0.905797660660467,0.645431354462782,0.272514410667248
43.74,0.85,5.09192197718451,0.863961440644064,0.905358239229913,0.646796693957732,0.267963847641202
43.75,0.85,5.07400994377859,0.867030768461256,0.906242795125445,0.646131234196334,0.270398040371677
43.76,0.85,5.05739607761308,0.865107127215125,0.902274885852718,0.646614816032567,0.271448557754205
43.77,0.85,5.04231769659571,0.866735175996805,0.904156395941942,0.64952358037208,0.27133774672468
43.78,0.85,5.02728271917334,0.864436863910501,0.903435059443368,0.649382732266505,0.273458666822927
43.79,0.85,5.01245222424159,0.868621237910835,0.904105828792092,0.649929482246521,0.269648645487128
43.8,0.85,4.99975896455288,0.868322641804042,0.903009693932501,0.648201134443876,0.270704936560341
43.81,0.85,4.98758606759707,0.869009525948904,0.906140677943422,0.650402381633491,0.269795643425935
43.82,0.85,4.97531939530026,0.869473860285471,0.902996128854124,0.646263991139555,0.270339263119879
43.83,0.85,4.96338162163105,0.867536508649603,0.904231057571909,0.648065395980191,0.271250670703344
43.84,0.85,4.95185710105164,0.868351922263482,0.90538910946775,0.650788383911919,0.269715688101481
43.85,0.85,4.94028087755646,0.867178301011573,0.903958965717387,0.648941050444229,0.269740423662839
43.86,0.85,4.92860689237585,0.868004819713498,0.905302197025731,0.646513509625574,0.270316231840109
43.87,0.85,4.91684115977155,0.868281462599882,0.902083179708719,0.647488302151215,0.269387148942308
43.88,0.85,4.90498825581078,0.867989919912955,0.901280608679534,0.647782815747961,0.269576180266347
43.89,0.85,4.8930521696649,0.871568118814095,0.902073916962272,0.650839908532244,0.270615349098479
43.9,0.85,4.88103687253716,0.869969956741628,0.90090569306771,0.646451423206968,0.270604184004347
43.91,0.85,4.86894633690141,0.870473732984375,0.903404694820439,0.6478073289148,0.272549881087271
43.92,0.85,4.856784530096,0.870941459769225,0.903728199899568,0.649051888097636,0.270774886591738
43.93,0.85,4.84455541202629,0.87225341875248,0.900338755052001,0.648815505458363,0.268388298359273
43.94,0.85,4.83226293336145,0.873854020826437,0.899964363640899,0.65132192276956,0.269835522539875
43.95,0.85,4.81991103374483,0.873325826096207,0.901406501557436,0.650534293677307,0.269834503503415
43.96,0.85,4.80750364002953,0.875922476484374,0.902329908788011,0.65105403929436,0.269096782395103
43.97,0.85,4.79504466454521,0.873046644258095,0.903752695568472,0.651390790430605,0.27268246895642
43.98,0.85,4.78253800339751,0.87361487029289,0.903220181501899,0.650646599945663,0.270810451056801
43.99,0.85,4.76998753480054,0.873280937881432,0.901661134477843,0.649839355158083,0.271569793042184
44,0.85,4.75739711744352,0.875516665860429,0.900311217130557,0.650143124638132,0.26919496449977
44.01,0.85,4.7447705888921,0.8763450150196,0.900740834545192,0.650396272172172,0.270926635760927
44.02,0.85,4.73211176402515,0.876760304615849,0.899904011983616,0.650305678122439,0.267856888875317
44.03,0.85,4.71942443350762,0.874875313279528,0.900061041202925,0.649252298988321,0.271083891445738
44.04,0.85,4.70671236230003,0.877246328556407,0.89756406700249,0.648894387112858,0.269466221673133
44.05,0.85,4.69397928820505,0.875134841449613,0.897414741227949,0.652231373811164,0.270237679309736
44.06,0.85,4.68122892045177,0.875126704690552,0.900042482328439,0.65146932742132,0.270751259121043
44.07,0.85,4.66846493831795,0.877302264662857,0.899748876344333,0.649140233486633,0.267966311950244
44.08,0.85,4.65569098979064,0.879401351564947,0.897453767172683,0.648065472109857,0.269284438454056
44.09,0.85,4.6429106902655,0.875482126688813,0.89771837469408,0.651619622349534,0.272415473188056
44.1,0.85,4.63012762128502,0.878658603762746,0.89863698349239,0.651170668715821,0.269024493304863
44.11,0.85,4.61734532931589,0.879737749075099,0.898191582230451,0.652986502004812,0.268271250135588
44.12,0.85,4.60456732456567,0.880272554283292,0.898338879999397,0.650944911883341,0.270349243080518
44.13,0.85,4.59179707983882,0.880506831049774,0.897193180406933,0.651657738619616,0.270677452380804
44.14,0.85,4.57903802943219,0.880659786125483,0.896031963650121,0.654340506469566,0.270274939745389
44.15,0.85,4.56629356806995,0.880735484541861,0.896624938128903,0.654663956868003,0.268256413328307
44.16,0.85,4.55356704987797,0.880738260614057,0.895178379781771,0.653663388918855,0.270055428277378
44.17,0.85,4.54086178739747,0.882279108881196,0.896592451514061,0.652676121794187,0.271163206022597
44.18,0.85,4.52818105063795,0.882441801164601,0.894893358509236,0.652411510340639,0.270123978028793
44.19,0.85,4.51552806616911,0.88121679375485,0.896341674887948,0.652387529924715,0.267059297306577
44.2,0.85,4.50290601625163,0.882459178759439,0.893067266138325,0.649945039955223,0.270616098842106
44.21,0.85,4.49031803800649,0.882008721887084,0.896376214995076,0.653202173961286,0.270419120048903
44.22,0.85,4.47776722262268,0.885678038823448,0.894607916845029,0.650499249068701,0.268032067990202
44.23,0.85,4.46525661460275,0.884219446372142,0.894886097053367,0.653100798670507,0.270619278989841
44.24,0.85,4.45278921104611,0.884938763175742,0.895841854017166,0.652706104160553,0.269460716643388
44.25,0.85,4.44036796096946,0.887355645693683,0.896983101786208,0.653887970242973,0.269455229585232
44.26,0.85,4.42799576466406,0.884888966180887,0.895015001908166,0.653347926307555,0.271099756727552
44.27,0.85,4.41567547308931,0.882586857238532,0.895214468335236,0.653684147305452,0.272087883699332
44.28,0.85,4.40340988730221,0.888492423081073,0.892382425156704,0.655282855376873,0.267829095733379
44.29,0.85,4.39120175792212,0.887264732584721,0.893188788889974,0.654018330401505,0.271398303618395
44.3,0.85,4.37905378463037,0.885709284087762,0.893871625904855,0.654657287104832,0.271415329047724
44.31,0.85,4.36696861570406,0.887773683424424,0.893793599665936,0.655030634529597,0.270360526007758
44.32,0.85,4.35494884758349,0.887602379843543,0.89468800107232,0.652289761518622,0.272371813377295
44.33,0.85,4.34299702447264,0.886664084986271,0.893066346749021,0.653561790986139,0.271105405728254
44.34,0.85,4.33111563797205,0.886292371501424,0.894350585212158,0.654112459641706,0.270970388197061
44.35,0.85,4.31930712674341,0.890941592281842,0.89246066391053,0.655279099690282,0.271366853218298
44.36,0.85,4.30757387620523,0.889784601508675,0.892594734647084,0.655569112601982,0.272455043279619
44.37,0.85,4.29591821825892,0.892738046815625,0.892664725623247,0.65513465248833,0.268832162737219
44.38,0.85,4.28434243104453,0.889093388329119,0.891472935634037,0.655261752845366,0.269187029027997
44.39,0.85,4.27284873872546,0.890136703346763,0.891938335011054,0.655244389612295,0.272372883962856
44.4,0.85,4.26143931130146,0.890048747538409,0.892367908997432,0.65730153579395,0.271686060704124
44.41,0.85,4.25011626444906,0.890088898110764,0.888310701877606,0.654707621339137,0.268450910817308
44.42,0.85,4.23888165938887,0.893411029016335,0.891615980648517,0.656030097620519,0.269987140896791
44.43,0.85,4.22773750277881,0.889459699455759,0.889075520027988,0.656752374482058,0.268238640042835
44.44,0.85,4.2166857466327,0.892060441380601,0.89053650538407,0.654898196836378,0.273054088288914
44.45,0.85,4.20572828826323,0.893243916546058,0.890681602482771,0.655531254543033,0.269308323691782
44.46,0.85,4.19486697024878,0.893306357929282,0.889755082203898,0.657800274039529,0.270667619561235
44.47,0.85,4.18410358042318,0.893656447794204,0.890101355561164,0.655262570481802,0.268992103114532
44.48,0.85,4.17343985188761,0.891499020491628,0.891654541106292,0.656625036689178,0.269316817173615
44.49,0.85,4.1628774630441,0.892791418701603,0.89039919601516,0.656301755176182,0.270041673872388
44.5,0.85,4.15241803764952,0.893456789513893,0.887968726946573,0.654922752417358,0.268979254375645
44.51,0.85,4.14206314488961,0.896168929822689,0.887253503093802,0.655240137189057,0.27012414427688
44.52,0.85,4.1318142994722,0.895464789707198,0.886227788506213,0.657526518839295,0.268259128051557
44.53,0.85,4.12167296173875,0.896529906247355,0.887725996619062,0.659289378666841,0.269341180216778
44.54,0.85,4.11164053779361,0.894806323613498,0.888065340280624,0.657771176103912,0.268619816629457
44.55,0.85,4.10171837965029,0.897065186827477,0.888075653879109,0.656364871179546,0.27014795434486
44.56,0.85,4.09190778539378,0.895146930799223,0.886787245862086,0.658393100511324,0.270111400226154
44.57,0.85,4.08220999935854,0.897700288839635,0.886776142610705,0.656190063916615,0.270890071525575
44.58,0.85,4.07262621232117,0.89896194173829,0.885360845001844,0.657067639689802,0.271034684558125
44.59,0.85,4.06315756170723,0.898075828794813,0.885929352174877,0.654190175405572,0.271453560693002
44.6,0.85,4.05380513181146,0.899071193544686,0.886616097134515,0.655892934930377,0.269671067467284
44.61,0.85,4.04456995403074,0.898027083407653,0.885401906348673,0.659090188085118,0.268938003858454
44.62,0.85,4.0354530071092,0.898160635632257,0.885558042969322,0.65704100445244,0.268505419469938
44.63,0.85,4.02645521739469,0.902701132976162,0.885314920097741,0.656384620547248,0.268778691233712
44.64,0.85,4.01757745910618,0.899230740677843,0.884862168105574,0.657369882719331,0.266381685440554
44.65,0.85,4.00882055461135,0.898679581914299,0.885725207294251,0.655191542500758,0.268495596590395
44.66,0.85,4.00018527471379,0.901008953302205,0.887207244544176,0.65632796023867,0.271643339369213
44.67,0.85,3.99167349312049,0.898382421272801,0.882307853195806,0.655786450102596,0.270245954648739
44.68,0.85,3.98330431008382,0.900684967276185,0.886489075120763,0.659219011358914,0.269494663992977
44.69,0.85,3.97506663320535,0.89869181866005,0.884481182167353,0.654082715190119,0.26946187150469
44.7,0.85,3.96695301028326,0.902333746032968,0.88089634593482,0.658160770958569,0.26977834653511
44.71,0.85,3.95896346843132,0.899816640351536,0.882324418888487,0.658501301007762,0.271011404190167
44.72,0.85,3.9510985256483,0.902514395939702,0.881779542229552,0.655050602676941,0.270249076716699
44.73,0.85,3.94335860980873,0.900437174986569,0.881549151028865,0.656476271383741,0.267912907615907
44.74,0.85,3.93574409183689,0.901711302832897,0.880144529086018,0.655495020500267,0.266008984313049
44.75,0.85,3.92825529407593,0.901161045689846,0.88132004901711,0.657051472705295,0.270554765383962
44.76,0.85,3.92089249083221,0.901291580690524,0.88234136796882,0.659761263345616,0.270314008749462
44.77,0.85,3.91365590866239,0.903858288886013,0.880607008568721,0.65631648276692,0.270229247610575
44.78,0.85,3.90654572672694,0.904039409971023,0.880807398392505,0.658042253265621,0.268638435497382
44.79,0.85,3.89956207715411,0.904205489744672,0.87942271686712,0.656559605206058,0.269273071660114
44.8,0.85,3.8927050454073,0.904126370149655,0.881250688274238,0.654123389332449,0.270040127537811
44.81,0.85,3.88597467065562,0.904183820792276,0.882550171950444,0.658368401736554,0.27070274058078
44.82,0.85,3.8793709461474,0.904624336655335,0.878978827606013,0.655889424847526,0.270573959965035
44.83,0.85,3.87289381958652,0.903782402729761,0.881090176515174,0.659269810196018,0.273061051221318
44.84,0.85,3.86654319351124,0.902589091038161,0.879936777924378,0.656955135800183,0.271375315755534
44.85,0.85,3.8603189256754,0.903270489448147,0.880416010446015,0.653700046269596,0.268238182155773
44.86,0.85,3.85422082943179,0.904215379746916,0.879616395667375,0.658494115632261,0.270251611259365
44.87,0.85,3.84824867411756,0.902271372316504,0.879002287672009,0.658154564460817,0.274208840083378
44.88,0.85,3.84240218544158,0.90183059942037,0.879355003472079,0.656837691027923,0.269741122145447
44.89,0.85,3.83668104587344,0.90692030861678,0.881162325406145,0.655492193464041,0.268686077013644
44.9,0.85,3.83108489503435,0.905332452665256,0.875864363838213,0.658891783505023,0.271021551430363
44.91,0.85,3.82561333008958,0.904360865298463,0.874563529000091,0.658472812159847,0.270132136591296
44.92,0.85,3.82026590614246,0.904992563546406,0.87668167771859,0.656691331256114,0.268683438036086
44.93,0.85,3.81504213663005,0.905209904068355,0.879692023707332,0.655189175560289,0.269214667516119
44.94,0.85,3.80994149372028,0.904823552036371,0.876480295757286,0.656177108859237,0.270792161951918
44.95,0.85,3.80496340871073,0.905145632934394,0.876921783068966,0.654396320684345,0.272014462268117
44.96,0.85,3.80010727242899,0.907026232548514,0.87777588243098,0.654593700742941,0.270697346716553
44.97,0.85,3.79537243563469,0.907382859709484,0.875121305410435,0.655385972659458,0.271912625193622
44.98,0.85,3.79075820942326,0.907198862753747,0.873117985731595,0.655881451334982,0.270196376963006
44.99,0.85,3.78626386563151,0.906446237942659,0.875986307412546,0.656779959563986,0.26818293726363
45,0,3.78188863724516,0.908950815607811,0.874043842320126,0.656855659018031,0.268137975875794
45.01,0,3.7776317188083,0.910636728984807,0.874110104489069,0.656619242249306,0.267008330506529
45.02,0,3.77349226683523,0.908907203023351,0.875354787334886,0.656428462458089,0.267420506036619
45.03,0,3.76946940022439,0.907585713291177,0.875223216027416,0.656185651375846,0.271229870614509
45.04,0,3.76556220067505,0.908307457306922,0.8747592604893,0.655173859134424,0.268697401532963
45.05,0,3.76176971310642,0.908389439588948,0.874305908321591,0.654419942170966,0.271592385686118
45.06,0,3.75809094607986,0.908706689629147,0.872918884866194,0.657784524467563,0.270568469060452
45.07,0,3.75452487222402,0.906515658364611,0.872559276184774,0.65683532072594,0.27199852841522
45.08,0,3.75107042866338,0.908273637431313,0.871694355582537,0.656816734173504,0.270409268196761
45.09,0,3.74772651745028,0.909042769816696,0.869082564340154,0.651273957873632,0.270029241946896
45.1,0,3.74449200600072,0.906981816264106,0.873682011464218,0.655143786109644,0.271059751018961
45.11,0,3.74136572753425,0.907917667554312,0.870583977473269,0.654337270474817,0.270275870466581
45.12,0,3.73834648151809,0.909682643560638,0.874178817023648,0.652029256541632,0.273240981419613
45.13,0,3.73543303411589,0.908832643673328,0.87045252144209,0.654412420009069,0.271839131828535
45.14,0,3.73262411864124,0.909119776840415,0.868966303568791,0.654491571411313,0.268426916350171
45.15,0,3.72991843601641,0.909331762120108,0.870444590338771,0.655921193023656,0.270716786105398
45.16,0,3.72731465523648,0.911399670121366,0.871444866936095,0.655773741151264,0.27088669126733
45.17,0,3.72481141383911,0.909067591482624,0.869767307748722,0.657009797310587,0.267625827577658
45.18,0,3.7224073183805,0.906250341480228,0.870136717257888,0.655738981109199,0.269956753871358
45.19,0,3.72010094491753,0.907772149601564,0.867468505275847,0.656496538331855,0.270215123547691
45.2,0,3.71789083949661,0.908905195806209,0.869918721083478,0.654501462905359,0.270747447488864
45.21,0,3.71577551864945,0.907551042079028,0.868095470959154,0.653228878858131,0.269908543069572
45.22,0,3.71375346989614,0.909742281637505,0.872402653884375,0.656429539807046,0.271259674401698
45.23,0,3.71182315225574,0.908791945263197,0.869243119813399,0.65536645675378,0.271091807779443
45.24,0,3.7099829967648,0.910054311379845,0.867108558921988,0.65263182600792,0.26816739425384
45.25,0,3.70823140700402,0.909619759385569,0.867634703582287,0.653707118961948,0.270559847059811
45.26,0,3.70656675963351,0.905322544914698,0.869653310390475,0.65497962987492,0.269129989968314
45.27,0,3.70498740493672,0.907683460638305,0.866956193847818,0.653955213056985,0.269548224666784
45.28,0,3.70349166737361,0.907219978270369,0.86675147052985,0.650952558421555,0.269606698568037
45.29,0,3.7020778461431,0.909645715091601,0.866414069040421,0.657186544308079,0.270444672636674
45.3,0,3.7007442157553,0.907660161284657,0.865075672637249,0.655021242597885,0.269444045728518
45.31,0,3.69946932715031,0.908016432908142,0.86612853000172,0.6540602808265,0.270193328611985
45.32,0,3.69820965068745,0.909685673760863,0.865301319024395,0.653526512729518,0.272576332040307
45.33,0,3.69696346448967,0.906816709560995,0.865774271347575,0.652641273891272,0.270988456884191
45.34,0,3.69573043801342,0.907280621118059,0.862545908719456,0.650927686485122,0.271304262986951
45.35,0,3.69451023581218,0.907612021907665,0.865280785962298,0.653105843060457,0.270501677175098
45.36,0,3.69330251771283,0.910460653951126,0.866900003855915,0.65133268303235,0.267767199858648
45.37,0,3.6921069389939,0.908956032025451,0.862006939088623,0.648250723213143,0.270771426812076
45.38,0,3.69092315056566,0.908495279140454,0.863123567235153,0.651993917442064,0.271047387553935
45.39,0,3.68975079915186,0.908588571031635,0.863408841290766,0.652929131620225,0.270066828635252
45.4,0,3.68858952747317,0.909197701852967,0.863343539072266,0.655411710341772,0.268799416668009
45.41,0,3.68743897443207,0.912119632333313,0.866603019707562,0.651647924382479,0.27332283690068
45.42,0,3.68629877529926,0.907870690704351,0.862740044619161,0.651820034438461,0.267539561630667
45.43,0,3.68516856190126,0.910981821517363,0.863352783143792,0.651835734592162,0.269146870188155
45.44,0,3.6840479628094,0.907008771161494,0.863302105335955,0.64966289147288,0.269123160469768
45.45,0,3.68293660352986,0.909720455985531,0.86584851933,0.649507791980969,0.269997869045671
45.46,0,3.68183410669477,0.909254385310952,0.864431163560197,0.652512193757922,0.269095878305894
45.47,0,3.6807400922543,0.908170927807452,0.863217679264528,0.652128995706639,0.267844128496452
45.48,0,3.67965417766958,0.905561677003364,0.860241905312077,0.6476241015099,0.27339152388841
45.49,0,3.67857597810637,0.907648361277387,0.861724887790565,0.652846103318364,0.269956263838631
45.5,0,3.67750510662945,0.90937524742507,0.861863616550788,0.652904322724087,0.269722764339403
45.51,0,3.67644117439754,0.908142753278564,0.860110624839126,0.652267292963445,0.270660954826363
45.52,0,3.67538379085875,0.908543742720074,0.861370621278344,0.651108271542066,0.27115889569205
45.53,0,3.67433256394642,0.907841322213041,0.86274990780491,0.651205166535163,0.270952805669846
45.54,0,3.67328710027522,0.909154270383287,0.859705118923123,0.649300158315493,0.271239171150751
45.55,0,3.67224700533753,0.909887662952336,0.861076234648024,0.648815844783293,0.268472506243862
45.56,0,3.67121188369994,0.908515524546319,0.858016207102473,0.650223853867164,0.268227783707405
45.57,0,3.6701813391997,0.907834957296488,0.861232469744966,0.649353257945653,0.271222504280407
45.58,0,3.66915497514128,0.910205521257176,0.85780953222912,0.648796249065904,0.270137114875023
45.59,0,3.66813239449266,0.90857243687802,0.859147478881579,0.649845175814309,0.267882262042182
45.6,0,3.66711320008145,0.911067112151812,0.860673974401579,0.649435283076232,0.271036250049512
45.61,0,3.66609699479074,0.909201798132062,0.857040244475599,0.647675827719896,0.271448835424017
45.62,0,3.66508338175453,0.909853290368111,0.858210901383045,0.646520315727464,0.270468579768705
45.63,0,3.66407196455267,0.909675902396676,0.858631193051982,0.651256200971498,0.267926425249453
45.64,0,3.66306234740532,0.90733760477125,0.857491422314138,0.649490504251974,0.26818821279616
45.65,0,3.6620541353667,0.910652497124057,0.857124059801025,0.648990176248564,0.272566082993689
45.66,0,3.66104693451823,0.910160561558956,0.856588019276305,0.64615463821439,0.271134747358198
45.67,0,3.66004035216081,0.910938654522749,0.855007338290366,0.647374187247306,0.269491486562201
45.68,0,3.65903399700627,0.90890353310615,0.85923212374591,0.6481270357481,0.269494477765679
45.69,0,3.65802747936788,0.908024033317174,0.855161130454984,0.647700351492115,0.269860010249426
45.7,0,3.65702041134989,0.908595243170991,0.854752353822175,0.647308758535835,0.269249766356425
45.71,0,3.65601240703593,0.910462513186891,0.855354920480009,0.650193244075656,0.270156936606354
45.72,0,3.65500308267633,0.907962985159415,0.857256460222765,0.650664404399937,0.269491310592396
45.73,0,3.65399205687419,0.907167229627776,0.854841387696547,0.651555645606518,0.27056473033796
45.74,0,3.65297895077011,0.906508359146314,0.855391763400487,0.647006822659425,0.270220567155298
45.75,0,3.65196338822571,0.909156176345974,0.855833937958566,0.648072293724726,0.267726291220364
45.76,0,3.65427108683096,0.909205635841411,0.855473516433044,0.646883840405966,0.271341142136056
45.77,0,3.65572339354522,0.909565133864488,0.852686382833424,0.64623723100318,0.271605946458254
45.78,0,3.65597362144906,0.911043431548725,0.854625773349334,0.647591797793405,0.270532647364895
45.79,0,3.65612130445794,0.908365668530383,0.855146735542988,0.646369134507762,0.269384553191135
45.8,0,3.65625309101238,0.909546625948868,0.854239220975778,0.644554062922243,0.268900945214036
45.81,0,3.656362959324,0.908097714840509,0.855623856305874,0.647203724958424,0.271243734591265
45.82,0,3.65644771214581,0.909281680011552,0.853785015759467,0.64596130605249,0.272051173881142
45.83,0,3.65650538917259,0.908399465203015,0.854293319164978,0.647327737675286,0.270329600055406
45.84,0,3.65653412660743,0.907115829844551,0.853492065171407,0.645342826978084,0.270956893410607
45.85,0,3.65653207761399,0.907542190000339,0.851173022840466,0.648109399456424,0.271336134534432
45.86,0,3.65649741851309,0.909183287458523,0.851496351423183,0.644504468491435,0.272345531525217
45.87,0,3.65642835111818,0.908607656693331,0.85182144161725,0.646058673258024,0.270887616926408
45.88,0,3.65632310383073,0.910021187589022,0.85195273408944,0.64735584853243,0.27007591417156
45.89,0,3.65617993266428,0.90651906633656,0.852475817109496,0.645373878163618,0.267154176543086
45.9,0,3.6559971222688,0.908264733569347,0.849720264168254,0.646010743983587,0.272599074020489
45.91,0,3.6557729869485,0.907354375507117,0.850875753317087,0.644865764631082,0.267994435968504
45.92,0,3.65550587167101,0.906087075978186,0.850151862364342,0.644903145312736,0.268432210704478
45.93,0,3.65519415306676,0.909321516336724,0.85195967620564,0.644519026175827,0.2684332952695
45.94,0,3.65483624041792,0.909434128513349,0.850163664287139,0.643634051720551,0.270065937628141
45.95,0,3.65443057663585,0.907911641441661,0.852218131107131,0.645942559251234,0.269160519108568
45.96,0,3.65397563922625,0.908115382821926,0.853051274473079,0.64488229153826,0.270117534330534
45.97,0,3.65346994124107,0.906068343720491,0.849043591159324,0.643745757616354,0.270465971695249
45.98,0,3.65291203221629,0.908911708445045,0.847928949550291,0.64524656951373,0.26959316133703
45.99,0,3.65230049909473,0.906167143205889,0.849885187245321,0.644625535833912,0.27185747727357
46,0,3.65163396713294,0.905368141588908,0.852974676798835,0.644119600691485,0.272153324210864
46.01,0,3.65091110079134,0.905607320404962,0.849713164452434,0.644806049013112,0.271198292262379
46.02,0,3.65013060460667,0.911163452580035,0.848686111094599,0.643973495098105,0.268269531931916
46.03,0,3.64929122404599,0.908327167488545,0.848605817378054,0.646551987103782,0.27053968453968
46.04,0,3.64839174634133,0.908300340996049,0.847903464072254,0.643776242985356,0.27245619175557
46.05,0,3.64743100130406,0.907999062303356,0.849013951797366,0.647081070442549,0.270155113779018
46.06,0,3.64640786211832,0.906367862503477,0.847573479994951,0.643045954786586,0.269806369771153
46.07,0,3.64532124611254,0.908147931565792,0.847819717635671,0.644971703889107,0.271649986761979
46.08,0,3.64417011550839,0.909084871281638,0.848379043768191,0.645160445638883,0.269018483242131
46.09,0,3.64295347814626,0.908810071673512,0.847896744843964,0.646482284653059,0.270899089253472
46.1,0,3.64167038818658,0.907062902855648,0.848147027220511,0.643818992456638,0.2694319525714
46.11,0,3.64034204434281,0.908283553706766,0.842979472424835,0.642483700806667,0.269316935798488
46.12,0,3.63900064451714,0.907929206179804,0.846686180816096,0.642923846006823,0.269172156565473
46.13,0,3.63764603168285,0.907719329534724,0.847385774589943,0.645135901255477,0.272704937935392
46.14,0,3.63627805714054,0.907487682210365,0.844473886492625,0.644473792767541,0.271067775728496
46.15,0,3.63489658060841,0.907929255934603,0.847092334574793,0.642036529707475,0.269909481528966
46.16,0,3.63350147030961,0.909313891932787,0.845646800492201,0.642563305044643,0.269800682466338
46.17,0,3.63209260305644,0.910133462758683,0.846661650761224,0.643597502787165,0.270424619109368
46.18,0,3.63066986433152,0.905968827250805,0.846820335915062,0.643733534208227,0.27044001801138
46.19,0,3.6292331483658,0.904968398681481,0.846522211627667,0.642750610636268,0.268486255397205
46.2,0,3.62778235821348,0.908795270399218,0.844989106989071,0.641473832797815,0.270013030329304
46.21,0,3.62631740582371,0.905868860751747,0.845229666997299,0.642049392195635,0.269255934966548
46.22,0,3.62483821210919,0.904477126849558,0.846845622256974,0.644576142974667,0.268221310012721
46.23,0,3.62334470701156,0.906652499358584,0.844090879587474,0.645752516192726,0.269225937659659
46.24,0,3.62183682956353,0.908427339415288,0.843880698968664,0.642614883476684,0.271495725284501
46.25,0,3.62031452794789,0.905638896696568,0.843721584701625,0.641904274455812,0.271984859584959
46.26,0,3.61877775955317,0.90937291219227,0.844900509390091,0.641994356643608,0.270328110242957
46.27,0,3.61722649102611,0.909089788647506,0.845700869129713,0.643340363674545,0.27095088542252
46.28,0,3.61566069832081,0.909868345558999,0.842037757023198,0.641544688001186,0.270156879292447
46.29,0,3.61408036674464,0.909260506535467,0.844543699189981,0.642021250525605,0.270203665729221
46.3,0,3.6124854910008,0.908648745781332,0.843778848450503,0.644355056474124,0.272779768538117
46.31,0,3.61087607522759,0.908605820871702,0.844345087787404,0.642605033999871,0.27060308744389
46.32,0,3.60925213303429,0.909164626203241,0.844457797137038,0.642462832451665,0.271126914601715
46.33,0,3.60761368753376,0.906841652137545,0.844781445569613,0.643628116632515,0.268959147777467
46.34,0,3.60596077137162,0.907855624053816,0.841658126447522,0.645130122557972,0.268834701753453
46.35,0,3.60429342675209,0.908907081159532,0.842586110848183,0.642317958580025,0.268818798565671
46.36,0,3.60261170546039,0.906130770347485,0.840691626589131,0.642241318219641,0.27072618946621
46.37,0,3.60091566888179,0.905280661247723,0.842569146824062,0.64154093448814,0.271444767268371
46.38,0,3.59920538801718,0.905522679851423,0.841430980574088,0.642688485976452,0.273006723863281
46.39,0,3.59748094349526,0.904899753134877,0.841053275029928,0.642356450999473,0.270329252291401
46.4,0,3.59574242558125,0.906536028194633,0.840617316342332,0.644852482192772,0.267984975762798
46.41,0,3.59398993418218,0.906463172526759,0.842335106847038,0.645351931539154,0.271430471286112
46.42,0,3.59222357884864,0.906301193345434,0.843115050054484,0.641646775595277,0.268487414307776
46.43,0,3.59044347877313,0.906523799581242,0.840443070984792,0.642730418098307,0.269096869353033
46.44,0,3.58864976278489,0.908968766816442,0.840318703505298,0.644349955494983,0.27004475020345
46.45,0,3.58684256934118,0.907361369582935,0.839609629934188,0.642276151215595,0.268890772569704
46.46,0,3.58502204651513,0.907842447811918,0.841439592658336,0.643983439705403,0.269398337281569
46.47,0,3.58318835197996,0.911504565156751,0.840658822024249,0.643012382012098,0.271652946816289
46.48,0,3.5813416529898,0.907752953391626,0.838277746267626,0.6441157906009,0.273029456223937
46.49,0,3.57331248507686,0.908007324325924,0.839150489367724,0.64482005595583,0.270148434414139
46.5,0,3.56733480460052,0.905662667824472,0.838707013709955,0.642192415762222,0.267386851938874
46.51,0,3.56297929973909,0.907043819386373,0.840639658695605,0.640905746997113,0.271841690430562
46.52,0,3.55869292691256,0.909981488690459,0.840707069407742,0.644602654916066,0.268491058600722
46.53,0,3.55434260345774,0.905263800232054,0.839745398038573,0.643961402525996,0.269172157804254
46.54,0,3.54993297285475,0.906114117461109,0.838598306594011,0.645534860297478,0.268596662650744
46.55,0,3.54546721392371,0.907241562447653,0.836860195299585,0.644912542563939,0.268967271129187
46.56,0,3.54094690957049,0.909479710703117,0.837531286699844,0.642003330843402,0.27000875765706
46.57,0,3.53637353856901,0.910117063176766,0.836487130312695,0.643254484521917,0.267905089528063
46.58,0,3.5317486268567,0.907617048923462,0.837410500747902,0.646178042073409,0.27097145599013
46.59,0,3.52707374598065,0.910051359647131,0.839643039617628,0.642339633398796,0.270134361078746
46.6,0,3.52235051057604,0.910352026445731,0.834407972980377,0.644068998670701,0.270580971881959
46.61,0,3.51758057738325,0.908863623902735,0.836039503627666,0.642906333304723,0.266795037715913
46.62,0,3.51276564441441,0.911601029670252,0.841755902328845,0.645074700188108,0.270198117200371
46.63,0,3.5079074501021,0.91024801931335,0.833824143753294,0.643755063936188,0.26818263681526
46.64,0,3.50300777242924,0.90855523760066,0.837748347679176,0.645772905965949,0.270105688522623
46.65,0,3.49806842804249,0.910742460030284,0.837719161438915,0.645457106498759,0.268465108904543
46.66,0,3.49309127135063,0.909925505635034,0.837791211819673,0.647809926061608,0.267604287515743
46.67,0,3.48807819360866,0.909687497700883,0.835724319698917,0.64416448491607,0.271832800951991
46.68,0,3.48303112198886,0.913455028026737,0.837955639250162,0.64232247055528,0.267703505338047
46.69,0,3.47795201863961,0.911480347616856,0.834268676396863,0.646886477663703,0.269816411343413
46.7,0,3.47284287973315,0.909533296046464,0.839987866066805,0.643913326911036,0.268312666809949
46.71,0,3.46770573450325,0.913677658624723,0.837688920128045,0.647837765782213,0.26783865799379
46.72,0,3.46254264427376,0.910008005500535,0.835735465513987,0.646116935905364,0.27147510088101
46.73,0,3.45735570147926,0.913203811803126,0.836705033907964,0.644948522083383,0.26829376729898
46.74,0,3.4521470286785,0.910002116251635,0.834745402279244,0.646426427014929,0.27004945062011
46.75,0,3.44691877756209,0.911427528214483,0.836382238820082,0.646561674058795,0.271089603482328
46.76,0,3.4416731279551,0.912250852927839,0.836671953832725,0.645999797326819,0.26792726604143
46.77,0,3.43641228681575,0.91150111235245,0.836008807458134,0.64619225987476,0.271130278187388
46.78,0,3.43113848723128,0.912207524823618,0.83581760694642,0.64437040687013,0.270157634856896
46.79,0,3.42585398741176,0.913180626606849,0.836669144492433,0.647002866865514,0.270183213187349
46.8,0,3.42056106968315,0.913428997237041,0.836453979911048,0.646072380710101,0.272391143132898
46.81,0,3.41526203948031,0.912499551247645,0.833476468240364,0.645909390855934,0.26995299626292
46.82,0,3.40995922434116,0.91531830939936,0.836133277644698,0.647458523147428,0.267803212467182
46.83,0,3.40465497290276,0.912456685118243,0.836089977048073,0.645213315260058,0.271086936065142
46.84,0,3.39935165390043,0.916142225020568,0.836380278053144,0.649586715586199,0.27017222729974
46.85,0,3.39405165517072,0.912956314298198,0.832831474994107,0.646307354625784,0.271404008738558
46.86,0,3.38875738265916,0.911110344680717,0.83264151971758,0.646247134238525,0.270687892547245
46.87,0,3.38347125943378,0.910393626299902,0.832923831856422,0.643986651143063,0.270612115914842
46.88,0,3.37819572470506,0.913101299988594,0.832333802998838,0.647377990778067,0.273359364408949
46.89,0,3.3729332328535,0.915940798959021,0.835588886319861,0.649469962167457,0.269710621439191
46.9,0,3.36768625246522,0.915429268302178,0.833896618473425,0.645059008871167,0.269659912899534
46.91,0,3.36245726537683,0.913885678306722,0.83468048128571,0.645809819934819,0.268423414156872
46.92,0,3.35724876572999,0.915261757396755,0.833283404507531,0.648271921757316,0.2699380019281
46.93,0,3.35206325903664,0.914635970502105,0.83595408886441,0.645265098154623,0.271071260583821
46.94,0,3.34690326125558,0.917156204797849,0.834467833088347,0.645164614980154,0.27061400340062
46.95,0,3.34177129788107,0.915987552613501,0.832503637391646,0.649368779469822,0.269817175561372
46.96,0,3.33666990304414,0.914722095422916,0.837600447981109,0.646385418661752,0.271253603035946
46.97,0,3.33160161862734,0.914389930997081,0.833082095459648,0.647541072329054,0.270867155977368
46.98,0,3.32656899339338,0.913577981959112,0.834297265223254,0.648186481749079,0.269730553290437
46.99,0,3.32157458212846,0.916965965150453,0.831198914529236,0.647291302919595,0.271740890916768
47,0,3.31662094480073,0.916851434507079,0.832795671493425,0.649137859272823,0.270685563376335
47.01,0,3.31171064573437,0.915286244629189,0.834158611340915,0.64511704448438,0.269660085260663
47.02,0,3.30684625279993,0.914122446378369,0.831511043067613,0.649317731773938,0.26997557653105
47.03,0,3.30203033662132,0.917070892493153,0.833582394718773,0.648656665791784,0.270145531524543
47.04,0,3.29726546979984,0.915884892678876,0.833878570355435,0.647680686981019,0.271679857927267
47.05,0,3.29255422615574,0.919278477442615,0.833486390059943,0.646049298594592,0.269899385949425
47.06,0,3.2878991799877,0.917205557258403,0.832726967015602,0.64789019186411,0.268762129915305
47.07,0,3.28330290535044,0.916203880738707,0.833355499556715,0.651200638213164,0.270698497878411
47.08,0,3.27876797535086,0.917800322090386,0.831528343407221,0.649035654041903,0.269614200526249
47.09,0,3.2742969614631,0.919103980842538,0.831992755019341,0.649963205707835,0.269397025913774
47.1,0,3.26989243286247,0.919096304856529,0.831474920112408,0.649063483047157,0.271113089276062
47.11,0,3.26555695577875,0.92006825758904,0.831889193344672,0.64937185601675,0.271002675025397
47.12,0,3.26129309286887,0.919998935101848,0.833602536461586,0.650522922848286,0.27249857526204
47.13,0,3.25710340260918,0.917403245903475,0.830226212341345,0.649017287386158,0.268953843612777
47.14,0,3.2529904387074,0.919312210884405,0.834204810532118,0.650583920463679,0.271192073828687
47.15,0,3.24895674953436,0.921336096641638,0.83142085974953,0.652280580537503,0.269899537490707
47.16,0,3.24500487757553,0.918180048773779,0.834236933845396,0.652848656883994,0.270080831360698
47.17,0,3.24113735890239,0.917456163125816,0.832344555967552,0.65345239510017,0.27061839802675
47.18,0,3.23735672266365,0.921764550800709,0.831526408311337,0.649989850665741,0.271439835188969
47.19,0,3.23366549059621,0.920061058219296,0.835609961373526,0.64792147284481,0.268025941441676
47.2,0,3.23006617655584,0.920369678825792,0.833389109412287,0.65252690143494,0.271663154345593
47.21,0,3.22656128606749,0.922262986077339,0.83221159247283,0.650635774121704,0.267300439423455
47.22,0,3.22315331589498,0.91795684418515,0.830592250608477,0.651743484160159,0.26943748979327
47.23,0,3.21984475363008,0.920513251670289,0.831234914116361,0.652351978547763,0.269135150355532
47.24,0,3.21663807730065,0.920525831222459,0.834003632783335,0.650433152583044,0.269510059928154
47.25,0,3.21353575499768,0.919832543056498,0.833517164789411,0.654133199165809,0.267164187097341
47.26,0,3.21054024452095,0.920514166214947,0.830910561196454,0.651926203377751,0.270743768569557
47.27,0,3.20765399304314,0.922306181242035,0.832888510231904,0.652277512776019,0.270022133378922
47.28,0,3.20487943679189,0.920035965699239,0.832250516361937,0.650249180895496,0.26905407398494
47.29,0,3.20221900074973,0.92317113361377,0.831651381212114,0.651874308839747,0.269905409834628
47.3,0,3.19967509837131,0.922065529275505,0.831815312664417,0.652982304333097,0.270087871907047
47.31,0,3.19725013131772,0.920970880422735,0.830612514857725,0.652556488652858,0.269120756073001
47.32,0,3.19494648920745,0.919849999176295,0.834743172407061,0.651275948545994,0.2689251725875
47.33,0,3.19276654938346,0.919285170382189,0.831193419058053,0.65290654744293,0.26707546449728
47.34,0,3.19071267669622,0.921852437332366,0.828912786858297,0.653629456340261,0.270183713210787
47.35,0,3.18878722330186,0.919367078779992,0.832907311406884,0.655701322373527,0.268939339775291
47.36,0,3.18699252847534,0.919882575112482,0.832036902099212,0.653226395751785,0.268273238447481
47.37,0,3.18533091843784,0.919821261758602,0.832421549989055,0.650004094539352,0.266052551377946
47.38,0,3.18380470619803,0.920891052127935,0.829866812367483,0.654983797158951,0.271436277764256
47.39,0,3.18241619140667,0.923501115133651,0.830703250655466,0.654225881947143,0.268757877351839
47.4,0,3.18115994989808,0.923319619647349,0.833269385808498,0.652388095077287,0.270893543153597
47.41,0,3.17995242541912,0.92175825988639,0.830728021401144,0.652429218032059,0.2693570470501
47.42,0,3.17877348123561,0.92136636223384,0.831522899083374,0.655038283302178,0.270878860028433
47.43,0,3.17762357353555,0.923571168237299,0.834148834999688,0.653711391231196,0.270841703419069
47.44,0,3.17650315216427,0.921009169064124,0.831491697298701,0.654034126480724,0.269619819808294
47.45,0,3.17541266040581,0.921356920558163,0.829337992026581,0.649544832353681,0.269766382131752
47.46,0,3.17435253476637,0.921342485702623,0.83169504828897,0.652076038512497,0.267070654175066
47.47,0,3.1733232047602,0.920447761032813,0.830965354099748,0.6534899778146,0.27081306957954
47.48,0,3.17232509269774,0.920400854324817,0.831256129078748,0.655821631112515,0.269998738654421
47.49,0,3.17135861347656,0.920504731806542,0.831431018625993,0.653212079064056,0.270695852773905
47.5,0,3.17042417437482,0.92070382449342,0.831353538013465,0.653829315235375,0.270128160448458
47.51,0,3.16952217484776,0.922306824406447,0.835416117676704,0.656896853147734,0.27147269454811
47.52,0,3.1686530063272,0.921360082766387,0.828447130100146,0.657195556701706,0.269649111413025
47.53,0,3.1678170520241,0.922681187626716,0.830502995520533,0.656545755508884,0.269083061944147
47.54,0,3.16701468673453,0.920585685146195,0.832362913823001,0.653728039394689,0.268821387814697
47.55,0,3.16624627664906,0.920038478366116,0.834743599110996,0.655780799668198,0.270521032391156
47.56,0,3.16551217916574,0.922288669197264,0.829819557549317,0.655592965991843,0.270153362912488
47.57,0,3.16481274270677,0.920025438733108,0.831010360076805,0.65482842711015,0.269135624019457
47.58,0,3.16414830653913,0.922922375861221,0.829738554554191,0.655486555463217,0.268166393147307
47.59,0,3.16351920059907,0.922084161854772,0.832735668943092,0.655640162487992,0.270182415403591
47.6,0,3.16292574532086,0.921303015727568,0.82866331777125,0.654445479861905,0.270690475409481
47.61,0,3.16236825146974,0.92194100668958,0.83078198650942,0.656819194035666,0.269694538629404
47.62,0,3.16184701997926,0.921983417422942,0.832798016261861,0.655242909698819,0.271714252839738
47.63,0,3.16136234179314,0.920501801945691,0.830625871671042,0.655962554649265,0.26973838121738
47.64,0,3.16091449771179,0.920554047416497,0.832661365463573,0.654975270692318,0.266375741087227
47.65,0,3.16050375824356,0.92139306743515,0.832510973725657,0.657746916076025,0.270788282996418
47.66,0,3.16931679768744,0.920734596008937,0.830679189989419,0.657536643686653,0.270805402240039
47.67,0,3.17525881410887,0.923366411183902,0.830247313768619,0.656337335891201,0.270191436192138
47.68,0,3.17900037942726,0.91910520704269,0.831789395507763,0.654894287062451,0.271866574074902
47.69,0,3.18270412114119,0.92078328644928,0.828663665582663,0.656680266340875,0.270347065803917
47.7,0,3.18660565662719,0.919417159773354,0.831742621980981,0.657124017096388,0.269365447647613
47.71,0,3.19071135054132,0.919659235957506,0.833381774064238,0.656624655430794,0.268724711549484
47.72,0,3.19502092782464,0.917570306256916,0.832854836106632,0.655733070675024,0.2674192741464
47.73,0,3.1995358721883,0.918724199347205,0.829835752237182,0.657221767717991,0.270127830923984
47.74,0,3.20425794852541,0.918677582186256,0.832936098635319,0.653772523251443,0.268589698599014
47.75,0,3.20918892364846,0.918485851406967,0.830232498710641,0.658976475006911,0.26970599522929
47.76,0,3.21433054811949,0.918135490167212,0.832003440852245,0.657021793023733,0.270807756920177
47.77,0,3.21968455704673,0.916153666138991,0.829906964711757,0.656728209876125,0.271096117157984
47.78,0,3.22525267027901,0.916666739794794,0.831088888394081,0.656882523758805,0.268437678296622
47.79,0,3.2310365922991,0.918279239444639,0.83243901137679,0.65959079948243,0.270620925194438
47.8,0,3.2370380120751,0.916399835313152,0.833918809704082,0.654734311797145,0.270486318090245
47.81,0,3.24325860289859,0.916486133637021,0.831764737491467,0.654162960788279,0.269516721371625
47.82,0,3.24970002220974,0.915121626833488,0.833446976079942,0.658391152121688,0.270303923970836
47.83,0,3.25636391140863,0.9189604476168,0.833989220081962,0.65616531589625,0.27017414137652
47.84,0,3.26325189565244,0.913598069679563,0.833802299937107,0.656603940375895,0.269237282969171
47.85,0,3.27036558363803,0.912636060211603,0.832433174518911,0.656981224266749,0.269922383671575
47.86,0,3.27770656736952,0.914814416371356,0.830417906541741,0.658192789199729,0.271499159193322
47.87,0,3.28527642191053,0.912175932488605,0.831814226579432,0.658161882697725,0.26883105314035
47.88,0,3.29307670512076,0.913276828271129,0.833576269706629,0.659640738962646,0.269383959828479
47.89,0,3.30110895737651,0.91316841903082,0.833500453931034,0.655430994347231,0.269102601271509
47.9,0,3.30937470127491,0.913092814160477,0.832912951753414,0.65646690027759,0.270258663314869
47.91,0,3.3178754413216,0.912572735216521,0.832992132476824,0.656646654969348,0.274609375650535
47.92,0,3.32661266360149,0.911293195984389,0.831803301437132,0.656158825600598,0.269330305600786
47.93,0,3.33558783543252,0.909816726761762,0.830059526043056,0.655146481660286,0.270863330651814
47.94,0,3.34480240500212,0.908509848354654,0.835050173393606,0.656501200924022,0.269452901579834
47.95,0,3.35425780098619,0.908446993706496,0.830545482360349,0.657421782616792,0.269262793234517
47.96,0,3.36395543215056,0.909927215486599,0.831646516249745,0.653061606095782,0.268058173529162
47.97,0,3.37389668693453,0.908293308568535,0.83422170637564,0.658272231434169,0.269722965915759
47.98,0,3.38408293301683,0.908314964398118,0.834746562829281,0.657310947675043,0.267911747170894
47.99,0,3.39451551686341,0.90744623953201,0.834739368802068,0.656893229055349,0.268220455476886
48,0,3.40519576325748,0.905769745098607,0.835156216974124,0.658820981928747,0.267724555584297
48.01,0,3.41612497481142,0.907100365872402,0.833520451639586,0.655673689855168,0.270644391352553
48.02,0,3.42730443146081,0.906755857360887,0.83214243947647,0.654428291011298,0.268331746001443
48.03,0,3.43873538994048,0.903626865899992,0.832492191668838,0.656886802278222,0.268560901756673
48.04,0,3.45041908324279,0.905853376679379,0.835057505243802,0.657869714748518,0.267891746535877
48.05,0,3.46235672005801,0.901456301118854,0.833449120911167,0.657212670466589,0.27258172350559
48.06,0,3.4745494841972,0.904323629366701,0.834580278963361,0.655963087636891,0.270016742786465
48.07,0,3.48699853399752,0.900465113990232,0.832817979226281,0.65633371035787,0.269465933475042
48.08,0,3.49970500171033,0.901432033051404,0.834353050576794,0.656671121031162,0.269814948166596
48.09,0,3.51266999287218,0.901414269700526,0.834757184908668,0.6576464140074,0.268199890629071
48.1,0,3.52589458565905,0.898366530611762,0.834978884966996,0.656653230795964,0.270080402847574
48.11,0,3.5393817745813,0.901214350550256,0.833093844411087,0.654066852483282,0.269178016819706
48.12,0,3.55316461106616,0.899070570563853,0.83238391699039,0.654640301276625,0.269515292709148
48.13,0,3.56722812394408,0.898919862239299,0.836194139160643,0.657274103548992,0.271733680149439
48.14,0,3.58155845812527,0.898760518165818,0.835126639787763,0.656476810952173,0.270605813790471
48.15,0,3.5961546262138,0.896965542354039,0.834591115617481,0.655926153696655,0.270294620130798
48.16,0,3.61101745465203,0.893718535374331,0.832712802972042,0.656612136725176,0.270547793514997
48.17,0,3.62614783608259,0.895196698948701,0.834391363997881,0.655382751567488,0.269772424003453
48.18,0,3.6415466219657,0.895026729418238,0.839479479852561,0.654867801635391,0.273477901777362
48.19,0,3.65721462769797,0.891644232408652,0.834884332256915,0.654769504364,0.270137598457695
48.2,0,3.67315263384308,0.893483659137657,0.836651297171089,0.656171191458471,0.268436895156312
48.21,0,3.68936138552469,0.894985742901372,0.834674217087333,0.656606051711024,0.26750533406811
48.22,0,3.70584159160678,0.890969699829739,0.837485170575502,0.655614853369932,0.271371253234596
48.23,0,3.72259392385722,0.890253884602297,0.83536360238383,0.657530783908096,0.269624914162471
48.24,0,3.73961901610278,0.887710475845355,0.836124955688363,0.656626623106938,0.270053186217534
48.25,0,3.75691746337517,0.890964772889797,0.839087071330456,0.657042355345706,0.271603825344546
48.26,0,3.77448982104856,0.88752664977572,0.835817561344787,0.65449343787481,0.272055050645423
48.27,0,3.79233660396936,0.889128476753991,0.83496206453862,0.654991956033231,0.267772721035146
48.28,0,3.81045828557924,0.887489543034115,0.836148185098422,0.654204798956461,0.271245924989203
48.29,0,3.82885529703209,0.885633398807613,0.837651670371379,0.653054264765474,0.271890198906652
48.3,0,3.84752802630599,0.887023719341333,0.8375385128405,0.655949665000242,0.271360887760701
48.31,0,3.86647681731109,0.884376773992381,0.837118807922502,0.654090847359519,0.26889442022576
48.32,0,3.88570196899428,0.88274397625561,0.839386128188915,0.655912922249372,0.274109740602129
48.33,0,3.90520373444191,0.883270113120654,0.834224477334822,0.65385738710228,0.270730894030269
48.34,0,3.92498231998127,0.880026221587761,0.836699121604173,0.653351844959427,0.269296304818298
48.35,0,3.94503788428216,0.881878478567082,0.837859541719522,0.654045480044213,0.271810853748077
48.36,0,3.96537053745959,0.881014060369551,0.83753300047466,0.655387393329483,0.268496348008212
48.37,0,3.98598034017859,0.878918971716923,0.837475084241255,0.652634089620354,0.268458668892615
48.38,0,4.00686730276249,0.877566393262195,0.835689219244592,0.654728376455545,0.269337913367862
48.39,0,4.02803138430571,0.874143244912296,0.839572352746304,0.653916429525974,0.269942328407236
48.4,0,4.04947249179237,0.87718213137397,0.839354205507367,0.652847114856175,0.269651634788105
48.41,0,4.07119047922174,0.876038471867573,0.836987271256188,0.655578340391744,0.270959317029783
48.42,0,4.09318514674212,0.875238319569895,0.837982560352423,0.654397664103379,0.270831781439292
48.43,0,4.11545623979414,0.87319210854597,0.839892862291994,0.65485004713893,0.268151802633571
48.44,0,4.13800344826478,0.871960103285366,0.839561847620375,0.651598233401373,0.267413192311036
48.45,0,4.16082640565373,0.869306726252017,0.837809242924773,0.65354167429763,0.271833319201288
48.46,0,4.18392468825299,0.870180447741539,0.837525329616277,0.655243450592936,0.271071828264333
48.47,0,4.20729781434144,0.8662947025898,0.837077434598311,0.652879054412257,0.271206029220844
48.48,0,4.23094524339545,0.869991204439305,0.839636673015775,0.652605259306862,0.271119903490713
48.49,0,4.25486637531717,0.867456743077069,0.839185452374718,0.653012719140117,0.27110695695539
48.5,0,4.27906054968167,0.867162436477962,0.838728302997522,0.652229667489174,0.269350628800504
48.51,0,4.30352704500453,0.865707132991128,0.838301902709618,0.652720098302205,0.270902338654411
48.52,0,4.32826507803107,0.863510358301123,0.841215225944962,0.650628109677244,0.267555769916099
48.53,0,4.35327380304887,0.863744735068879,0.840752182040106,0.653894901866693,0.271222059646046
48.54,0,4.37855231122489,0.864307092715158,0.841352929839991,0.651223494834665,0.269868182177785
48.55,0,4.4040996299686,0.864694221216076,0.839216028532453,0.652762644581117,0.27279082863014
48.56,0,4.4299147223226,0.860443732593245,0.84132256472947,0.651245263926615,0.27058234936508
48.57,0,4.45599648638222,0.859697834181289,0.843107137785702,0.652292644580162,0.269720371498423
48.58,0,4.48234375474538,0.859824775601609,0.839161940157798,0.65353481746348,0.270613311009397
48.59,0,4.50895529399425,0.858757776015306,0.838597292174044,0.652726539306722,0.26960763931651
48.6,0,4.53582980421019,0.856518776272531,0.842821052309388,0.651109701289624,0.268556996962944
48.61,0,4.56296591852317,0.854650618850084,0.839848711336199,0.650046328225781,0.270746760377784
48.62,0,4.59036220269739,0.854829069484274,0.840004128980634,0.652548317485456,0.271919710745077
48.63,0,4.61801715475415,0.853632734964322,0.842038578759438,0.648707343474892,0.269902453478428
48.64,0,4.64592920463363,0.852594562799812,0.841879140546898,0.651474482660118,0.269081063252847
48.65,0,4.67409671389678,0.852165847590217,0.842824319597363,0.650044195240611,0.268790593509699
48.66,0,4.70251797546879,0.854044905030931,0.844032531040319,0.652383764432195,0.26826257146674
48.67,0,4.73119121342529,0.849026913106551,0.842820818111442,0.647275471523528,0.269993873560203
48.68,0,4.76011458282277,0.848163145613688,0.844033134059086,0.650766466155045,0.270566256320096
48.69,0,4.78928616957441,0.846162106744572,0.841805981980497,0.649234594351536,0.268639055350112
48.7,0,4.81870399037248,0.844301336340732,0.841948399610291,0.648054781445727,0.271217838057103
48.71,0,4.84836599265875,0.84548889845348,0.844672306529227,0.648756010026765,0.269895994802489
48.72,0,4.87827005464386,0.845534279836228,0.84336031350903,0.64828869791177,0.269769939145419
48.73,0,4.90841398537694,0.84583147022157,0.843845468799765,0.64984831643194,0.270209451868057
48.74,0,4.93879552486663,0.84242197439173,0.843810457666524,0.646414898915502,0.27103348048099
48.75,0,4.96941234425431,0.843692841503823,0.84579092464145,0.650673196336679,0.269283733014794
48.76,0,5.00026204604102,0.84253348663603,0.841804594831787,0.650327558657345,0.271778260527152
48.77,0,5.03134216436856,0.839404153340383,0.845091340442214,0.651800618174926,0.269953523453868
48.78,0,5.06265016535616,0.838868727284608,0.844906010710738,0.648315444844569,0.269661492496919
48.79,0,5.09418344749327,0.836069737214703,0.845731934726807,0.650277782609664,0.268558557207489
48.8,0,5.12593934208953,0.838206904838563,0.843703738154333,0.647162279249323,0.271487361781916
48.81,0,5.15791511378255,0.833066952083389,0.844382498088378,0.650267413370296,0.270246004453735
48.82,0,5.19010796110447,0.831728920807206,0.845891095175265,0.648813679493268,0.270262245566043
48.83,0,5.22251501710767,0.831774613668372,0.847055271915976,0.648345522886708,0.270975943068524
48.84,0,5.25513335005051,0.829674080236781,0.847888246965109,0.649457810396612,0.272161706300008
48.85,0,5.28795996414349,0.830102110492345,0.843886950107734,0.648521834714841,0.269890977307727
48.86,0,5.32099180035645,0.829571787309406,0.843017844018812,0.64528360354097,0.272230118306162
48.87,0,5.35422573728715,0.829128580437572,0.848546357882484,0.647753217959468,0.268580240432814
48.88,0,5.38765859209167,0.82693783293232,0.845470401927231,0.645629202333914,0.270606555025174
48.89,0,5.42128712147682,0.826086234465643,0.846172806426952,0.645743570384929,0.270220186091163
48.9,0,5.45510802275493,0.825916916505019,0.847978289888764,0.646126578215422,0.268356476103671
48.91,0,5.48911793496106,0.82199581424206,0.848800640767465,0.645852590501822,0.269920194419281
48.92,0,5.52331344003276,0.821667532158607,0.846188128432462,0.647878263183511,0.267973064610156
48.93,0,5.55769106405239,0.820512031162324,0.849895562259612,0.652031143925928,0.26928225170498
48.94,0,5.59224727855196,0.819977721555927,0.848990243169523,0.644101377664097,0.273643175907715
48.95,0,5.62697850188027,0.820382308764631,0.847665896825453,0.648776720107034,0.269429946614725
48.96,0,5.66188110063225,0.818949790275371,0.848253018934865,0.647516148592174,0.271220345668896
48.97,0,5.6969513911401,0.816659228675156,0.848725342640494,0.644843725842889,0.267175424827367
48.98,0,5.73218564102588,0.816523330709244,0.848155789592332,0.642594084294935,0.271468190085887
48.99,0,5.7675800708152,0.815027377209136,0.847692186516869,0.648277232596637,0.270180215744921
49,0,5.80313085561126,0.813955375818676,0.849762741150816,0.645341351185229,0.26907535710053
49.01,0,5.83883412682888,0.813633315807956,0.850898746466293,0.645542366362823,0.267778132153459
49.02,0,5.87468597398768,0.812494467668144,0.851488116102291,0.645918506498054,0.269152593618383
49.03,0,5.91068244656359,0.811986868729703,0.850226338521005,0.64494160062493,0.269398595819883
49.04,0,5.946819555898,0.811595901811571,0.85342764660999,0.645396871590357,0.269336120429607
49.05,0,5.98309327716347,0.808974902066127,0.848706694150961,0.645312064281068,0.270388312843009
49.06,0,6.0194995513851,0.806803374963011,0.852486016014233,0.647679052671837,0.269956291166269
49.07,0,6.05603428751631,0.806221381483096,0.84978675491025,0.642842851321781,0.269038083706555
49.08,0,6.09269336456807,0.804512953117561,0.84936621671895,0.646536978594417,0.271173266188028
49.09,0,6.1294726337901,0.805743362302754,0.85072513076757,0.645451588167774,0.270625317600466
49.1,0,6.16636792090293,0.80453072020519,0.849640821965326,0.644345096658837,0.271376149224914
49.11,0,6.20337502837924,0.800921346627918,0.852864408458952,0.645790372850261,0.270470678451449
49.12,0,6.24048973777311,0.802028744707074,0.851934087311421,0.644576393752849,0.267744652283381
49.13,0,6.27770781209555,0.799617134255236,0.852978902831438,0.64509037655471,0.27040493553607
49.14,0,6.31502499823472,0.799295062668763,0.854014552973228,0.642474144312441,0.268348155477488
49.15,0,6.35243702941922,0.798710502468692,0.850999706544062,0.641609466748066,0.268938557105959
49.16,0,6.3899396277225,0.797097012136584,0.852821061114846,0.644262743807881,0.270756468069957
49.17,0,6.42752850660671,0.796041741227459,0.854346753236681,0.646006613963698,0.268060254393075
49.18,0,6.465199373504,0.797136761798414,0.854141949781606,0.645690331311854,0.271301470205689
49.19,0,6.50294793243347,0.795145665690508,0.852578375937456,0.644666316594866,0.271733413176317
49.2,0,6.54076988665141,0.792151119322759,0.854276134807119,0.642629083145599,0.271887281431375
49.21,0,6.57866094133316,0.790484451727556,0.85545988879377,0.645024201066396,0.269927279971686
49.22,0,6.61661680628413,0.79219591114371,0.856727715029606,0.643376695414619,0.268877343971914
49.23,0,6.6546331986779,0.792828938667167,0.856517885429541,0.6446367394514,0.273053943015463
49.24,0,6.69270584581923,0.788784843494642,0.854598494580761,0.645819257775526,0.271333350724268
49.25,0,6.73083048792956,0.787721080253496,0.854586072359535,0.642463770891024,0.267992831570565
49.26,0,6.76900288095267,0.785661740354342,0.853078905493845,0.644940328248134,0.27123514442425
49.27,0,6.80721879937832,0.789068857172105,0.855289100824432,0.641914943383278,0.271113516395181
49.28,0,6.84547403908105,0.786162160158192,0.856308199219274,0.643856931114979,0.269653978243799
49.29,0,6.88376442017215,0.786086686732394,0.85595471121206,0.645052822291534,0.270835645039914
49.3,0,6.92208578986197,0.784425453769047,0.855261666602764,0.641345877385486,0.27278263968867
49.31,0,6.96043402533017,0.783688503089092,0.857029223779175,0.643327549223618,0.271616935416845
49.32,0,6.99880503660136,0.781270356507114,0.857133491389055,0.646289441853535,0.269018413188638
49.33,0,7.03719476942361,0.781492368084118,0.856996394420266,0.644291909568813,0.273235653985165
49.34,0,7.07559920814713,0.779727918436138,0.857617788847092,0.644379405133232,0.269631471418758
49.35,0,7.11401437860063,0.778442288410593,0.856513827347184,0.644819703872962,0.269918638813121
49.36,0,7.15243635096266,0.778799232488611,0.857089379260548,0.642315409604174,0.266927794498568
49.37,0,7.19086124262536,0.775862973218482,0.859007413167786,0.643535457268735,0.272674999005675
49.38,0,7.22928522104797,0.775317016111844,0.858305364579166,0.643715467067703,0.270509099906874
49.39,0,7.26770450659752,0.776177649839012,0.856975303254093,0.641647882114398,0.26879036750102
49.4,0,7.30611537537396,0.77387859737113,0.858107657395858,0.643160680423908,0.269157632891477
49.41,0,7.34451416201728,0.772335829706877,0.858220080811687,0.643597587226957,0.267693341907482
49.42,0,7.38289726249381,0.7751935770019,0.859356381289537,0.641043235156495,0.269991839360217
49.43,0,7.42126113685932,0.769910257809878,0.859562552258928,0.643606032155667,0.269882373604524
49.44,0,7.45960231199616,0.771695485695814,0.857003005873993,0.641822400370676,0.27115600929166
49.45,0,7.49791738432207,0.76863792712769,0.857492247775663,0.643278590984706,0.271653890831921
49.46,0,7.53620302246787,0.769800966509307,0.863470989523282,0.643151510831139,0.269512516728484
49.47,0,7.57445596992186,0.768200964985416,0.858380921444121,0.645012522866951,0.268797216010263
49.48,0,7.61267304763819,0.765251237112184,0.86210532494133,0.641874280114379,0.266557096996145
49.49,0,7.65085115660685,0.76806511203948,0.865208464365635,0.643333127311168,0.269706041139111
49.5,0,7.68898728038302,0.764031291441441,0.862035880619705,0.642992700188185,0.270328694885534
49.51,0,7.72707848757319,0.766988661632725,0.861775178192016,0.643475508759617,0.269623583112118
49.52,0,7.76512193427598,0.765795521496115,0.858723065713248,0.643232679656737,0.271252867618473
49.53,0,7.80311486647523,0.764002794152536,0.861815471820766,0.64294820080917,0.269806863319634
49.54,0,7.84105462238328,0.762545089683486,0.862984700869387,0.641310832433196,0.267136387733519
49.55,0,7.87893863473217,0.761898480737189,0.861839575082151,0.642635854875727,0.267836131038762
49.56,0,7.91676443301082,0.758801254134832,0.862287660589425,0.642700781711905,0.271290607235418
49.57,0,7.95452964564608,0.759488623377121,0.863683869119095,0.642293703063872,0.27206624408002
49.58,0,7.99223200212567,0.75878434659011,0.86219142941757,0.644081961793456,0.270043465076756
49.59,0,8.02986933506111,0.756761976806817,0.86431339133407,0.643485543575419,0.272861163318569
49.6,0,8.06743958218889,0.756603859660643,0.867343373766737,0.644216195389075,0.270854863672148
49.61,0,8.10494078830806,0.754487168979633,0.863997308885237,0.642091979785374,0.268385193348796
49.62,0,8.14237110715256,0.753389531457432,0.863510746330993,0.644673244172626,0.268608835398439
49.63,0,8.17972880319666,0.754433597038294,0.867857865735206,0.642508342259786,0.269167494340531
49.64,0,8.21701225339213,0.754179861103899,0.866287507423236,0.642763056679996,0.267180987708538
49.65,0,8.25421994883539,0.75513186992324,0.867561268376522,0.644924426131117,0.269594651987309
49.66,0,8.29135049636358,0.750072622194168,0.864199746558024,0.645249958377922,0.273454161728105
49.67,0,8.32840262007806,0.753785895183958,0.866442918782867,0.642817342451475,0.269982797652073
49.68,0,8.36537516279428,0.751904159963257,0.865571935049636,0.64474284433833,0.270788843818731
49.69,0,8.40226708741672,0.747926603466457,0.866747306808888,0.643704990537336,0.269914267323723
49.7,0,8.43907747823803,0.749417109005336,0.867624931648797,0.641403715715704,0.270953893781786
49.71,0,8.47580554216135,0.748284469521628,0.869179646267829,0.645574457639,0.270659606229454
49.72,0,8.51245060984492,0.746518708993175,0.868567267217395,0.648163055223376,0.267687799467957
49.73,0,8.54901213676829,0.746376809261977,0.869838805864483,0.642888781004472,0.270548954571925
49.74,0,8.5854897042193,0.746610405371174,0.867384375365801,0.645418926005464,0.267655924228385
49.75,0,8.6218830202015,0.745616529134683,0.86617474275337,0.645103897482368,0.270263874148851
49.76,0,8.65819192026109,0.741105405640817,0.86902961355043,0.643715171116748,0.269027481670703
49.77,0,8.6944163682334,0.743462961754835,0.869851364595383,0.646276884062427,0.270177040974285
49.78,0,8.7305564569082,0.741053527778882,0.867094500397085,0.644731228834501,0.268474870812115
49.79,0,8.76661240861386,0.740709450904785,0.870019852759979,0.644790530062623,0.270522877943665
49.8,0,8.80258457572005,0.7411411145106,0.867847376375091,0.646543660549139,0.27046553032694
49.81,0,8.83847344105893,0.741050196625035,0.868689180934336,0.645246646798691,0.271151360858806
49.82,0,8.87427961826493,0.739188102034977,0.86970644398837,0.646931947353528,0.2697687129633
49.83,0,8.91000385203304,0.740411051829077,0.870884866575993,0.64432485006513,0.269522084789251
49.84,0,8.94564701829599,0.740692000372942,0.869149922224377,0.644629262835219,0.27032158805674
49.85,0,8.98121012432031,0.736714394437407,0.871085727484522,0.644759547275492,0.268288706882196
49.86,0,9.01669430872192,0.735993099116029,0.869549979610613,0.644425074778548,0.269348518909326
49.87,0,9.05210084140144,0.736580997865488,0.871096733800446,0.643474936503658,0.27108450542933
49.88,0,9.08743112339979,0.736224995772659,0.872300803661929,0.645230551894242,0.268346846342692
49.89,0,9.12268668667462,0.733751499169828,0.871382641821404,0.647150574259587,0.269498102227505
49.9,0,9.15786919379816,0.733139775091805,0.874014424914451,0.644859087856371,0.273289485863485
49.91,0,9.19298043757742,0.732080447514216,0.870104341182021,0.646638570664657,0.271666519251996
49.92,0,9.22802234059713,0.733103811705429,0.873933003464329,0.647762572793274,0.269292595326119
49.93,0,9.26299695468666,0.731753531575023,0.874396413756716,0.646411534652089,0.269302165367286
49.94,0,9.29790646031156,0.73038557630323,0.872160326888223,0.64589999564464,0.269092750981853
49.95,0,9.33275316589076,0.731286440275581,0.873886221077378,0.646060450695349,0.271495908513349
49.96,0,9.36753950704046,0.730606233901335,0.872927223454367,0.646947313274656,0.26813683092837
49.97,0,9.4022680457458,0.731338567256908,0.874858980501054,0.64813763745267,0.269400930959236
49.98,0,9.43694146946148,0.727995814246332,0.873283777764648,0.646743735133379,0.269917454241062
49.99,0,9.47156259014237,0.731001997942314,0.875341250795758,0.646318657114216,0.269571596460667
50,0.85,9.50613434320544,0.726928252394904,0.87621609574339,0.646684155354146,0.27078215899322
50.01,0.85,47.3119809924665,0.407376283636703,0.874478395675361,0.646714175765071,0.270609632341071
50.02,0.85,121.032930511404,0.218777213209063,0.874467953124145,0.647832428922655,0.267305064223223
50.03,0.85,177.227855005815,0.142433367753252,0.876339522476462,0.64556575842274,0.270354423745014
50.04,0.85,208.784470086636,0.111068247910049,0.876216159677231,0.647480442318615,0.269083743388383
50.05,0.85,224.380554219152,0.09563962953797,0.875078013836125,0.645615626277744,0.270512554138792
50.06,0.85,231.711495866273,0.0879657572481042,0.87539231152772,0.648280302862783,0.270563913320211
50.07,0.85,235.194253794256,0.0859390266048425,0.876803683544922,0.647680519001394,0.269348473917323
50.08,0.85,237.077625907457,0.0820436741453006,0.876683931438044,0.647106884557445,0.269609978508476
50.09,0.85,238.329299373031,0.0814462262960574,0.879191356408562,0.646889399700944,0.268200999257558
50.1,0.85,239.33370179961,0.0837032420791388,0.877879336020739,0.647293015028606,0.271956256396941
50.11,0.85,240.241419739761,0.0835824864121454,0.877845950133596,0.647845085857839,0.270506696336931
50.12,0.85,241.111251476836,0.0798905915274552,0.878422600872407,0.64830564350164,0.271044075826295
50.13,0.85,241.966168609943,0.0803358800835557,0.877453027659152,0.648158090580007,0.269757315850025
50.14,0.85,242.815185835607,0.0823319140552334,0.877254173626917,0.648467220456859,0.269715721980377
50.15,0.85,243.661885318948,0.0826246059643089,0.881340890287143,0.646632725628526,0.269258928938872
50.16,0.85,244.490255243942,0.0788933086003821,0.88132293415367,0.647118466804967,0.268915696903505
50.17,0.85,245.157436688055,0.0791151979637065,0.875851470979367,0.648953328587243,0.27111188549602
50.18,0.85,245.709766537252,0.0780748325462882,0.878815805104935,0.647429873678054,0.269038777841515
50.19,0.85,246.214065777364,0.0754577684009851,0.880170549166213,0.648263193529558,0.271557010657544
50.2,0.85,246.465578495041,0.0794230445704973,0.881293886917127,0.648420643524655,0.271723084375555
50.21,0.85,246.536800750884,0.0797316494814114,0.87968484255453,0.648226728991282,0.269472637054352
50.22,0.85,246.607716484209,0.0763731366811267,0.881161830178654,0.651448163546373,0.267885835067261
50.23,0.85,246.678349878939,0.0763048198987346,0.882329161216823,0.652216619232115,0.269529902966127
50.24,0.85,246.748725149436,0.0742594072559716,0.881689876792189,0.646704225646082,0.267597602162557
50.25,0.85,246.818866529082,0.0782258424064245,0.885202176867044,0.650704172398885,0.269565163851704
50.26,0.85,246.88879825883,0.0751415336859285,0.883580634105968,0.649846456786821,0.268532676365309
50.27,0.85,246.958544575742,0.0771586956268869,0.879056081755068,0.65093075799346,0.269355004295382
50.28,0.85,247.028129701516,0.0806713256419418,0.882729316421211,0.650569709513811,0.26832964973086
50.29,0.85,244.673144207209,0.0779926967700474,0.884020929446699,0.650276494978639,0.270298581296114
50.3,0.85,243.168429133068,0.0794452966401217,0.884080670526448,0.650507101423062,0.272820235841255
50.31,0.85,242.224558629707,0.0835471236412783,0.881678770264333,0.651352900335208,0.273074796043856
50.32,0.85,241.507302945394,0.0835886655146868,0.884415522058455,0.65044463799438,0.270263767788919
50.33,0.85,240.878846437757,0.0819637265607951,0.883917454220927,0.651060089016048,0.268050229532122
50.34,0.85,240.285781942778,0.0847091443306585,0.883513418997939,0.65024574673389,0.269831627206134
50.35,0.85,239.707600463401,0.0832133322700794,0.88481647891707,0.650445974113674,0.271189282501087
50.36,0.85,239.136483001773,0.0814588002206537,0.883080277609158,0.65365847618659,0.271580419646168
50.37,0.85,238.569498802949,0.0852260139655904,0.885171354426319,0.647776197826388,0.269083758546955
50.38,0.85,238.005598590875,0.0843091184828717,0.887448540546098,0.652008311848043,0.269699643207144
50.39,0.85,237.444456222155,0.0849468443615674,0.886453282804165,0.650384377474908,0.270157664727654
50.4,0.85,236.886022586451,0.0870287186551524,0.887581781094539,0.651822418491143,0.269418983492276
50.41,0.85,236.330353862027,0.087414608441483,0.889041247045191,0.652033670580733,0.269726501349696
50.42,0.85,235.777545409998,0.0897757818006017,0.887028276621765,0.652842898149199,0.268957178819065
50.43,0.85,235.227706326921,0.0867035696607343,0.888325737933275,0.650971427514992,0.269723474925219
50.44,0.85,234.680949639549,0.0862011209179565,0.885581539791021,0.654091818492114,0.268602068690588
50.45,0.85,234.137388515329,0.092535038997054,0.882411676364422,0.655079511966377,0.268961003284904
50.46,0.85,233.597134786024,0.0905437108920755,0.887258956933739,0.651541383222274,0.27390709733448
50.47,0.85,233.060298360933,0.0914753995615607,0.884725034356616,0.656270321694164,0.269542980102609
50.48,0.85,232.526986982686,0.093233463706205,0.88869486480125,0.65345913023733,0.270178953467888
50.49,0.85,231.997306115479,0.0902188649869393,0.887798300763526,0.653095301620328,0.270957896509469
50.5,0.85,231.471358885047,0.0916742846354128,0.887864002364468,0.652458634784309,0.270513891995768
50.51,0.85,230.949246039412,0.0944156465065911,0.888213752827151,0.653677257366673,0.272416244813339
50.52,0.85,230.431065918489,0.0924372982322254,0.888740359897439,0.651587249118602,0.27094234576872
50.53,0.85,229.916914427967,0.0918638096407574,0.889810837128683,0.654626189752497,0.270465569040815
50.54,0.85,229.406885015715,0.0929301656331239,0.887097340214319,0.653066227919526,0.272742602435589
50.55,0.85,228.901068649976,0.0939248422257064,0.889831184572229,0.653726704032625,0.27180610812097
50.56,0.85,228.399553799102,0.0939168389192622,0.88938597961226,0.654232931573992,0.271314349015961
50.57,0.85,227.902426412667,0.094162681619064,0.889324753227942,0.652498273540365,0.271164071671655
50.58,0.85,227.409769903908,0.0972486023538472,0.889448237887484,0.653106409850516,0.270155710527373
50.59,0.85,226.921665133444,0.0991082032632234,0.892476659428261,0.652809675945557,0.270215637776864
50.6,0.85,226.438190394226,0.0958438629610657,0.890900119962203,0.654127118394993,0.269149288302592
50.61,0.85,225.959421397692,0.0972824452560955,0.891909668286461,0.655133655873097,0.270662779524252
50.62,0.85,225.485431261088,0.0972165726726851,0.892559865360815,0.655924275823841,0.26814160281247
50.63,0.85,225.016290495926,0.0999154019040101,0.88973852421404,0.655527948341196,0.269336195583881
50.64,0.85,224.552066997536,0.0990464006368691,0.894241978825201,0.654752131297633,0.267853108733092
50.65,0.85,224.092826035687,0.102330384925639,0.890963111726145,0.654790424878859,0.270005554567729
50.66,0.85,223.638630246238,0.0988950514702881,0.890406972653437,0.653577751488557,0.270201124299268
50.67,0.85,223.189539623793,0.100881169092125,0.891818156263478,0.652965959314532,0.269283700725531
50.68,0.85,222.745611515317,0.100127550331753,0.894162804484349,0.654877474146676,0.271014707948644
50.69,0.85,222.306900614689,0.101374039739669,0.891855851169492,0.655399556036704,0.27208857044593
50.7,0.85,221.873458958147,0.104078166110944,0.894692869649384,0.654575933826836,0.271245237792717
50.71,0.85,221.445335920614,0.100009482547879,0.893563868050813,0.656657212070591,0.269991351800079
50.72,0.85,221.022578212851,0.102619603275623,0.891291216832565,0.655965944398444,0.269585690234005
50.73,0.85,220.605229879418,0.103306178926485,0.892233509921431,0.654851816262022,0.269280589999816
50.74,0.85,220.193332297414,0.10256972932682,0.894443570837813,0.654386470428392,0.268160923662221
50.75,0.85,219.786924175953,0.103003919520585,0.892759813256631,0.657986584237523,0.268540809154826
50.76,0.85,219.386041556367,0.106192937633616,0.894236215607911,0.654684490869408,0.270038566468854
50.77,0.85,218.990717813085,0.104268511124136,0.895775363648595,0.657212780897215,0.270249765371261
50.78,0.85,218.60098365518,0.106351283677516,0.897283114546467,0.655752696751169,0.269597033398159
50.79,0.85,218.216867128545,0.1073272347466,0.895761250481004,0.655026808784729,0.271469123828181
50.8,0.85,217.838393618672,0.108594721239959,0.896626854930098,0.657879111701757,0.269445639102376
50.81,0.85,217.465585854019,0.104885558313741,0.894027061251166,0.657551943383288,0.271755486358077
50.82,0.85,217.098463909926,0.106128777126529,0.8995804059529,0.654556384051675,0.270387535803832
50.83,0.85,216.737045213068,0.105895159000156,0.897376350254998,0.659999855261081,0.269127303083474
50.84,0.85,216.381344546421,0.107969758967516,0.897179963148345,0.654760605315269,0.269007089068241
50.85,0.85,216.03137405471,0.108639173179269,0.896585888487262,0.655477786942248,0.269221521666747
50.86,0.85,215.687143250333,0.109222260866827,0.899032385477647,0.655419030545402,0.271608594544634
50.87,0.85,215.348659019731,0.109275705942116,0.899695763229622,0.656976555713201,0.268495042069161
50.88,0.85,215.015925630193,0.110454638977157,0.894088072590649,0.653488043613609,0.270780051048658
50.89,0.85,214.688944737067,0.108737393987936,0.896901243135629,0.656276703353731,0.270277385594262
50.9,0.85,214.367715391382,0.110136463578694,0.898319654988909,0.6546388627601,0.268117598894801
50.91,0.85,214.05223404784,0.109857468637663,0.900395791985615,0.656963441817763,0.269953744824569
50.92,0.85,213.742494573191,0.111321963722572,0.90087325921111,0.660155853748776,0.269819756319117
50.93,0.85,213.438488254955,0.111249298254014,0.899111348119611,0.657539947893287,0.268544442633689
50.94,0.85,213.140203810494,0.110456533327232,0.900297919319016,0.65641930103441,0.270313226793802
50.95,0.85,212.847627396427,0.11001630300795,0.897465951618081,0.6577138876772,0.270056470171095
50.96,0.85,212.560742618357,0.112133627751593,0.898639684006965,0.657013691353841,0.268757420252115
50.97,0.85,212.279530540934,0.110928202115444,0.898673450209758,0.657613434608316,0.271225817513155
50.98,0.85,212.00396969822,0.111381679265334,0.898934994192215,0.658485705834,0.271354069374028
50.99,0.85,211.73403610437,0.110461925979684,0.899492145671809,0.657233058970753,0.269082050057312
51,0.85,211.46970326461,0.111665481087712,0.901132276868075,0.657299631608274,0.270128808969836
51.01,0.85,211.210942186516,0.114495224460681,0.902428799967386,0.655109849047141,0.269520107573289
51.02,0.85,210.957721391604,0.113291615551479,0.903272550411602,0.656955430049772,0.270312703806376
51.03,0.85,210.710006927205,0.113451558530806,0.899333357677384,0.656463496712779,0.268537337715794
51.04,0.85,210.467762378645,0.113543650685643,0.900732091068622,0.658035686143832,0.270404715095223
51.05,0.85,210.230948881731,0.115051734932133,0.903269525619799,0.656815816146637,0.26998717632251
51.06,0.85,209.999525135535,0.115753027260768,0.90191812554037,0.656395122836041,0.269361102202574
51.07,0.85,209.773447415492,0.114809425682243,0.901278893964785,0.657536258165984,0.270564519512543
51.08,0.85,209.552669586809,0.114605692208213,0.903767944949381,0.657257157894186,0.271896480765832
51.09,0.85,209.337143118194,0.116468781770579,0.903122417130258,0.655325266419989,0.269294121629397
51.1,0.85,209.126817095919,0.116262739764249,0.90424318790236,0.658691957502949,0.274280663432218
51.11,0.85,208.921638238214,0.117664187169796,0.90256816859323,0.65782900947327,0.271561022888881
51.12,0.85,208.721550910006,0.117016288744903,0.90011393372957,0.657071183025824,0.271082780040019
51.13,0.85,208.52649713802,0.116299989199909,0.903543178704571,0.655379670273608,0.270326384957618
51.14,0.85,208.336416626245,0.115279333238616,0.904665591140123,0.655789812393307,0.270579711872858
51.15,0.85,208.151246771783,0.117543943263361,0.90553523251059,0.654454732790996,0.272304218112028
51.16,0.85,207.970922681085,0.116144981493051,0.905466070360247,0.657222916971231,0.274170977188819
51.17,0.85,207.795377186606,0.121276575425883,0.906204903797749,0.658430400177436,0.266337436890351
51.18,0.85,207.624540863877,0.117952924022058,0.904828647883872,0.656605623483039,0.272280907400154
51.19,0.85,207.458342049013,0.118509875607985,0.904518388495378,0.653441830089299,0.270667865005239
51.2,0.85,207.296706856686,0.117398203215098,0.902680749526914,0.657110989309934,0.272629281714144
51.21,0.85,207.139559198561,0.117511259980227,0.904709819149597,0.655317089527516,0.270112099983427
51.22,0.85,206.986820802231,0.119070624758167,0.906174067853211,0.654532462491795,0.271759634453776
51.23,0.85,206.838411230658,0.120710928144672,0.906365363225668,0.655930084665878,0.270058043101149
51.24,0.85,206.694247902144,0.121350782101899,0.906321009913865,0.656518046856655,0.270795866444552
51.25,0.85,206.554246110847,0.12086480128099,0.904852388832756,0.657214802482127,0.270050856847795
51.26,0.85,206.418319047873,0.120975962589544,0.90775768408361,0.657069872549301,0.269211369992838
51.27,0.85,206.286377822953,0.121444138390796,0.907709413273949,0.656111421660837,0.270172415601474
51.28,0.85,206.15833148673,0.123312234010578,0.906217796848203,0.654431277892279,0.271365238531304
51.29,0.85,206.034087053679,0.120966474832934,0.906773528005828,0.654570195506505,0.270444972957753
51.3,0.85,205.913549525685,0.119783373348648,0.907451969883276,0.654279284522257,0.271612478955761
51.31,0.85,205.796621916287,0.121293760401872,0.907036895384663,0.655282962168549,0.272471787637506
51.32,0.85,205.683205275631,0.123590953990028,0.906596930894585,0.657368313954745,0.270446529930925
51.33,0.85,205.573198716132,0.122952431399629,0.909372710856221,0.655128079593255,0.268533410789489
51.34,0.85,205.46649943889,0.123731711625925,0.908003302653186,0.659072786486775,0.269755718368572
51.35,0.85,205.363002760857,0.122323853579586,0.905614602138705,0.656955396311925,0.269344804229725
51.36,0.85,205.262602142802,0.124170266033349,0.908175017697101,0.655411322830862,0.272526329469657
51.37,0.85,205.165189218077,0.123647283645738,0.909429035898824,0.654315313633476,0.27045411686348
51.38,0.85,205.07065382222,0.123252568610404,0.91045411630243,0.655585649538175,0.268980137648231
51.39,0.85,204.9788840234,0.126014250022916,0.909681222610811,0.654106155101972,0.270875950023804
51.4,0.85,204.889766153749,0.124488005324582,0.910661228028529,0.6578280976283,0.268745740173736
51.41,0.85,204.803184841577,0.122301534649529,0.909183266783012,0.654730756147112,0.268791314670041
51.42,0.85,204.719023044503,0.125109604135882,0.907263398500637,0.655351109047497,0.270439625424856
51.43,0.85,204.637162083529,0.12525240263568,0.91116080756668,0.657362483301128,0.26830576710303
51.44,0.85,204.557481678059,0.12264212048781,0.90934575766243,0.653467243681669,0.270067241229759
51.45,0.85,204.479859981891,0.123468852954718,0.909571911655863,0.653285061669944,0.269753630308247
51.46,0.85,204.40417362021,0.125537495730535,0.910366627173771,0.656326140391956,0.268547387161984
51.47,0.85,204.330297727577,0.123591014595921,0.908743400599244,0.655631213752132,0.268431421884728
51.48,0.85,204.25810598695,0.127028263810358,0.911066460870955,0.651939688469099,0.267050855936567
51.49,0.85,204.187470669739,0.124893061521355,0.911290577147835,0.654359149944991,0.27091061538885
51.5,0.85,204.118262676929,0.12622976540249,0.909693457524036,0.656156662414234,0.268397824713148
51.51,0.85,204.050351581253,0.122968606381948,0.910875887016249,0.653169456901815,0.270977118386253
51.52,0.85,203.983605670462,0.127190821096201,0.913060206534637,0.65470553473372,0.270353472769957
51.53,0.85,203.917891991678,0.126587173251313,0.910341158412844,0.65437885277673,0.27009085002562
51.54,0.85,203.853076396852,0.123148902092324,0.912448102521466,0.655784940050122,0.269990296505383
51.55,0.85,203.78902358934,0.123873899968988,0.907973406765865,0.653093876864286,0.272741003946807
51.56,0.85,203.725597171584,0.129303953678444,0.910616389301045,0.650580653056977,0.270969669429901
51.57,0.85,203.662659693934,0.127106137238947,0.911838888170828,0.650858656450197,0.27138192844543
51.58,0.85,203.600072704589,0.126815639514115,0.910761076978211,0.653671931130932,0.268683064459829
51.59,0.85,203.537696800677,0.128713282119709,0.91079673253081,0.653280253403578,0.272801156078678
51.6,0.85,203.475391680467,0.125602721103457,0.908533150941209,0.652224318062539,0.270004009535155
51.61,0.85,203.413016196718,0.126762408480253,0.911255870431156,0.655364715508028,0.26878462033308
51.62,0.85,203.350428411163,0.126457567219703,0.91030049453708,0.65239133537282,0.268797759662105
51.63,0.85,203.287485650121,0.127749379993707,0.911859829961222,0.654392640655094,0.266869238485643
51.64,0.85,203.224044561231,0.126265728555012,0.91198268666804,0.653089344579282,0.269277353706137
51.65,0.85,203.159961171318,0.126044222687409,0.914477854182778,0.649724780163204,0.271346590135421
51.66,0.85,203.09509094535,0.129877141954007,0.911997439810482,0.652206888684124,0.269497151656126
51.67,0.85,203.029288846513,0.12719947380674,0.913718775873358,0.652613996150395,0.272962573770249
51.68,0.85,202.962409397357,0.127622627606236,0.911721772103266,0.65393695167919,0.269158268015433
51.69,0.85,202.89430674203,0.128716093616884,0.910640892490293,0.65157193692799,0.268622885862414
51.7,0.85,202.824834709557,0.130454967509247,0.911400316295216,0.653457992743664,0.26750294892882
51.71,0.85,202.753846878163,0.12798722667034,0.913682566329662,0.650185221650325,0.268660939173795
51.72,0.85,202.68119664061,0.12756787811219,0.914650725719048,0.652421982021209,0.269498369063093
51.73,0.85,202.606737270535,0.13129201349769,0.913497707546322,0.650153666798154,0.271377677238645
51.74,0.85,202.530321989756,0.127866715743799,0.912883215149224,0.649933683057067,0.269952558102388
51.75,0.85,202.45180403652,0.130266737290581,0.913478812631766,0.64850504141139,0.270752581299173
51.76,0.85,202.371036734669,0.127972573723503,0.914184509963059,0.650912274052294,0.268085706862499
51.77,0.85,202.287873563696,0.12829400419873,0.912958963729965,0.650119020887847,0.270643194463838
51.78,0.85,202.202168229646,0.128692646660534,0.915559478833669,0.650339917739262,0.268460201099703
51.79,0.85,202.113774736834,0.131107534589911,0.914762941564994,0.649173848935376,0.270926299936777
51.8,0.85,202.022547460355,0.131098313133997,0.914980244119057,0.652233425656166,0.272905391915799
51.81,0.85,201.928341219318,0.130845904526848,0.91315408386171,0.647438559355338,0.268319741127012
51.82,0.85,201.831011350794,0.131479520890175,0.916570947238513,0.648273556099033,0.270454377848821
51.83,0.85,201.730413784417,0.13250872686042,0.918482954064455,0.651663232926738,0.270592886301677
51.84,0.85,201.62640511759,0.130786608362567,0.91392996202702,0.651543025333433,0.271185435075247
51.85,0.85,201.518842691263,0.130778016832022,0.915746899856653,0.651744197253405,0.269269644606534
51.86,0.85,201.407584666224,0.131064444586171,0.916630273902827,0.649105697424143,0.269620469096222
51.87,0.85,201.292490099854,0.129861483675521,0.9128912412457,0.650785451964842,0.27061304963969
51.88,0.85,201.173419023283,0.132402563885143,0.913587664336424,0.651169082571893,0.270318617122344
51.89,0.85,201.050232518921,0.132231008014777,0.915962931525832,0.649038584938812,0.267975301216433
51.9,0.85,200.922792798267,0.132774709712277,0.91396549689126,0.648118752991225,0.268710797828429
51.91,0.85,200.790963279968,0.132018972387239,0.917117298267717,0.646822356295359,0.269491006822083
51.92,0.85,200.65460866806,0.132981722876926,0.914093469860841,0.648113372420231,0.268318355372542
51.93,0.85,200.513595030319,0.131248839777437,0.918632840864581,0.649055461592099,0.269534956383148
51.94,0.85,200.367789876667,0.132967652059692,0.916271852021504,0.64982652317369,0.269437160318062
51.95,0.85,200.217062237575,0.134669274496524,0.914333887883407,0.648261105472477,0.270420836171694
51.96,0.85,200.061282742375,0.135094636090698,0.916433701495433,0.647324491546106,0.268296160683884
51.97,0.85,199.900323697438,0.131881617756569,0.917144952682094,0.647242354589536,0.268482017383544
51.98,0.85,199.734059164126,0.135521469222893,0.916778735723225,0.646848963307639,0.269414844722087
51.99,0.85,199.562365036469,0.132748473149575,0.914962093759715,0.648115743529802,0.270372171358814
52,0.85,199.385119118477,0.135664417362803,0.916552764188623,0.646624814396029,0.271534459065079
52.01,0.85,199.202201201023,0.135879338191989,0.913454167967883,0.648726519983415,0.268568309567421
52.02,0.85,199.013493138227,0.13327658391813,0.916894708325612,0.646912099742953,0.26913645845866
52.03,0.85,198.818878923258,0.137272875292276,0.918620232916972,0.649681903852938,0.267911036330833
52.04,0.85,198.618244763481,0.137950237624244,0.91868425838608,0.64822957317224,0.270204349112247
52.05,0.85,198.411479154882,0.135268733020512,0.916140887149951,0.64738434631872,0.268666761854679
52.06,0.85,198.198472955682,0.13679958138533,0.917702400441247,0.646630971641909,0.269782100920345
52.07,0.85,197.979119459072,0.136910153218151,0.917472564787513,0.645631210976383,0.269539672536803
52.08,0.85,197.75331446499,0.135766636485296,0.916616790179808,0.647248857644015,0.27244957050657
52.09,0.85,197.520956350859,0.138701106349167,0.915939523051108,0.647375829725552,0.272448013060564
52.1,0.85,197.281946141214,0.140090205003902,0.915227832681691,0.649281816864804,0.26822715324163
52.11,0.85,197.036187576142,0.140098311747523,0.917964364779631,0.644967904110367,0.270483796582409
52.12,0.85,196.78358717845,0.138899280286349,0.916746567067922,0.644967424675896,0.272247792762707
52.13,0.85,196.524054319491,0.141244156919165,0.913952528468616,0.64574076505032,0.26884864438346
52.14,0.85,196.257501283572,0.139298106481937,0.917844014477527,0.645743259751351,0.269117964989611
52.15,0.85,195.983843330867,0.139438952707419,0.918139809037035,0.64623760958194,0.268941920094236
52.16,0.85,195.702998758759,0.139897873890181,0.916680433754177,0.645696872581284,0.269827710470119
52.17,0.85,195.414888961535,0.140521107476531,0.919577558706733,0.647861870826924,0.269503305403799
52.18,0.85,195.11943848837,0.141948505356474,0.918040271785705,0.645552272324553,0.269686978323059
52.19,0.85,194.816575099516,0.141970289742018,0.920039194181189,0.645172788176406,0.270215824140303
52.2,0.85,194.506229820635,0.141876987550423,0.917655941859695,0.644560342211343,0.271401655000608
52.21,0.85,194.188336995202,0.143326132327152,0.917565269422932,0.647768576374336,0.270565098687488
52.22,0.85,193.86283433491,0.140959516489055,0.921171289206176,0.642974757743418,0.267676049382146
52.23,0.85,193.529662968009,0.142836109571669,0.914767154587819,0.645683629341174,0.268632420995699
52.24,0.85,193.188767485523,0.144642481604296,0.919600780773925,0.643292845552102,0.267435475266378
52.25,0.85,192.840095985267,0.144006668724412,0.919625506844922,0.642902844692828,0.267505736772927
52.26,0.85,192.483600113624,0.140451591976609,0.918424751884206,0.646026377873311,0.27169087084822
52.27,0.85,192.119235104997,0.14494861001824,0.919083277169569,0.646395376606036,0.268472659044461
52.28,0.85,191.746959818906,0.145339846542207,0.920523710350369,0.642900534783637,0.270712812811971
52.29,0.85,191.366736774657,0.144011420807847,0.91884705148314,0.64414647675425,0.270442623571238
52.3,0.85,190.978532183541,0.145319698676291,0.91854276145304,0.644581176115253,0.268966434329861
52.31,0.85,190.582315978505,0.145781223685107,0.921394253896977,0.645137705392313,0.26968497495068
52.32,0.85,190.178061841259,0.145737567357676,0.917012941491517,0.641640616203896,0.270326309205024
52.33,0.85,189.76574722677,0.143633762764075,0.918458970086527,0.643369318924222,0.26871150789564
52.34,0.85,189.345353385096,0.147704362510168,0.918226780752754,0.644338102003913,0.271625158121412
52.35,0.85,188.916865380534,0.147214695192042,0.919485296914038,0.644884606551704,0.268542341415739
52.36,0.85,188.480272108034,0.149515869745795,0.918525612588797,0.643291259058013,0.270049160804139
52.37,0.85,188.035566306858,0.149512424813037,0.920369747983032,0.644763528235348,0.270381554438011
52.38,0.85,187.582744571448,0.147011941786347,0.916949660537951,0.644486261875051,0.269506468061788
52.39,0.85,187.121807359479,0.151430887100774,0.918036643678281,0.644288946243934,0.269324081693206
52.4,0.85,186.652758997074,0.150163550275534,0.917941654114025,0.643029132912516,0.270018453629919
52.41,0.85,186.175607681166,0.151370690049335,0.92170829975646,0.641936233528819,0.268699263311273
52.42,0.85,185.690365478983,0.152850837418057,0.917868093307494,0.643146940838969,0.270795699846672
52.43,0.85,185.197048324656,0.152204014824156,0.916003162506058,0.643347789641536,0.270090825835318
52.44,0.85,184.695676012922,0.150068198586786,0.916144003924215,0.642199177891472,0.269796549008747
52.45,0.85,184.186272189946,0.151717633633768,0.91806263109772,0.643595005275192,0.271066268743993
52.46,0.85,183.668864341224,0.152413462460302,0.920830322399129,0.642797201650449,0.272133464627285
52.47,0.85,183.143483776603,0.152421329897416,0.918767703361025,0.642240976812418,0.269781448726501
52.48,0.85,182.610165612403,0.154499302607155,0.919004852753183,0.644439712493822,0.270810402348637
52.49,0.85,182.068948750649,0.154642755165312,0.917257450069071,0.644272344581939,0.269809297867407
52.5,0.85,181.519875855446,0.154759462716349,0.919727480883834,0.644220200290697,0.267440391397525
52.51,0.85,180.962993326488,0.157106533354024,0.919301126942898,0.644230597201415,0.271877633857991
52.52,0.85,180.398351269737,0.155535895005924,0.916912098238085,0.642349752236497,0.270673426414611
52.53,0.85,179.826003465289,0.158932832047374,0.918932850140985,0.641998487399096,0.267142845816983
52.54,0.85,179.246007332462,0.158351404377939,0.917637509668513,0.641773020943392,0.273606221349281
52.55,0.85,178.658423892121,0.157849415610987,0.919120880653703,0.64394368640633,0.271375724617048
52.56,0.85,178.063317726291,0.160473392105632,0.919248818246393,0.642199164307059,0.271302616960543
52.57,0.85,177.460756935083,0.160358431196123,0.919768131374924,0.642295050166924,0.270969532959834
52.58,0.85,176.850813090984,0.162812712311251,0.920279871699546,0.643069804329843,0.271351642994857
52.59,0.85,176.233561190543,0.164194909006527,0.917641526888893,0.644773760023952,0.269353475476597
52.6,0.85,175.609079603519,0.163074225029304,0.918094568145098,0.644232054446038,0.268294565494162
52.61,0.85,174.977450019513,0.161556889684021,0.920669534998952,0.642571767928591,0.268018606449276
52.62,0.85,174.338757392169,0.163771389637175,0.920085880798918,0.644187026860107,0.269535774876424
52.63,0.85,173.693089880983,0.16391418500413,0.920716994559364,0.644078978382319,0.269141539095752
52.64,0.85,173.04053879078,0.1662655853624,0.916205883162583,0.64164114594958,0.269288542383637
52.65,0.85,172.381198508926,0.166155359138967,0.919627518897201,0.641081963461542,0.271223629496605
52.66,0.85,171.715166440343,0.169080310329452,0.914889184521216,0.644122739174745,0.270230718011686
52.67,0.85,171.042542940385,0.168726385411993,0.918587817053911,0.641152731358699,0.267527133173513
52.68,0.85,170.363431245658,0.166557928614053,0.91930979583026,0.645705278320244,0.27021529363409
52.69,0.85,169.677937402846,0.169537645974368,0.920044201378988,0.64270745607135,0.267490287931788
52.7,0.85,168.986170195623,0.17226403294247,0.918473575445054,0.642081299561306,0.271681531043242
52.71,0.85,168.288241069738,0.169905886316862,0.915597574509416,0.645027638146934,0.269546961066071
52.72,0.85,167.584264056326,0.171181533592345,0.921050588370409,0.644477675725512,0.268477481214812
52.73,0.85,166.87435569356,0.172543711260776,0.917203108619096,0.645043824640829,0.267606780300786
52.74,0.85,166.158634946702,0.17240721879797,0.917589182604387,0.643147578658743,0.270354313364753
52.75,0.85,165.437223126651,0.176539840512822,0.918546595111925,0.642106157559966,0.269309364089568
52.76,0.85,164.710243807067,0.171145030442493,0.917382961332475,0.644148746910012,0.270416985404729
52.77,0.85,163.977822740169,0.174010920250897,0.915926523624988,0.644016059794293,0.268729980159442
52.78,0.85,163.240087771283,0.175551907891233,0.919552907428959,0.645223458646717,0.271160233435458
52.79,0.85,162.497168752241,0.18011295964382,0.91859152399702,0.642755156576919,0.267864950662149
52.8,0.85,161.749197453718,0.176602161232873,0.919551867771664,0.64242278012227,0.269528982498097
52.81,0.85,160.996307476601,0.177189161292638,0.920024244868788,0.639943235305682,0.273117325336723
52.82,0.85,160.238634162482,0.177448084130107,0.914399398652986,0.644156122358972,0.267822346569049
52.83,0.85,159.476314503363,0.180954448036231,0.91727947894553,0.64150844053993,0.269521276098161
52.84,0.85,158.709487050682,0.181975261564101,0.918855875020424,0.643242663295197,0.269270728599397
52.85,0.85,157.938291823734,0.18234307589003,0.916647500956044,0.642754276364958,0.271461777856335
52.86,0.85,157.162870217599,0.184460081874242,0.916508843266354,0.641059486223957,0.269319220806805
52.87,0.85,156.383364910657,0.183607736948816,0.914590789275914,0.643074046972698,0.269806175071825
52.88,0.85,155.599919771797,0.187303038576725,0.918243070271761,0.645664207250509,0.270150577027395
52.89,0.85,154.812679767403,0.18782557305557,0.91511923451379,0.644849691158263,0.271003281839098
52.9,0.85,154.021790868214,0.185830408826322,0.917934462730921,0.645172467661661,0.271100371509071
52.91,0.85,153.227399956153,0.186488177880581,0.917119346121,0.645886562555702,0.270084493752863
52.92,0.85,152.429654731216,0.19151150107439,0.916963343341362,0.644038956818899,0.269615714475875
52.93,0.85,151.628703618503,0.190786897782947,0.918720124680207,0.645950249952907,0.272996082194999
52.94,0.85,150.824695675501,0.189967574280928,0.915334084006776,0.642146739706482,0.267690886580268
52.95,0.85,150.01778049968,0.190625527912698,0.918026792523051,0.644595294694553,0.267297323304028
52.96,0.85,149.208108136524,0.194495552570693,0.920326419059992,0.642598935167529,0.270417990876201
52.97,0.85,148.395828988042,0.196668410116597,0.915703281373931,0.64472303105552,0.269338834127638
52.98,0.85,147.581093721888,0.196471837936697,0.915551872087275,0.645027522769895,0.268464131317101
52.99,0.85,146.76405318113,0.197144944697385,0.916965484221855,0.644771350104938,0.270406499357569
53,0.85,145.944858294791,0.196636764616933,0.914372943234046,0.64779254031301,0.272251975292206
53.01,0.85,145.123659989202,0.196455213265411,0.915735873752764,0.646980708049251,0.273268947078189
53.02,0.85,144.300609100277,0.200097120649597,0.915983338525885,0.644242492844259,0.271272712123062
53.03,0.85,143.475856286765,0.200149388222107,0.918236728002803,0.64672142897848,0.270162043752346
53.04,0.85,142.64955194456,0.202655971537352,0.918389545338209,0.646977233787118,0.268128614609858
53.05,0.85,141.821846122146,0.200360073505686,0.914608944186073,0.645829349245597,0.269035953998798
53.06,0.85,140.992888437232,0.204044119411707,0.916292936466109,0.645518867645646,0.269954694358827
53.07,0.85,140.162827994655,0.204262143372059,0.916612250233032,0.645031630698439,0.271852479999925
53.08,0.85,139.331813305615,0.204719829725638,0.914492800234111,0.645648259218934,0.270394695932501
53.09,0.85,138.499992208293,0.210751924802243,0.915705557985464,0.645462424816513,0.270998568390711
53.1,0.85,137.667511789929,0.208020028229408,0.91595533207996,0.648709580010428,0.27136229564418
53.11,0.85,136.8345183104,0.213268005976156,0.915446150151521,0.645810154660718,0.269875111789016
53.12,0.85,136.001157127358,0.20884145209626,0.91667933427714,0.645919046908137,0.271809806932015
53.13,0.85,135.167572622984,0.211419122605872,0.91568315686965,0.647227763359887,0.26970744688501
53.14,0.85,134.333908132403,0.212366161422028,0.916480795494212,0.643759321205205,0.271242972228638
53.15,0.85,133.500305873799,0.214295522939094,0.9132999797925,0.646711607878087,0.268592428582898
53.16,0.85,132.666906880289,0.214203887448555,0.912662270064737,0.647370666602106,0.271330734215769
53.17,0.85,131.833850933579,0.216954041778089,0.912294756423859,0.646182128818407,0.26941944289056
53.18,0.85,131.001276499454,0.217922081383888,0.912956799220022,0.644652791172513,0.270805861654943
53.19,0.85,130.169320665123,0.220464210306502,0.915271422731286,0.647243813086352,0.270157733984647
53.2,0.85,129.338119078463,0.220954471581913,0.914515283971512,0.646630687924333,0.269403581277352
53.21,0.85,128.507805889189,0.220924557737619,0.91345998986657,0.647984939917066,0.269177952579917
53.22,0.85,127.67851369196,0.221655638380108,0.912957051194329,0.647388929494717,0.272349245787672
53.23,0.85,126.850373471476,0.22337275205893,0.91329497264922,0.649063448463486,0.269569106031619
53.24,0.85,126.02351454955,0.226063233084953,0.911491693438583,0.647428549374051,0.269225258557503
53.25,0.85,125.198064534204,0.226848639755747,0.914700989361357,0.648401713255686,0.27080632808051
53.26,0.85,124.374149270784,0.227771717982217,0.913450632527645,0.645839716690416,0.269235256537859
53.27,0.85,123.551892795113,0.229297997145293,0.915876299457832,0.646846612179001,0.270529981826031
53.28,0.85,122.731417288697,0.230622804737205,0.911476557275424,0.647048922220089,0.270002339870738
53.29,0.85,121.91284303598,0.233019537205585,0.913442553505178,0.64939448255748,0.269024884643152
53.3,0.85,121.096288383661,0.232311929974293,0.913710227985968,0.647245320932611,0.26951082056742
53.31,0.85,120.281869702068,0.235406795677425,0.911266955316341,0.649946949985227,0.270265852708832
53.32,0.85,119.469701348597,0.235894713766601,0.912357567639309,0.648669238194996,0.271802193791204
53.33,0.85,118.659895633207,0.236664964547521,0.911695553106986,0.647693306658766,0.269401591946495
53.34,0.85,117.852562785958,0.235220615434679,0.912220183080495,0.648713627796555,0.265146503108463
53.35,0.85,117.047810926605,0.238879935661965,0.911358519347066,0.647879617304316,0.268928137148233
53.36,0.85,116.245746036214,0.239497642021541,0.914331558366313,0.647597003221019,0.268855870199912
53.37,0.85,115.446471930803,0.240935542137555,0.909826936341046,0.648384203186463,0.268696915414256
53.38,0.85,114.65009023699,0.244529673101599,0.912070266754884,0.650336649614991,0.270029356669724
53.39,0.85,113.856700369623,0.244643694293852,0.911172734807695,0.649818093736417,0.268694930742498
53.4,0.85,113.066399511386,0.245142628394082,0.910778395000355,0.648677382497901,0.268198646713429
53.41,0.85,112.279282594354,0.243803138993918,0.910878482931538,0.647460040062247,0.269657954904846
53.42,0.85,111.495442283472,0.250531885240161,0.910210930317082,0.651609789010394,0.269826945066588
53.43,0.85,110.714968961933,0.25002640400386,0.914293840580455,0.649501771341233,0.269653455865342
53.44,0.85,109.937950718441,0.249730232725288,0.913200159123289,0.650509653043155,0.270426529923153
53.45,0.85,109.164473336313,0.253995090065869,0.909848019930488,0.649606684867152,0.271191297067482
53.46,0.85,108.394620284406,0.255223397958838,0.910398563877217,0.651677917617579,0.26906132433656
53.47,0.85,107.628472709826,0.255127292869426,0.912806434380503,0.650970134338666,0.269596140963693
53.48,0.85,106.866109432397,0.253538907755705,0.908675745004347,0.649202692247304,0.268264856594666
53.49,0.85,106.10760694085,0.258199683099074,0.911931747453603,0.64845455054533,0.270942882895978
53.5,0.85,105.353039390702,0.257912236495498,0.907737407288461,0.652218196185784,0.272238685223913
53.51,0.85,104.602478603778,0.260680801289748,0.909348019038984,0.651873754746865,0.271340246573409
53.52,0.85,103.85599406936,0.261306316595986,0.910469507653912,0.652121141561977,0.271543943651571
53.53,0.85,103.113652946898,0.265435844194726,0.912841979833269,0.650085661722416,0.268312597977673
53.54,0.85,102.375520070271,0.263143147834632,0.912557337080508,0.650168705812353,0.268982032766898
53.55,0.85,101.641657953534,0.264400253649843,0.910158661065338,0.652013117410542,0.269221947881295
53.56,0.85,100.912126798127,0.268003813697926,0.910580433256822,0.654086005541999,0.268626803343961
53.57,0.85,100.186984501503,0.268913749085211,0.91012070415468,0.651465313471068,0.267871994759893
53.58,0.85,99.4662866671229,0.2662504488513,0.907327623986957,0.652145514262286,0.268440252849677
53.59,0.85,98.750086615783,0.267949913940333,0.910056380791405,0.651365056575586,0.270951711154263
53.6,0.85,98.0384353982355,0.270627393108981,0.910312407582236,0.653551191289428,0.270329795496955
53.61,0.85,97.3313818090489,0.276854180172467,0.907400806767816,0.651830366496637,0.270712669811915
53.62,0.85,96.6289724016729,0.272741199325998,0.906255346141329,0.6534291342415,0.271315833300666
53.63,0.85,95.9312515046616,0.274059471039067,0.907453634433723,0.656220409196278,0.268999880789146
53.64,0.85,95.2382612390092,0.277713511477922,0.90682506500701,0.653395798438015,0.27190073360959
53.65,0.85,94.5500415365576,0.278795503128817,0.909601864002361,0.654135479515187,0.270518395012361
53.66,0.85,93.8666301594297,0.27951932050174,0.904874473632219,0.653510396654988,0.268276552715787
53.67,0.85,93.1880627204458,0.279939243401187,0.907243233959804,0.655926846100009,0.270110202553969
53.68,0.85,92.5143727044772,0.282529672310098,0.909107625003206,0.655977013480779,0.274192792641027
53.69,0.85,91.845591490696,0.279885369414594,0.907444464108187,0.653037661055699,0.271791114195467
53.7,0.85,91.1817483756762,0.28414007516224,0.906631426864086,0.654246624117676,0.270596130735467
53.71,0.85,90.5228705973029,0.285945262642367,0.907462421838164,0.652809294291117,0.269708103791296
53.72,0.85,89.8689833594473,0.28603921532976,0.907454391657641,0.654941545168759,0.270462110972696
53.73,0.85,89.2201098573644,0.288219867399204,0.907658395457899,0.656984187152872,0.268552517489197
53.74,0.85,88.5762713037728,0.290713898910684,0.90331109173644,0.654499375716685,0.268253185788405
53.75,0.85,87.937486955573,0.289306527986273,0.903634410372244,0.655379958409022,0.272500495986197
53.76,0.85,87.3037741411647,0.293905482900918,0.907227831372174,0.655150302056748,0.270860658127761
53.77,0.85,86.6751482883222,0.292524119420505,0.904939576488449,0.654583368003172,0.271081230420886
53.78,0.85,86.0516229525892,0.294404505279674,0.90698314928224,0.654496939074552,0.270996900158383
53.79,0.85,85.4332098461512,0.297955085339897,0.905767567785383,0.655918830789179,0.271854949311713
53.8,0.85,84.8199188671489,0.299647939956459,0.906954137434022,0.653267763448676,0.272361235154826
53.81,0.85,84.2117581293964,0.300486686251291,0.9017683323629,0.654888912421947,0.268171682943249
53.82,0.85,83.6175787980751,0.300779592723985,0.905407287185769,0.655139046188386,0.270390420445852
53.83,0.85,83.0535305437678,0.300854642562848,0.902577201480843,0.654904314009417,0.269044032610966
53.84,0.85,82.5045340014998,0.301980928135713,0.901553578849073,0.655077514600096,0.268635388902486
53.85,0.85,81.9631079863127,0.305169626648148,0.903419458580016,0.654095297654796,0.268612702432528
53.86,0.85,81.4270083124436,0.303560549908728,0.902617277839653,0.654590247150549,0.270201455548672
53.87,0.85,80.8956064819861,0.307145155504309,0.901645611245051,0.656061841169082,0.269040232995231
53.88,0.85,80.3687294152478,0.308714312866156,0.901826271000643,0.657147188148611,0.272524423420005
53.89,0.85,79.8463295027081,0.307097688289679,0.901542088039458,0.659107308846502,0.272968526139425
53.9,0.85,79.3283928536359,0.310908710780369,0.902546990233059,0.654769637424492,0.270630713667663
53.91,0.85,78.8149139190542,0.315567190753396,0.903624262461022,0.658160113264211,0.26667150583429
53.92,0.85,78.3058884961133,0.316666703402838,0.902368677227375,0.654731401909518,0.271136412689884
53.93,0.85,77.801311814343,0.313285204946749,0.901565517846268,0.656580129112177,0.270293841848524
53.94,0.85,77.3011780258103,0.314108388958218,0.901088649449172,0.657602317823294,0.270359777270821
53.95,0.85,76.8054800829051,0.316109597250223,0.90349094620703,0.653791130675498,0.270866006565638
53.96,0.85,76.314209723113,0.316681955285575,0.900705707724687,0.655489730806052,0.273047761542765
53.97,0.85,75.8273574833044,0.32046538753644,0.904030761207379,0.655154741954111,0.270066325664437
53.98,0.85,75.3449127221622,0.321566513937418,0.900353629578311,0.656702735007212,0.26863266509753
53.99,0.85,74.866863644839,0.324022224538953,0.901916878878668,0.655067467708709,0.266826418810953
54,0.85,74.3931973282035,0.321425620400964,0.89909427487497,0.658476412358224,0.267306561429417
54.01,0.85,73.9238997462128,0.323238800245723,0.89863859167275,0.658475686924527,0.270775617976382
54.02,0.85,73.4589557952683,0.326246660815677,0.900948446882697,0.658104238179286,0.271100327527315
54.03,0.85,72.9983493195075,0.328171605941389,0.901116350851831,0.657023099372089,0.268408501897289
54.04,0.85,72.5420631360061,0.32600611296184,0.900979197953675,0.654723926901721,0.271670767389939
54.05,0.85,72.0900790598722,0.328533567009358,0.899817354866457,0.653592572844913,0.268249287242124
54.06,0.85,71.6423779292195,0.328205683783527,0.898417026039861,0.6599949881972,0.266976850406413
54.07,0.85,71.1989396300051,0.332405401403686,0.902892395189696,0.658526744747153,0.270019138001209
54.08,0.85,70.7597431207179,0.331143925840012,0.899541323893096,0.655334279461098,0.271023986444464
54.09,0.85,70.3247664569093,0.334296201424083,0.898929599586511,0.657404762847756,0.270425033614524
54.1,0.85,69.893986815551,0.332118534259889,0.897289813490554,0.657271116627202,0.27024192822824
54.11,0.85,69.4673805192118,0.333406556043677,0.898896471019335,0.657514585033463,0.271781866531422
54.12,0.85,69.0449230600426,0.334813971375694,0.897579814765158,0.658862953408892,0.272080142283209
54.13,0.85,68.6265891235609,0.33780656755178,0.899485641900431,0.656759299380828,0.271127383208866
54.14,0.85,68.2123526122259,0.339975743221498,0.89640655143805,0.659087016947387,0.269137661403944
54.15,0.85,67.8021866687963,0.337683263807516,0.897580870013973,0.655607284132559,0.269937445142585
54.16,0.85,67.3960636994645,0.340440350881523,0.897090651196327,0.660021857392699,0.271195399630087
54.17,0.85,66.9939553967583,0.342867600416872,0.895019781239581,0.655848693718546,0.269543228771227
54.18,0.85,66.5958327622072,0.343857790037211,0.896655665033509,0.657184984373681,0.270134526230824
54.19,0.85,66.2016661287647,0.345343340856012,0.895915195246545,0.657329021130606,0.271711375021056
54.2,0.85,65.8114251829839,0.34599210027342,0.895831853297919,0.65900842095619,0.26938332120175
54.21,0.85,65.4250789869419,0.346434015026305,0.896101091046425,0.657024563536018,0.271431858061455
54.22,0.85,65.0425959999077,0.346860885660985,0.894192065800176,0.65652169927684,0.271467312728646
54.23,0.85,64.6639440997522,0.349001435346311,0.893873681402485,0.657515009239384,0.271443749709578
54.24,0.85,64.2890906040961,0.348835939088053,0.893111716314977,0.657518375818073,0.271115953901394
54.25,0.85,63.9180022911948,0.348028464285692,0.894951395093136,0.655838250236265,0.268720285888623
54.26,0.85,63.5506454205574,0.348138275153612,0.894530911677496,0.659069857460376,0.270734868254618
54.27,0.85,63.1869857532994,0.35223251441081,0.894834379815708,0.657111698423504,0.267928714497084
54.28,0.85,62.8269885722275,0.35378791655653,0.893782438652202,0.658279048925704,0.273869646412535
54.29,0.85,62.4706187016567,0.354728081478235,0.894203770794884,0.655360774223541,0.269875921025309
54.3,0.85,62.1178405269592,0.355640145005574,0.89513052413188,0.654608393325591,0.270562748547156
54.31,0.85,61.7686180138461,0.356421213455198,0.894032971916823,0.656386136981326,0.269116889889202
54.32,0.85,61.4229147273822,0.359598076228176,0.893081102959706,0.655915636723004,0.268987771364598
54.33,0.85,61.0806938507346,0.356308266802472,0.894855833989428,0.656845272247627,0.268544584251096
54.34,0.85,60.7419182036578,0.359231896510836,0.890917339721685,0.655975885604661,0.26961470991185
54.35,0.85,60.4065502607161,0.360792901084363,0.893586375980362,0.655816513944848,0.26863030080695
54.36,0.85,60.0745521692454,0.361269842223526,0.893573559178955,0.65635265313274,0.269757570615153
54.37,0.85,59.7458857670575,0.362498291545684,0.89235849167691,0.655309243170798,0.269079139317959
54.38,0.85,59.4205125998885,0.364461215981849,0.89136739931681,0.658092418239473,0.270468508751637
54.39,0.85,59.0983939385953,0.366151487926,0.890428301071579,0.655703579661528,0.268542853637091
54.4,0.85,58.7794907961024,0.368919391932517,0.890446212427052,0.658117313862916,0.270297316272177
54.41,0.85,58.4637639441029,0.367942976462832,0.89066580839764,0.656979323627796,0.269436688299766
54.42,0.85,58.1511739295166,0.366901465856703,0.892064671207373,0.655799015393259,0.269291063002636
54.43,0.85,57.8416810907104,0.370163080874435,0.892598504392393,0.657912000887483,0.270209891085415
54.44,0.85,57.5352455734827,0.368693582303596,0.892001092726161,0.654366109466367,0.270738127342051
54.45,0.85,57.2318273468174,0.371084881646432,0.888771134186254,0.656818580750335,0.271016800458789
54.46,0.85,56.9313862184115,0.372184544483195,0.886788765557047,0.656635982776664,0.271090180253442
54.47,0.85,56.6338818499801,0.371130514811492,0.89065511654542,0.655148321745078,0.270108745122857
54.48,0.85,56.3392737723428,0.372620703350131,0.888025555800552,0.655538551427889,0.270256533270537
54.49,0.85,56.0475214002974,0.370536372240315,0.888221486868619,0.656164377423143,0.271352559987684
54.5,0.85,55.7585840472841,0.375740267994757,0.889525506199581,0.657441173018772,0.271175800975539
54.51,0.85,55.4724209398451,0.373578785732103,0.889993389862686,0.657647378348007,0.269197864459412
54.52,0.85,55.1889912318842,0.378461869700937,0.88910865552706,0.653446083478824,0.268821078466948
54.53,0.85,54.9082540187313,0.379619925622395,0.888023690670705,0.653734334370376,0.270060870260984
54.54,0.85,54.6301683510162,0.379759325475321,0.88682748832513,0.658572550444075,0.26767201132903
54.55,0.85,54.3546932483561,0.384202035673073,0.88852404421855,0.655006607033028,0.270509562601024
54.56,0.85,54.0817877128618,0.37900589330044,0.885962484624836,0.654650483126306,0.270150574710216
54.57,0.85,53.8114107424669,0.381135532904669,0.888473760527622,0.655884533854964,0.268868092640544
54.58,0.85,53.5435213440845,0.380748243816598,0.886756568095452,0.655970441308824,0.270889491187702
54.59,0.85,53.2780785465957,0.380749718628407,0.886146292315299,0.65528508454669,0.271263950527634
54.6,0.85,53.0150414136749,0.383976226183561,0.886654641253678,0.656408290771402,0.268604925737953
54.61,0.85,52.7543690564553,0.384538704170233,0.886046287469061,0.652420582290143,0.271138611176284
54.62,0.85,52.4960206460395,0.385867728496925,0.884249431362604,0.655129265084763,0.271620736710612
54.63,0.85,52.2399554258587,0.386876516138323,0.885491976161861,0.65519208522215,0.267428746957407
54.64,0.85,51.9861327238849,0.389069534308146,0.884381207833383,0.654828994633884,0.267718348058991
54.65,0.85,51.7345119646996,0.391186392981571,0.884395494400582,0.652988652819463,0.271611802041875
54.66,0.85,51.4850526814229,0.389738089836794,0.883669750352105,0.656241288370671,0.268479716902204
54.67,0.85,51.237714527506,0.389706336594225,0.884575909977129,0.654912343649205,0.267725065895191
54.68,0.85,50.9924572883913,0.391419789021997,0.885718812331355,0.655422548188307,0.270883270273569
54.69,0.85,50.7492408930432,0.394024509333899,0.885895473379702,0.65393705505016,0.271271650644906
54.7,0.85,50.5080254253509,0.395326958565478,0.88520193553071,0.654704949550372,0.270281237611602
54.71,0.85,50.2687711354087,0.396010085415782,0.879994843330532,0.650672545335789,0.271618753844582
54.72,0.85,50.0314384506747,0.393753494942788,0.882418396372053,0.650719021199655,0.269354074596884
54.73,0.85,49.7959879870104,0.395426665851076,0.882530009274813,0.65381916199286,0.271852984975689
54.74,0.85,49.5623805596042,0.397245332855882,0.880605599268481,0.651875210692342,0.269688593304617
54.75,0.85,49.3305771937803,0.394887481479785,0.879737204625037,0.651142108191291,0.269243500531423
54.76,0.85,49.1005391356945,0.399842263218622,0.878854196406912,0.654358141748245,0.268843571021925
54.77,0.85,48.8722278629194,0.398756851604957,0.882758782759441,0.653932611520651,0.271879761061317
54.78,0.85,48.6449022693809,0.400444555280084,0.880885578221284,0.650555212863331,0.271732800797771
54.79,0.85,48.4157266062225,0.399843452600523,0.880996751325702,0.653139826211119,0.27138093330133
54.8,0.85,48.1864795645849,0.400777245313405,0.881576515634236,0.653845164746266,0.270121626024092
54.81,0.85,47.9583510571599,0.404850152466263,0.881550621228763,0.654182860705262,0.270521699960565
54.82,0.85,47.7316819485949,0.405017967204037,0.879060677905478,0.65236110019007,0.270935606556446
54.83,0.85,47.5065413691966,0.403683827645299,0.880250902645419,0.65232805344417,0.270229354847779
54.84,0.85,47.2829212462582,0.406030126939688,0.881225048325119,0.650327866774251,0.269681664725795
54.85,0.85,47.0607922283318,0.408328797811689,0.880514449447137,0.65485747214686,0.270878622850314
54.86,0.85,46.8401193140888,0.406495065279194,0.879186235346421,0.651027780588011,0.268537346253827
54.87,0.85,46.620866198148,0.409288641988884,0.877211717504776,0.650102685741316,0.269481270260163
54.88,0.85,46.402996482232,0.408902360286955,0.877548483066472,0.651554305039903,0.268388730412799
54.89,0.85,46.1864740172004,0.409653299842844,0.878790539542533,0.649747866323048,0.270378929764931
54.9,0.85,45.9712630042743,0.410632865362879,0.87838760044064,0.649531320115291,0.270711464350142
54.91,0.85,45.7573280295213,0.41252176113538,0.880199919552642,0.652794548060055,0.271188693831275
54.92,0.85,45.5446340797939,0.413466855961891,0.878775195230691,0.651455715533345,0.272209848857483
54.93,0.85,45.3331465534514,0.411646136080017,0.876966128436772,0.650893923989805,0.268773893803244
54.94,0.85,45.1228312695488,0.414674899602868,0.878623827546704,0.650210189458325,0.270278616178054
54.95,0.85,44.9136544765108,0.415622142498318,0.877225457441441,0.650004414756047,0.270011444274385
54.96,0.85,44.7055828605668,0.417814953683253,0.876541167983168,0.650434111996856,0.268775441912678
54.97,0.85,44.4985835540233,0.416327004457008,0.876336635796193,0.648570370874794,0.270920983490336
54.98,0.85,44.292624143391,0.41761769262089,0.873866685310384,0.649221660875733,0.270726070374281
54.99,0.85,44.0876726773691,0.420695410477527,0.874550355681596,0.64966974971343,0.266682242380026
55,0,43.8836976746859,0.420773531816469,0.874651204488151,0.646924713149355,0.271350846452196
55.01,0,43.6806681317895,0.420930178072185,0.874030392019775,0.650607638961277,0.267469349426708
55.02,0,43.4785535303889,0.421844658099143,0.877088787457649,0.648850711439187,0.269950257949116
55.03,0,43.2773238448372,0.422276537077526,0.87466794650326,0.649783132141555,0.269393983862437
55.04,0,43.0769495493548,0.423058085007812,0.874100154331854,0.646961421292953,0.273895667110642
55.05,0,42.8774016250889,0.426138535851286,0.871386270446662,0.649095704665067,0.270921455935651
55.06,0,42.6786515670015,0.425693909275369,0.873004534360355,0.648023879322221,0.268169042445682
55.07,0,42.4806713905848,0.428196172483601,0.872777219840172,0.649731139967066,0.268756877753246
55.08,0,42.2834336383965,0.425579670847207,0.872514205073814,0.649279450739514,0.268909110680449
55.09,0,42.0869113864113,0.426660582652206,0.875243606301691,0.649275678799556,0.269606723108562
55.1,0,41.8910782501832,0.428601371429666,0.8686727044872,0.647503611171298,0.268402247491674
55.11,0,41.6959083908133,0.430171339622071,0.870849828561571,0.646134550370561,0.269536362500296
55.12,0,41.5013765207181,0.430146668333025,0.873414565756174,0.647434597217605,0.270905141710606
55.13,0,41.3074579091928,0.430914889916914,0.872214766599209,0.647967481922623,0.273316064104572
55.14,0,41.1141283877649,0.431911615558572,0.872936945862633,0.643306266898018,0.271581835054217
55.15,0,40.9213643553311,0.435019032768878,0.87126560712312,0.648051633519291,0.270874306170727
55.16,0,40.7291427830751,0.434894201642335,0.868188374497599,0.646222123047492,0.27155314771165
55.17,0,40.5374412191571,0.435058825817636,0.871280551809733,0.649732043834443,0.270957551845143
55.18,0,40.3462377931733,0.436141883449534,0.869647923893218,0.647375930714679,0.268026399361254
55.19,0,40.1555112203776,0.439360215834944,0.871835835402286,0.648863021631544,0.26989734062186
55.2,0,39.9652408056612,0.438495012579573,0.869332716748314,0.649646158717098,0.271041021841699
55.21,0,39.7754064472852,0.439077549312229,0.869434708650204,0.647776312408121,0.268721158833403
55.22,0,39.5859886403593,0.438469085251357,0.870871353079363,0.645968150765731,0.272145698249309
55.23,0,39.3969684800645,0.44237428800603,0.869412986243128,0.64676781752088,0.26801633842251
55.24,0,39.2083276646115,0.444116000410869,0.867638535897014,0.648021502825257,0.272262502062946
55.25,0,39.0200484979327,0.441741765544169,0.866090224043415,0.647034392239747,0.27021184077408
55.26,0,38.8321138921009,0.443428623859718,0.868620475193311,0.647555313391587,0.271701990453324
55.27,0,38.6445073694718,0.444826137928411,0.866276185627201,0.647914727137968,0.270070613508499
55.28,0,38.4572130645444,0.445728643901344,0.867886151322455,0.645740256505463,0.269943910640801
55.29,0,38.2702157255363,0.445029591438252,0.868447181495393,0.647430509780488,0.271332545504364
55.3,0,38.0835007156687,0.444858484592064,0.867521392197147,0.644973937501982,0.268445745003034
55.31,0,37.8970540141578,0.4468089458498,0.868842565902222,0.645743229502651,0.269174049566702
55.32,0,37.710862216909,0.448568120736147,0.868537245506793,0.642445477710414,0.271430443974766
55.33,0,37.5249125369089,0.449580475341305,0.865224071423711,0.647764553432234,0.266913089169916
55.34,0,37.3391928043151,0.449821169626138,0.863555940758977,0.644973635616807,0.269674630324427
55.35,0,37.1536914662365,0.449302863074649,0.86520947237592,0.64243314981438,0.269726712776039
55.36,0,36.9683975862051,0.45058586780176,0.866255406362267,0.646407288722258,0.270910217240034
55.37,0,36.7833008433344,0.453282472499277,0.863822978580744,0.644986288735231,0.268356255147323
55.38,0,36.5983915311631,0.4546465610085,0.865945949794184,0.643614928572217,0.269216714463836
55.39,0,36.4136605561821,0.451957906260578,0.863336414667385,0.644099694093737,0.271608904831362
55.4,0,36.2290994360429,0.458966867425552,0.863886592699582,0.646827658659401,0.26985497031114
55.41,0,36.0447002974459,0.454623123790385,0.863211444296748,0.645061821726134,0.270236638715438
55.42,0,35.8604558737087,0.458424345926944,0.864309014781106,0.644921434436011,0.269034874945576
55.43,0,35.6763595020115,0.455883492053356,0.863614716159128,0.643271383907574,0.271450616864677
55.44,0,35.4924051203215,0.460777634876166,0.864478299567975,0.645911444985633,0.265715116474611
55.45,0,35.3085872639946,0.461320678839864,0.86475745068551,0.641187411088346,0.272355045014746
55.46,0,35.1249010620555,0.460477508262285,0.86332412868402,0.643731611560654,0.269618753258414
55.47,0,34.9413422331563,0.4623278093801,0.861767176903484,0.646316722561161,0.271391494312204
55.48,0,34.7667674177632,0.462145444394837,0.860312403973405,0.644677476377682,0.270270406059102
55.49,0,34.6686847343393,0.463475453000101,0.858803777697286,0.644272709306032,0.269857019208111
55.5,0,34.6149312454146,0.462392648617724,0.862547353613212,0.642643823390152,0.270795635930316
55.51,0,34.5737781497983,0.461341468671205,0.861344060745488,0.6442481138703,0.271119639923872
55.52,0,34.535406777464,0.464504151660271,0.859654816093136,0.645101435064282,0.27130176184654
55.53,0,34.4971244515391,0.463327034577734,0.863065695642514,0.64438140007969,0.270356840244016
55.54,0,34.4582068104324,0.464971797699377,0.860633787733973,0.643326818464135,0.270546016861232
55.55,0,34.418457166824,0.464342793933803,0.859205455534476,0.644373569020159,0.270624669271513
55.56,0,34.3778197415463,0.463401500017579,0.861496050980746,0.642962783938062,0.273122862966749
55.57,0,34.3362766443432,0.464819962276863,0.85583108601885,0.643755521258086,0.267498882995373
55.58,0,34.2938204688597,0.465287841326248,0.859836403849551,0.646497066339691,0.270484184345076
55.59,0,34.2504470025145,0.463999939168192,0.856580256019391,0.645490668491655,0.269566575611984
55.6,0,34.2061532877436,0.465046655697134,0.858942562013939,0.644891556654898,0.268492947074018
55.61,0,34.1609371074647,0.467078592975375,0.859572884741403,0.644814594777909,0.270925236875646
55.62,0,34.1147968496144,0.465396324633107,0.860261916476457,0.641953087624531,0.271162704061234
55.63,0,34.0677314724412,0.464836789978589,0.859708549945538,0.641576441884473,0.267204894048483
55.64,0,34.0197404963907,0.466970322490066,0.858687576638891,0.643962530731725,0.270843203589648
55.65,0,33.9708240028071,0.465626572417884,0.858070608252759,0.644378421411292,0.272923566346082
55.66,0,33.9209826341743,0.467939419023362,0.857165654230601,0.644783749724202,0.271327220316631
55.67,0,33.8702175944858,0.466452879145252,0.857785413864912,0.642024454776491,0.269059625339652
55.68,0,33.8185306493655,0.468052393612082,0.856480937083247,0.642562275728065,0.268401583119836
55.69,0,33.7659241258389,0.465932361876122,0.85464109959502,0.644456978590067,0.271309046241448
55.7,0,33.7124009117269,0.467874262671268,0.857437822046396,0.642614087343101,0.272025513686034
55.71,0,33.6579644546547,0.468468718774917,0.856158895945723,0.643453777933751,0.269597122712456
55.72,0,33.6026187606757,0.469162944388944,0.857016445110288,0.641936015120985,0.270237819256691
55.73,0,33.546368392509,0.467012865840338,0.85629134462502,0.642192302436757,0.270304591712474
55.74,0,33.4892184673938,0.468521144108709,0.85651375560959,0.643350994407902,0.270591109237071
55.75,0,33.4311746545616,0.468443913203111,0.854362042122921,0.643974661001772,0.269790131954174
55.76,0,33.3722431723279,0.470077635463332,0.854206910135886,0.641500900489655,0.269160802099586
55.77,0,33.3124307848084,0.468300862787271,0.85334977984944,0.644807850694416,0.272976676784799
55.78,0,33.251744798261,0.470958641334519,0.852358349472538,0.641597498307661,0.269047588363493
55.79,0,33.1901930570583,0.469122955614232,0.853489777089813,0.645151200931124,0.269747335191546
55.8,0,33.1277839392949,0.468435835157613,0.854807164249932,0.642406086881631,0.265561281877819
55.81,0,33.0645263520343,0.472458965640278,0.853694555729071,0.641063037497278,0.268884162047855
55.82,0,33.0004297261996,0.469085949259402,0.851834264872599,0.642793228114628,0.269665941274047
55.83,0,32.9355040111151,0.470368138289974,0.855321192426146,0.642464124143137,0.271390067497722
55.84,0,32.8697596687038,0.47099402975009,0.851953322180821,0.643510158547035,0.270553528911649
55.85,0,32.8032076673469,0.472906892417067,0.849505753477992,0.644998899785323,0.2694866650555
55.86,0,32.7358594754139,0.469991437758242,0.851097712143132,0.645969089157779,0.269183106180347
55.87,0,32.6677270544679,0.469930296929081,0.852130824355476,0.641037953689072,0.270038227058105
55.88,0,32.5988228521562,0.470297962668492,0.853307232204418,0.644966264430772,0.269507163544576
55.89,0,32.5291597947925,0.471696557069839,0.850807741156357,0.642573979222131,0.271279860895828
55.9,0,32.4587512796401,0.473586617794813,0.847930075787609,0.642626745141961,0.267309551739571
55.91,0,32.387611166904,0.470615233383115,0.852895977927213,0.642929149085131,0.267921791531231
55.92,0,32.3157537714415,0.473143111273139,0.849677168635824,0.641249337223714,0.270260905430765
55.93,0,32.2431938542005,0.473031063639037,0.85123274356833,0.645839630218692,0.271023178588181
55.94,0,32.1699466133948,0.472443828179077,0.852508847832436,0.645972249895008,0.270017711917509
55.95,0,32.0960276754268,0.473524292306253,0.851049522436029,0.642742578427387,0.268078319640244
55.96,0,32.0214530855678,0.474563783286495,0.852122863195101,0.644944149448844,0.269993381987645
55.97,0,31.946239298406,0.475779113342299,0.848826429611038,0.64293461941353,0.270687036809735
55.98,0,31.8704031680728,0.47679128322753,0.849717502904296,0.642526898653534,0.266801553713566
55.99,0,31.7939619382593,0.477637428883245,0.849387517463596,0.641708529531847,0.270663916618455
56,0,31.7169332320331,0.475464682585946,0.848560501636357,0.646417191385267,0.267910835890778
56.01,0,31.6393350414671,0.474039893567212,0.849653984154808,0.642563856892257,0.270218270060578
56.02,0,31.5611857170915,0.476174902953465,0.849336860337545,0.644170086250683,0.269949004191136
56.03,0,31.4825039571814,0.475631760158566,0.850622229080087,0.643606298436119,0.267411203316927
56.04,0,31.4033087968911,0.47714852702212,0.847603800907203,0.645989537076603,0.269677627844868
56.05,0,31.3236195972469,0.478974359192623,0.848855624940652,0.643386705122459,0.267149815175495
56.06,0,31.2434560340107,0.478480859666783,0.847126393749533,0.643580215538187,0.272383212921055
56.07,0,31.1628380864266,0.475903666306771,0.848680721655203,0.64371724739149,0.26893695359934
56.08,0,31.0817860258623,0.478670123488782,0.849152594581644,0.643519850755253,0.270856621365844
56.09,0,31.0003204043567,0.478498985247913,0.844534284303944,0.644632215460525,0.269705963018346
56.1,0,30.9184620430884,0.481874206487157,0.846464059373764,0.642430191177091,0.269362723255428
56.11,0,30.8362320207734,0.476869114738119,0.846942472525901,0.644684027607216,0.2689858153012
56.12,0,30.7536516620078,0.479599926975583,0.84728575643637,0.643858292098368,0.268648544116454
56.13,0,30.6707425255656,0.481564640242435,0.842888968949689,0.64228041144544,0.272302639763673
56.14,0,30.5875263926635,0.479769476568647,0.847924374476168,0.648130310393351,0.268584868626807
56.15,0,30.5040252552065,0.481917904285227,0.845116380377153,0.644143468382582,0.27192364375974
56.16,0,30.4202613040233,0.480347435771287,0.843823201775565,0.646657046499169,0.26921956036755
56.17,0,30.3362569171068,0.480022947715771,0.84369839949494,0.644819867497597,0.273323288794696
56.18,0,30.2520346478676,0.482066785446117,0.843137697599089,0.645803148755725,0.268067407421811
56.19,0,30.1676172134149,0.48301292255322,0.846097532432374,0.647354532688279,0.267909755830289
56.2,0,30.0830274828753,0.48244212132408,0.846751183794267,0.643727412512382,0.27123773374549
56.21,0,29.9982884657596,0.484261489765826,0.846506369249702,0.643575866434095,0.269406044980671
56.22,0,29.9134233003902,0.484548430397757,0.845005767457227,0.644439388429361,0.269106459884673
56.23,0,29.8284552423986,0.484395991910503,0.844792770569121,0.644344586895645,0.269455087510087
56.24,0,29.7434076533045,0.486558267753496,0.844606342535259,0.644656306810565,0.269199394287465
56.25,0,29.6583039891861,0.484768882896485,0.843440465464632,0.645889513202316,0.269354069593705
56.26,0,29.5731677894524,0.487988142030876,0.844504084412958,0.647924490734269,0.268462440903012
56.27,0,29.4880226657261,0.482350144238052,0.846006617346422,0.645571281419051,0.270421091353869
56.28,0,29.4028922908484,0.486451344866129,0.841997909777668,0.646820564039392,0.27179762984226
56.29,0,29.3178003880136,0.485199066499099,0.844945873783429,0.646758479479883,0.267435805686534
56.3,0,29.2327707200426,0.487992200653028,0.840747915321914,0.64692839818238,0.269943110076726
56.31,0,29.1478270788053,0.488762399712824,0.843661436734917,0.646489240675475,0.270788251017771
56.32,0,29.0629932747977,0.488933333553493,0.844724237208111,0.64811296809561,0.270380147382661
56.33,0,28.9782931268849,0.488323516386522,0.84147821709952,0.646995637564768,0.268489797223286
56.34,0,28.893750452215,0.488720116711637,0.843531935558887,0.648591875774416,0.270400148364875
56.35,0,28.8093890563129,0.487961586971931,0.844976527153174,0.645072550921768,0.269807457678628
56.36,0,28.7252327233608,0.490694307718266,0.84078150175573,0.648266431974866,0.271727652548446
56.37,0,28.6413052066706,0.491342393156346,0.838686431167345,0.648496109928575,0.269722104875593
56.38,0,28.5576302193575,0.491881552168578,0.843943900878723,0.648097675991375,0.268700414468521
56.39,0,28.4742314252173,0.490889623360628,0.843801734008713,0.646022166168952,0.268120610132316
56.4,0,28.3911324298166,0.491719135415534,0.840559883596869,0.647465936140004,0.268590329173374
56.41,0,28.308356771797,0.493627373208323,0.842941853628035,0.647427369101059,0.270483138152699
56.42,0,28.2259279144028,0.489838884285041,0.839397612421333,0.647542691891713,0.269005362885615
56.43,0,28.1438692372325,0.492004580770685,0.842917113644026,0.647030711152537,0.270021606193257
56.44,0,28.0622040282213,0.491732398741337,0.84260160544715,0.645560050392953,0.268741454893305
56.45,0,27.9809554758567,0.494303945006118,0.840897516041298,0.649947423672938,0.269177023772487
56.46,0,27.9001466616306,0.493591060336067,0.839728792940949,0.648005428935991,0.270122854849774
56.47,0,27.8198005527323,0.493843006996472,0.841175232022564,0.648507688606278,0.269775452945928
56.48,0,27.7399399949834,0.493926630432418,0.839781598232234,0.650511819036339,0.269415412809618
56.49,0,27.6605877060175,0.495149629550376,0.84016978375175,0.651496317913831,0.269301147856295
56.5,0,27.5817662687071,0.496543079981484,0.838708226039988,0.651942550789457,0.26857954606409
56.51,0,27.5034981248385,0.494826521124768,0.83878605481758,0.649050296430654,0.271259907468461
56.52,0,27.4258055690361,0.497618188097315,0.838868755750955,0.649922605101442,0.270405641562681
56.53,0,27.3487107429374,0.497304428680475,0.841687683462749,0.647540036908207,0.271011155683748
56.54,0,27.272235629618,0.501121449959127,0.839341753680987,0.648539865794681,0.271404663575656
56.55,0,27.1964020482681,0.497075521042127,0.840562603273026,0.650904176588149,0.26952051982826
56.56,0,27.1212316491193,0.497038984881171,0.837878730914645,0.649066556208068,0.270868580112335
56.57,0,27.0467459086218,0.498178613927885,0.840308145814295,0.650190763026106,0.270418111206695
56.58,0,26.97296612487,0.499912502367284,0.839888777964591,0.650641020680245,0.272023043915558
56.59,0,26.8999134132772,0.49993042277701,0.838063125506132,0.651912069521018,0.269445884108845
56.6,0,26.8276087024954,0.499181118757833,0.839385970528563,0.649730116109733,0.268500568102283
56.61,0,26.7560036196455,0.500432425965617,0.838285506132816,0.650475236706251,0.270534450514094
56.62,0,26.6844134598905,0.501633546889079,0.83968194324566,0.653827796752342,0.269521862230594
56.63,0,26.6131247474512,0.504433910361326,0.838332325860214,0.651113404900728,0.266368727924458
56.64,0,26.5425133848919,0.502696281221138,0.836849261898173,0.650362625177447,0.269524768402817
56.65,0,26.4727232923067,0.499204996011236,0.837624309810451,0.652162652335544,0.268950606107651
56.66,0,26.4038130347395,0.502036582358008,0.838403138433852,0.653416217362661,0.266837713551969
56.67,0,26.3358142393139,0.501038667801391,0.840197560135586,0.653863190509286,0.269438536092983
56.68,0,26.2687501230213,0.502604064558356,0.839469607700459,0.652163565452687,0.268455220990298
56.69,0,26.2026411792026,0.500054735989935,0.838907377438043,0.651269004992577,0.271067239491532
56.7,0,26.1375069135137,0.504024209605023,0.837562947800892,0.650780747374026,0.269061843854067
56.71,0,26.0733663731813,0.503330950784023,0.834326306708278,0.652740764897579,0.270803140270592
56.72,0,26.010238308004,0.503593470480512,0.835439726404346,0.650675129019628,0.27376332231431
56.73,0,25.9481412190231,0.505401793663995,0.835976519388825,0.652853013198531,0.271559858332054
56.74,0,25.8870933730029,0.504078124104769,0.835138458495282,0.655320830313387,0.271270659127842
56.75,0,25.8271128065913,0.508056100301305,0.834314848306237,0.652596456820239,0.268653305597192
56.76,0,25.7682173274539,0.506445280785673,0.834185351067794,0.65408839865565,0.271578152270424
56.77,0,25.710424514609,0.504318519883469,0.835031893415383,0.649370615314172,0.267681316991326
56.78,0,25.6537517186413,0.506177530611404,0.836592596603423,0.653202263683356,0.270057854662949
56.79,0,25.5982160619964,0.510422226534907,0.835698067332481,0.651658286461429,0.271033947700394
56.8,0,25.5438344394151,0.509214466418859,0.838396436293145,0.654879483954366,0.270767551145521
56.81,0,25.4906235185196,0.507742823054995,0.835622556342132,0.653020422874544,0.268209887283475
56.82,0,25.4385997405518,0.506079044611378,0.833864534258867,0.652331380173383,0.268730741864174
56.83,0,25.3877793212572,0.508069506154271,0.835451665286095,0.654773763088482,0.269521488732071
56.84,0,25.3381782519103,0.506292767789215,0.83498419937769,0.653230293423826,0.27131326985202
56.85,0,25.2898123004729,0.50985032496137,0.833713366555599,0.653335707949439,0.269794320415138
56.86,0,25.2426970128788,0.507416565143759,0.835086170215039,0.651734282585174,0.269684025218728
56.87,0,25.1968477144386,0.509293494983781,0.835745868483602,0.652688635549886,0.269113035872842
56.88,0,25.1522795113561,0.50807921021979,0.834890072976468,0.653943168597474,0.270529228653627
56.89,0,25.1090072923498,0.507284073580236,0.836029098102345,0.656421612492641,0.268552020434694
56.9,0,25.0670457303735,0.507109870429254,0.836146842061935,0.657708210878073,0.270558345960799
56.91,0,25.0264092844257,0.507450639550831,0.834042258988762,0.654405221392685,0.272382551229076
56.92,0,24.9871122014441,0.509828839634756,0.834552013002425,0.655826284487108,0.271639712675399
56.93,0,24.9491685182754,0.508580579469475,0.832159618848608,0.655778902296318,0.270432882559476
56.94,0,24.9125920637141,0.511005373676007,0.834554751552653,0.654374770425206,0.270795665177786
56.95,0,24.877396460603,0.508811522317262,0.833937450887935,0.65603751355641,0.269078148431033
56.96,0,24.843595127989,0.509984923223407,0.833549701269023,0.656161047560731,0.269568882031397
56.97,0,24.8112012833246,0.51339378960301,0.83546076605847,0.654412400893734,0.269401497581481
56.98,0,24.7802279447117,0.512013302642487,0.830341361851631,0.656885229054486,0.27249718324828
56.99,0,24.7506879331761,0.511740708992336,0.832634482952067,0.656325870489549,0.27004641138595
57,0,24.7225938749704,0.512364080164317,0.833256062272223,0.655485269535152,0.270263631529615
57.01,0,24.6959582038943,0.511653251444939,0.834481635456074,0.652034321600181,0.270798602625619
57.02,0,24.6707931636279,0.511343141571252,0.832366619372349,0.655413616910837,0.268933426037906
57.03,0,24.6471108100701,0.510593998332411,0.83203665418656,0.656766727267853,0.270076759046831
57.04,0,24.6249230136755,0.510846638212151,0.832439800524151,0.657328837408689,0.267906719166741
57.05,0,24.6042414617834,0.511918383909881,0.833198277440087,0.654924926968668,0.270522001207398
57.06,0,24.5850776609322,0.512708712291499,0.831978395735157,0.654261031554411,0.271364963695962
57.07,0,24.567442939152,0.508488970011927,0.835495532235408,0.658987951440858,0.270768954823928
57.08,0,24.5513484482306,0.511276858167566,0.832899722960119,0.655746084075746,0.271064880039054
57.09,0,24.5368051659452,0.513005001872969,0.831766730480359,0.656713523184873,0.270080699114376
57.1,0,24.5238238982536,0.51247349539344,0.833254394710701,0.654724361407047,0.269781163330519
57.11,0,24.5124152814407,0.50935781299422,0.8311289370618,0.654081732557548,0.267158704713011
57.12,0,24.5025897842119,0.514235602337438,0.832062425780512,0.660122605726068,0.271954628705383
57.13,0,24.4940935621989,0.511494087093206,0.831333714363696,0.6579184938704,0.268662703886107
57.14,0,24.4859655452251,0.511720747203617,0.832800155610857,0.657115601510459,0.269259979316905
57.15,0,24.4781325278307,0.513601393943682,0.832323245859213,0.65602885787612,0.27104618655344
57.16,0,24.4705964003154,0.511213700905285,0.831868551418331,0.658233716836684,0.268661401152134
57.17,0,24.4633589671118,0.51081039795911,0.831697572714823,0.655899167354754,0.269833128525156
57.18,0,24.45642194588,0.509967700047485,0.830787997247183,0.656436899649936,0.270194418112952
57.19,0,24.4497869666446,0.512399243382205,0.833036944187762,0.655325742754147,0.267380959810638
57.2,0,24.4434555709752,0.51357331617254,0.831754018538231,0.658690032361809,0.269543510502142
57.21,0,24.4374292112106,0.509041672499061,0.830557884799557,0.658278237252394,0.268680979886267
57.22,0,24.4317092497274,0.510890855002824,0.83379127703808,0.654597053398467,0.271034617857097
57.23,0,24.4262969582548,0.51176269261328,0.832308939406949,0.659699106053352,0.270945550992248
57.24,0,24.421193517234,0.512664877037891,0.832118500118383,0.658626346627584,0.270956639222774
57.25,0,24.4164000152247,0.512082338299809,0.835214791109085,0.656121447875761,0.269354009893264
57.26,0,24.4119174483588,0.511193893709854,0.830710598926122,0.657931728326612,0.269937963975878
57.27,0,24.4077467198407,0.512383319412772,0.831354449027589,0.65818648426053,0.270677706364183
57.28,0,24.4038886394959,0.511500510394702,0.831499994666934,0.658699836683452,0.268664075755554
57.29,0,24.4003439233681,0.509633539202026,0.831671298344221,0.655524895702063,0.270372265978061
57.3,0,24.3971131933642,0.511435585888679,0.830918581328887,0.655196285840265,0.268715936893933
57.31,0,24.3941969769491,0.511908966551081,0.829685911561906,0.657794606731354,0.27084674674815
57.32,0,24.3915957068889,0.511986610476306,0.833348594944457,0.660115370912942,0.269412068767729
57.33,0,24.3893097210441,0.512872899569043,0.831982393397903,0.656093363475135,0.269279372580375
57.34,0,24.4481126344374,0.511814214548799,0.83078997641468,0.656459094309887,0.268583428298187
57.35,0,24.5531340582237,0.510791182073241,0.829907620894203,0.655817992310966,0.270981140962449
57.36,0,24.6115979949299,0.51058458783016,0.832042415993515,0.659801409193749,0.272438338310967
57.37,0,24.6531275727293,0.513571099413989,0.831183949018242,0.659157324163753,0.270749803101745
57.38,0,24.6903263409953,0.51134225366512,0.828941369010779,0.657662869296709,0.269239878011558
57.39,0,24.7273686692646,0.508779308891461,0.833100808133353,0.656427749851744,0.27316220000509
57.4,0,24.7655935148006,0.507461883444342,0.829529930969443,0.655543473181831,0.271061330725861
57.41,0,24.8054308889069,0.508970570875626,0.829669122971244,0.657751343360536,0.268159387298824
57.42,0,24.8470214973745,0.507765745299667,0.831283870402523,0.658214995967548,0.268792107799039
57.43,0,24.8904139753705,0.509474610780747,0.831432488332116,0.659505595719591,0.271580283560918
57.44,0,24.9356275792153,0.505845941388819,0.831382654096407,0.659416291447183,0.27214452987236
57.45,0,24.9826721139814,0.507151563232683,0.830348242588293,0.655547205376135,0.269739262299634
57.46,0,25.0315542689326,0.508829935517337,0.832607416446576,0.655716937904954,0.270905314079138
57.47,0,25.0822796313785,0.504712415806675,0.829665645739142,0.657704121633229,0.269755826247091
57.48,0,25.1348533259071,0.507658452084187,0.832303871586017,0.655414125862329,0.273072204818089
57.49,0,25.189280216135,0.504779482835592,0.827374507455578,0.658356609401185,0.268646915512489
57.5,0,25.2455649671063,0.502329540519646,0.833607499931527,0.6559979849016,0.270510658297176
57.51,0,25.303712063217,0.503885152817428,0.82982873215999,0.656673092631653,0.271514805101585
57.52,0,25.3637258118749,0.503096526092318,0.831776954812473,0.655507540510298,0.270220541699525
57.53,0,25.4256103425145,0.505227645254976,0.829539234768528,0.6552201012687,0.269259391020049
57.54,0,25.4893696040372,0.502452777468105,0.830185522460251,0.658133216658898,0.272035177519011
57.55,0,25.5550073616532,0.501359451693652,0.832130916831888,0.658311177838641,0.270589454808632
57.56,0,25.6225271934408,0.503705174164529,0.83118777943949,0.658256594733177,0.268701210859324
57.57,0,25.6919324867244,0.501415617170731,0.832275535968997,0.652763138127687,0.267536282717068
57.58,0,25.7632264343074,0.500079519538353,0.831492744310469,0.65356795654918,0.270451177994428
57.59,0,25.836412030571,0.502118547503085,0.832338904320444,0.660119469076067,0.268482666781631
57.6,0,25.9114920674488,0.500685669707,0.82958762205607,0.654257785225897,0.270037280019807
57.61,0,25.9880896518495,0.498455949289664,0.83405379918901,0.654982346570187,0.267931497829669
57.62,0,26.0655107433804,0.499834009671988,0.831276495982626,0.656729912465592,0.270953472631446
57.63,0,26.1443348478282,0.498312815665711,0.830309507072023,0.654991641366882,0.269762432266399
57.64,0,26.2248665418008,0.499487952060671,0.830011042429284,0.657218450568019,0.266266477559427
57.65,0,26.307205635698,0.496191539937767,0.833068430600504,0.653543296203335,0.269481433905754
57.66,0,26.3913834242863,0.497911282916714,0.830769698747763,0.655319126015721,0.269812748486088
57.67,0,26.4774098807649,0.498049502445153,0.830062726978634,0.656242732644397,0.268093440640477
57.68,0,26.5652883082672,0.494778912021239,0.829153342180221,0.654817630611608,0.271175081405773
57.69,0,26.6550198078159,0.494757136631721,0.835138132839373,0.655289470838883,0.268586846957071
57.7,0,26.7466046347979,0.495437120115237,0.830096471497275,0.654504212380279,0.270609042631628
57.71,0,26.840042608398,0.493442549400319,0.829767321241585,0.654908122149715,0.270279062545652
57.72,0,26.9353332328836,0.49422643889497,0.83219435253684,0.654790753100932,0.269893287599011
57.73,0,27.0324757311781,0.491285852029036,0.832250395324888,0.653324445175479,0.271735662123381
57.74,0,27.1314690517148,0.492034097438149,0.829981485547114,0.655705285946972,0.26806361450102
57.75,0,27.2323118671347,0.49125906394784,0.832585409334823,0.655161947439521,0.268458630178635
57.76,0,27.3350025704861,0.490030207675406,0.833216190279797,0.653857667780472,0.270285630113181
57.77,0,27.4395392706535,0.488876675421135,0.832729348263737,0.657019439113257,0.268601322875397
57.78,0,27.5459197875468,0.49096243266778,0.831075891635414,0.654060447135507,0.271884445427285
57.79,0,27.6541416472186,0.485670432886079,0.832289644447168,0.655048171872256,0.267667401139946
57.8,0,27.7642020769655,0.487381029790929,0.830948920692799,0.655512455806549,0.268287750437049
57.81,0,27.8760980004365,0.490297398736444,0.831677310006037,0.652803592808642,0.272051325789581
57.82,0,27.9898260327617,0.487148224466085,0.830831895425989,0.654167883481009,0.267210518935061
57.83,0,28.1053824757095,0.487367228334692,0.831463136021815,0.653426328405939,0.269449667257425
57.84,0,28.2227633128828,0.484399703075586,0.831268467675936,0.65397191559198,0.26868354098159
57.85,0,28.3419642049613,0.484687872959478,0.831022430445645,0.6512202104425,0.266904046227095
57.86,0,28.4629804850002,0.483364904202966,0.831822906432273,0.655752063294263,0.270487743218559
57.87,0,28.5858071537931,0.482342802199944,0.833069408947046,0.654281348174003,0.268769247464274
57.88,0,28.7104388753084,0.481178731347337,0.83022301709666,0.651219739689676,0.266963326317046
57.89,0,28.8368699722078,0.482386991681445,0.830524173644701,0.652904238028347,0.271482393048577
57.9,0,28.9650944214574,0.48118300320545,0.832580888063961,0.652956691581333,0.269362687219757
57.91,0,29.0951058500388,0.477809117328656,0.832731998371813,0.654265812047504,0.272262448324936
57.92,0,29.2268975307715,0.479973904412503,0.834455066827293,0.651557200471285,0.270683979063623
57.93,0,29.3604623782538,0.478214632012619,0.832632457849823,0.654347362146405,0.269692905249918
57.94,0,29.4957929449337,0.476753657918923,0.831627668467297,0.653817975696504,0.270581016503066
57.95,0,29.6328814173186,0.474300231916337,0.837349078818039,0.652329839428891,0.270682152563438
57.96,0,29.771719612333,0.473528546781098,0.834256836855343,0.653936476551321,0.268327001453216
57.97,0,29.9122989738334,0.473148905739697,0.831950888075309,0.65257418609013,0.270125099735991
57.98,0,30.0546105692919,0.474417281674677,0.834708196302922,0.651875525515294,0.267975769257686
57.99,0,30.1986450866562,0.472129572759042,0.833097932085685,0.652751163805862,0.270954546980639
58,0,30.3443928313958,0.471857591561215,0.834657355575576,0.653693029434743,0.269211554605687
58.01,0,30.4918437237454,0.470062985486194,0.832597636794527,0.651103100054618,0.270464384157949
58.02,0,30.6409872961529,0.470348622434344,0.828095641528543,0.650937676807799,0.268594350088759
58.03,0,30.7918126909436,0.469246246987162,0.83502187686946,0.652023651288418,0.266734044581982
58.04,0,30.9443086582079,0.469097221145428,0.832726402025829,0.650899570790284,0.268300873133714
58.05,0,31.0984635539243,0.467888079768388,0.835812955679064,0.652730947156934,0.270188985108731
58.06,0,31.2542653383238,0.467937346158109,0.833996263226383,0.65005759547386,0.269685036159821
58.07,0,31.4117015745079,0.46854658128453,0.833874903839194,0.65177863365891,0.269990370721076
58.08,0,31.5707594273273,0.466200465618562,0.835149036198645,0.64906450040388,0.271019956834953
58.09,0,31.7314256625305,0.464457496255182,0.833536586628923,0.651918510375899,0.270160302734269
58.1,0,31.8936866461912,0.458603594189098,0.832653880564324,0.652344707664785,0.268358830177347
58.11,0,32.0575283444228,0.463145570604845,0.834480826113497,0.650842658463475,0.268912670772845
58.12,0,32.2229363233891,0.460593097806296,0.834112591379702,0.651335986870752,0.271238485821826
58.13,0,32.3898957496177,0.462985196169283,0.834790687685991,0.649401216025022,0.269826569292401
58.14,0,32.5583913906254,0.458381813365242,0.836611357426724,0.652314339396198,0.269046098438704
58.15,0,32.7284076158633,0.457795327994931,0.835700118967618,0.647829225285931,0.269181999269534
58.16,0,32.8999283979873,0.458293072995391,0.836885142948978,0.650360316344271,0.270362764555309
58.17,0,33.0729373144636,0.456844963342802,0.836390646930974,0.651374414754861,0.270424267411983
58.18,0,33.2474175495144,0.456586627274434,0.83441371523581,0.649574806944528,0.268940301031367
58.19,0,33.42335189641,0.454736867172049,0.836069890361683,0.646267483408885,0.270249983354501
58.2,0,33.6007227601159,0.456337195547437,0.834412226008721,0.648014131889866,0.269289745592747
58.21,0,33.7795121602977,0.453158278156159,0.836318724769931,0.648972568597872,0.269517553237878
58.22,0,33.9597017346918,0.454184903108648,0.835164145317166,0.649276754025128,0.269250025318866
58.23,0,34.1412727428462,0.451510351377692,0.834922763159577,0.64786813258361,0.269879844480206
58.24,0,34.324206070236,0.453855823356565,0.836238032394178,0.651396181095,0.270888543799711
58.25,0,34.5084822327583,0.449296386859718,0.836604071971888,0.648515110731546,0.272630795848969
58.26,0,34.6940813816112,0.44685820144908,0.838518149836933,0.646774119579373,0.270664843227987
58.27,0,34.8809833085594,0.447972659844365,0.834832573531972,0.648253762441259,0.269719757534019
58.28,0,35.0691674515905,0.447607595108048,0.837599013303253,0.649431767486927,0.271955042882256
58.29,0,35.2586129009641,0.444927831313723,0.838094538502285,0.650478567615806,0.270330152629199
58.3,0,35.4492984056574,0.444648118990997,0.835915761344345,0.647853523071538,0.268916282268671
58.31,0,35.6412023802069,0.444747249191989,0.837944414914806,0.647308729250649,0.269878303574085
58.32,0,35.8343029119501,0.441839454925343,0.837498106669721,0.647670625534446,0.272649868793856
58.33,0,36.028577768666,0.44147538928367,0.837598514710628,0.647263790929903,0.270946296686779
58.34,0,36.224004406617,0.443336391213828,0.833864639958039,0.64819454369603,0.269253777916679
58.35,0,36.4205599789894,0.438247850310637,0.837295882101301,0.647474054081996,0.268298937235113
58.36,0,36.6182213447352,0.438452787832006,0.837704622041838,0.646119446602844,0.269125535295691
58.37,0,36.8169650778108,0.440324402880293,0.837069925870375,0.647757538389298,0.269980048873646
58.38,0,37.0167674768137,0.435512562722777,0.838558583498505,0.647981514172771,0.268966894168758
58.39,0,37.217604575014,0.434709208362222,0.837414999031175,0.646449103840696,0.270216949242289
58.4,0,37.4194521507771,0.433370447326794,0.839480722950069,0.644158992727292,0.267404272804576
58.41,0,37.6222857383762,0.43554914990664,0.836941203827838,0.646357249773241,0.269797053728981
58.42,0,37.8260806391899,0.435979228308543,0.835480707669047,0.645597873654125,0.268983781353886
58.43,0,38.0308119332806,0.432122768328182,0.836424376217265,0.645909417779516,0.271218361026792
58.44,0,38.2364544913489,0.432040154367275,0.839340998587972,0.645920242773997,0.270368876493244
58.45,0,38.4429829870592,0.429581119885651,0.836948122687372,0.646302559797381,0.269002155966862
58.46,0,38.6503719097302,0.431962709754223,0.840058964819876,0.644976004990112,0.271597015194995
58.47,0,38.8585955773832,0.429740899119424,0.838163754632442,0.643347342880381,0.271502928851759
58.48,0,39.0676281501429,0.425694435515929,0.839399734150267,0.644652335737281,0.269000180350851
58.49,0,39.2774436439813,0.427156900725661,0.839778199492745,0.644218793036257,0.270521795949246
58.5,0,39.4880159447985,0.42668112580612,0.838925482622093,0.646996823539809,0.267241253932689
58.51,0,39.69931882283,0.427647764982989,0.837759672690938,0.644063319474186,0.270781536653189
58.52,0,39.9113259473732,0.425083608300968,0.841996952027761,0.648229183662385,0.269550549124968
58.53,0,40.124010901822,0.425105191484201,0.840891470825354,0.647213487298066,0.272101842308064
58.54,0,40.3373471990004,0.421555459438472,0.841362556889386,0.646306639755328,0.271029971795975
58.55,0,40.5513082967846,0.420752152222805,0.840475471580419,0.645221783674796,0.268204015117918
58.56,0,40.7658676140011,0.418689826034372,0.841032067412719,0.646273624951368,0.270594918591466
58.57,0,40.9809985465915,0.421301420227059,0.842837221354171,0.642322159690096,0.269056273094094
58.58,0,41.1966744840299,0.418944018482226,0.843149415045875,0.644606420527437,0.270683894676337
58.59,0,41.4128688259826,0.418733497487372,0.841588590531659,0.645697588204661,0.268024885204533
58.6,0,41.6295549991944,0.416132345268685,0.841054365692988,0.644031296283384,0.270050782457546
58.61,0,41.8467064745914,0.415836463515488,0.841660232225939,0.643843791124139,0.269313694020606
58.62,0,42.0642967845841,0.415674958566589,0.841807623676947,0.641389085473937,0.268936260288768
58.63,0,42.2822995405587,0.414629712504354,0.840335142585853,0.64239840296401,0.270443125460594
58.64,0,42.5006884505398,0.41434788402564,0.839805895042455,0.644927410438853,0.271616092034704
58.65,0,42.7194373370127,0.412332167001416,0.83947643311482,0.644146779628832,0.269862871250236
58.66,0,42.9385201548878,0.410979208833872,0.842009572224783,0.644957190651499,0.269322760347024
58.67,0,43.1579110095925,0.411552413697144,0.841854831863034,0.645846236311599,0.269387478458059
58.68,0,43.3775841752756,0.409180657024763,0.846266560685199,0.643023314886598,0.269327224432889
58.69,0,43.5975141131065,0.409129257378978,0.844750508304653,0.644853010706115,0.270217312610692
58.7,0,43.8176754896558,0.409371107667315,0.843729533100272,0.643007038662185,0.270054277152508
58.71,0,44.0380431953377,0.406285466044834,0.843176309958093,0.642720652390913,0.269755882765953
58.72,0,44.2585923628995,0.406244437343578,0.843675003239206,0.643011222842513,0.269111962769409
58.73,0,44.4792983859415,0.405297242319895,0.842476397654491,0.643724755090235,0.269902681035308
58.74,0,44.7001369374496,0.405514996539825,0.844257353551746,0.647166807167996,0.270056122740028
58.75,0,44.921083988324,0.404002412027436,0.84417669330625,0.642879158743279,0.271139494257845
58.76,0,45.1421158258859,0.402211523646196,0.844593153420278,0.645886938808213,0.270829960506406
58.77,0,45.3632090723475,0.400725124086356,0.845788935106021,0.643941905364737,0.270051050794842
58.78,0,45.584340703224,0.402196137095043,0.842895127783676,0.641316097501555,0.269473351600884
58.79,0,45.8054880656753,0.401135624284584,0.844375701421351,0.644299572316867,0.269818788294428
58.8,0,46.0256414936007,0.400131105899008,0.84540742957422,0.643207543400862,0.2701402285428
58.81,0,46.2428860796858,0.401605073173647,0.845448559643325,0.645519434262525,0.269482788491874
58.82,0,46.4588245875011,0.398212334814447,0.84392544700984,0.642598358660436,0.268248508088162
58.83,0,46.6742855285104,0.396799418369766,0.848517391617921,0.643433137146548,0.269062540860854
58.84,0,46.8895172297786,0.394740105847891,0.848309906244707,0.645829080500525,0.270029026028234
58.85,0,47.104579965211,0.393185706516114,0.847128536212865,0.64584466780104,0.26827432812285
58.86,0,47.3194782593854,0.39597957243526,0.844571954493057,0.641984158091424,0.269903807549505
58.87,0,47.5342006125414,0.39310158512145,0.846386990486982,0.640777418372217,0.271196266659129
58.88,0,47.7487312024436,0.392504645407259,0.846290636686807,0.645323484592459,0.266990949320987
58.89,0,47.9630533271021,0.391973700208756,0.849339482708323,0.641178337031894,0.270859690280012
58.9,0,48.17715042476,0.391813184489982,0.844394768178616,0.642756388726889,0.268730307631966
58.91,0,48.3910063835928,0.392717725157663,0.846150306508757,0.644899367615166,0.271257601299916
58.92,0,48.6046056430232,0.390418072350692,0.845567766170339,0.643124539312706,0.268965511166274
58.93,0,48.8179332337364,0.38926240641584,0.848478648736829,0.642823262298031,0.2704529226836
58.94,0,49.0309747994965,0.387445434461221,0.846238332077107,0.64330143054014,0.271709346331684
58.95,0,49.2437166133929,0.387679522313189,0.847174663112621,0.64268980023251,0.269249707260274
58.96,0,49.4561455922079,0.386650167258877,0.850425559689463,0.643337576104483,0.270427423064163
58.97,0,49.6682493099811,0.387092414251395,0.84727597373333,0.645507004250068,0.270018668321044
58.98,0,49.8800160110769,0.384411364912747,0.848567786676066,0.645145012928231,0.270642262135611
58.99,0,50.091434622837,0.384782551926687,0.849677880969438,0.64242258274454,0.271784173691137
59,0,50.3024947678334,0.381070249723031,0.850576229358602,0.643226097002596,0.270372763403358
59.01,0,50.5131867757215,0.380904788433139,0.848953021988659,0.643324391951215,0.268089657271379
59.02,0,50.7235016946816,0.380332237216286,0.849209349796087,0.641576551500201,0.272233110091743
59.03,0,50.9334313024447,0.379559324225179,0.852933069750864,0.643265608278615,0.269091346070214
59.04,0,51.142968116889,0.381173919954209,0.849519656236581,0.644803146517923,0.26887180476329
59.05,0,51.3521054062012,0.38148947385545,0.849952779765624,0.644212702427264,0.270799163364075
59.06,0,51.5608371985935,0.377861944453644,0.849416322884441,0.645561575350792,0.270849938092077
59.07,0,51.7691582915691,0.377401687099233,0.852627907882743,0.643446858561756,0.269712327691324
59.08,0,51.9770642607281,0.377911261229426,0.851936013180266,0.643864844877368,0.269369356977052
59.09,0,52.1845514681091,0.378424028560224,0.850796298300006,0.643845806623741,0.26869825848538
59.1,0,52.3916170700583,0.376206979848936,0.853676717973694,0.643580430310589,0.27104488123362
59.11,0,52.5982590246229,0.375142044229453,0.852791872255942,0.644943787868323,0.268386082437139
59.12,0,52.8044760984615,0.375252219823853,0.850298548048637,0.641700092931346,0.269320213741783
59.13,0,53.0102678732701,0.374003244609625,0.851207314868092,0.647285613095001,0.270371216488094
59.14,0,53.2156347517175,0.37338675508145,0.852837571485411,0.64370126859722,0.271461603215715
59.15,0,53.4205779628883,0.372497369559934,0.849994784439538,0.644285572165282,0.267771633497725
59.16,0,53.6250995672305,0.37103055469623,0.852883652399642,0.643240745827998,0.270229339312474
59.17,0,53.8292024610059,0.372875236760314,0.852982307665608,0.64506235953834,0.267889175695592
59.18,0,54.0328903802416,0.371738629430014,0.854983840200052,0.647033612148294,0.269520626516059
59.19,0,54.2361679041827,0.369158526283541,0.852827758007589,0.646222507374619,0.269935218520259
59.2,0,54.4390404582439,0.370558312851551,0.855088543578169,0.645365247564846,0.267620199961659
59.21,0,54.6415143164626,0.366192369956656,0.855331037757362,0.642191533310767,0.270061146056528
59.22,0,54.8435966034531,0.368673742507318,0.852149166747084,0.644524464755603,0.270961265617174
59.23,0,55.0452952958627,0.366927416007649,0.853009191840421,0.643624366117229,0.268552512486237
59.24,0,55.2466192233329,0.370844861110763,0.854596234711984,0.645409628370089,0.271333105134377
59.25,0,55.4475780689674,0.363763460737677,0.855650583440329,0.644632485972469,0.268546072787555
59.26,0,55.6481823693098,0.363073258067277,0.853735194807725,0.645296928152517,0.268354877992834
59.27,0,55.848443513834,0.364216622215584,0.855082595441911,0.645763437490803,0.272311756149142
59.28,0,56.0483737439528,0.363117032496454,0.854549006794038,0.644992067708387,0.270098699961413
59.29,0,56.2479861515467,0.363367428205222,0.855940560945224,0.64527248956008,0.270723174851768
59.3,0,56.4472946770197,0.362555299375615,0.854400574335877,0.640758586768629,0.267975332600588
59.31,0,56.6463141068863,0.362659956583545,0.856549880086502,0.645886263730159,0.271923663733672
59.32,0,56.8450600708962,0.362933858662228,0.856987507742556,0.645658152422362,0.269852798030046
59.33,0,57.0435490387015,0.361867258093654,0.860076748557596,0.647240185515736,0.269421692725765
59.34,0,57.2417983160743,0.362453455856182,0.856290273193894,0.643312115425006,0.270145858750219
59.35,0,57.4398260406813,0.360286178676865,0.855304814449664,0.646510443308869,0.268925968742357
59.36,0,57.6376511774211,0.358244494262658,0.858016644402308,0.64359898528021,0.268730250114235
59.37,0,57.8352935133341,0.358142175672193,0.85564628809557,0.645127064349813,0.271083908666625
59.38,0,58.032773652092,0.359135423931808,0.858888000038674,0.645380661880688,0.272211857230878
59.39,0,58.2301130080732,0.35772027608615,0.859436293838658,0.645781571019373,0.27215199181621
59.4,0,58.4273338000361,0.35764219377298,0.860984000261157,0.64730743217642,0.273967049151031
59.41,0,58.6244590443964,0.355472607506142,0.860711149466779,0.646443816951854,0.269462972084597
59.42,0,58.821512548118,0.355427488756845,0.85828768901811,0.647589732544197,0.269102636380875
59.43,0,59.0185189012275,0.353907813926463,0.860865209087214,0.647153116647347,0.270785841809012
59.44,0,59.2155034689596,0.354337658385782,0.860685807848502,0.647467712170371,0.270667264462036
59.45,0,59.4124923835465,0.355451393552192,0.861050128126096,0.645005666822665,0.266679456860727
59.46,0,59.6095125356571,0.35618154183675,0.86203754230449,0.64707986540816,0.271305745552083
59.47,0,59.806591565499,0.351156146306993,0.862810951940656,0.647062660394474,0.270662326365055
59.48,0,60.003757853591,0.35396736017453,0.862929776779955,0.649596364888231,0.266651713585159
59.49,0,60.2010405112174,0.354941898104247,0.863343668786814,0.646499362678063,0.272206567928156
59.5,0,60.3984693705748,0.350070770187944,0.862499763103274,0.648065361095921,0.270232788298659
59.51,0,60.5960749746194,0.34956295429958,0.861994183935004,0.650585862969631,0.271284109647742
59.52,0,60.7938885666272,0.349132857820193,0.864046569675897,0.647216567500274,0.268438174309511
59.53,0,60.9919420794766,0.347693881960564,0.861530060113562,0.647616187559079,0.268826138354429
59.54,0,61.1902681246627,0.346495170514723,0.864209337362969,0.646499173655886,0.268553813067825
59.55,0,61.3888999810559,0.34728067762712,0.863348202628392,0.648857157159853,0.268328808000077
59.56,0,61.5878715834105,0.349013716556332,0.864692500605054,0.647445392891979,0.26909484945895
59.57,0,61.7872175106391,0.345178000942383,0.86135685857398,0.651690506927425,0.270620566867186
59.58,0,61.9869729738582,0.344527062381661,0.863539202364296,0.649280726858405,0.267843420055925
59.59,0,62.1871738042167,0.346625632361234,0.865453931906787,0.647415351730855,0.27082499897912
59.6,0,62.3878564405165,0.343982321320349,0.862684060896209,0.650624637508559,0.271407020450434
59.61,0,62.5890579166361,0.34472063667761,0.864251103041784,0.648547848528177,0.269788507734456
59.62,0,62.7908158487641,0.342477072599746,0.864461161902694,0.646944360119243,0.26967124385269
59.63,0,62.9931684224542,0.343241506899588,0.864683268646141,0.64913302481418,0.270781494886589
59.64,0,63.1961543795092,0.343547155257887,0.864436615400497,0.647675814364524,0.272287121982719
59.65,0,63.3998130047041,0.342580703207685,0.865303900999259,0.647529707402541,0.271289125558575
59.66,0,63.6041841123556,0.342227345002597,0.865890052859662,0.649456786791216,0.270517595072817
59.67,0,63.8093080327467,0.340580455702181,0.864442299724986,0.650627923068012,0.271034413934816
59.68,0,64.0152255984156,0.34213696630383,0.866701457362305,0.649553279694798,0.270080728112362
59.69,0,64.221978130315,0.338773284709992,0.866236918089137,0.648155547049214,0.269231840434467
59.7,0,64.42960742385,0.337330774652928,0.865225256006605,0.648092824320147,0.273051266151433
59.71,0,64.638155734803,0.338473852539654,0.867959848584421,0.648395829308517,0.267933031303029
59.72,0,64.8476657651507,0.336553636134638,0.865651713168278,0.650984701242236,0.269130647131717
59.73,0,65.0581806487804,0.336873854972372,0.864942672184354,0.652679361764991,0.271482687718387
59.74,0,65.269743937113,0.336780385109099,0.867083293784817,0.648550701212953,0.271053083185836
59.75,0,65.4823995846373,0.336232648723631,0.869670543948108,0.649698549199835,0.271166104466682
59.76,0,65.696191934361,0.337789452149511,0.866916840548542,0.649148418190972,0.270930367192951
59.77,0,65.9111657031862,0.338015882851902,0.868285127418702,0.647988108966494,0.271716672295197
59.78,0,66.1273659672107,0.3339498290607,0.870424820182504,0.64949930465815,0.269200798267754
59.79,0,66.3448381469624,0.333617528434165,0.870763014333268,0.648391357083768,0.268734094217441
59.8,0,66.5636279925698,0.333141220592974,0.868068749215747,0.651904216477892,0.269087211697015
59.81,0,66.7837815688727,0.333300020236632,0.870374979433455,0.652527526108256,0.271378155016925
59.82,0,67.0053452404769,0.332887466203421,0.87231740978903,0.651414389226779,0.269300302629536
59.83,0,67.2283656567552,0.330279189121553,0.868935301674424,0.653352930194636,0.269967021733742
59.84,0,67.4528897367978,0.329846395610014,0.873217805200781,0.651613705691236,0.271380938145981
59.85,0,67.6789646543152,0.328101880645472,0.868776078354981,0.649729915761824,0.270069169628554
59.86,0,67.9066378224938,0.330538564839776,0.873110163196758,0.651082794994542,0.271009539785132
59.87,0,68.135956878808,0.328939051521709,0.870098228790314,0.652889514992479,0.269316364647063
59.88,0,68.3669696697878,0.329654057300261,0.872321225342491,0.652413388718147,0.268466098763556
59.89,0,68.5997242357447,0.326042212346402,0.867724826585793,0.652358174344631,0.270019901577401
59.9,0,68.8342687954547,0.326382654244744,0.871136873954355,0.651545028664814,0.269958722622619
59.91,0,69.0706517308002,0.324315667128518,0.873976726050686,0.651476779542298,0.270061147928904
59.92,0,69.3089215713684,0.328058821771238,0.871540079897599,0.653403458583128,0.266444133315822
59.93,0,69.549126979008,0.326303298484557,0.873866066267574,0.652768704147456,0.269997771819903
59.94,0,69.7913167323417,0.323748680228287,0.873437973911366,0.65023563509394,0.269031188793441
59.95,0,70.0355397112338,0.325633281073839,0.873275378505487,0.653176902994173,0.26982866707166
59.96,0,70.2818448812101,0.325783617875511,0.872574339102011,0.653553853148867,0.270143210891228
59.97,0,70.5302812778308,0.322045489476787,0.87292984558325,0.65429677484046,0.271771241173674
59.98,0,70.7808979910117,0.321901779086729,0.877693596260876,0.653913321621779,0.268958592718816
59.99,0,71.0337441492912,0.320267870338357,0.873342926520755,0.653786145787381,0.269953646688534
60,0.85,71.2888689040424,0.320923000726916,0.875225016344562,0.652860548056044,0.268146918230847
60.01,0.85,71.5463214136247,0.319724599987579,0.872795469782967,0.654413068413743,0.269505212898295
60.02,0.85,71.8061508274733,0.32015199976158,0.876565102325344,0.653173655735254,0.272431321726937
60.03,0.85,72.068406270121,0.319313354826685,0.877727210201859,0.654205092308976,0.269222889975789
60.04,0.85,72.3331368251507,0.316528311078406,0.875514089012912,0.653547254137248,0.270052173869102
60.05,0.85,72.6003915190729,0.316805736743691,0.875672716046782,0.656190575336217,0.270715203792246
60.06,0.85,72.8702193051238,0.316077010756939,0.876003159628414,0.653175633332791,0.270587043686998
60.07,0.85,73.1426690469796,0.313213640447129,0.877801321028216,0.653223376038985,0.269198008917081
60.08,0.85,73.4177895023835,0.317669697640811,0.875223395869131,0.656017498426325,0.268460087567762
60.09,0.85,73.6956293066781,0.315939853154432,0.87631935624269,0.654948082336351,0.271590385600907
60.1,0.85,73.9762369562396,0.31478632924291,0.874905457075948,0.655935999999723,0.26987545404099
60.11,0.85,74.2596607918087,0.311844046153849,0.877142447836839,0.653696824748975,0.271302528771346
60.12,0.85,74.5459489817118,0.312713153044807,0.878248391730549,0.655016654722536,0.26820582291585
60.13,0.85,74.8351495049669,0.311595637395671,0.881053632702252,0.657018711939006,0.270920711927891
60.14,0.85,75.1273101342707,0.311411991179909,0.879673625243479,0.655197284155461,0.268478173676643
60.15,0.85,75.4224784188585,0.31234020228339,0.879157064349169,0.65520701955306,0.269599545506483
60.16,0.85,75.720701667232,0.309820032912213,0.879681234416869,0.657068812536215,0.269082318841665
60.17,0.85,76.0220269297505,0.307088640304823,0.879164415484727,0.6552520864789,0.271198191832414
60.18,0.85,76.3265009810785,0.308509483223507,0.880638444664818,0.658111427249914,0.269136620257044
60.19,0.85,76.6341703024831,0.30623510934557,0.880164957147077,0.655492901791341,0.269694325892262
60.2,0.85,76.9450810639779,0.307446668437952,0.880327556471772,0.654188356774353,0.271795302123108
60.21,0.85,77.2592791063045,0.307490078913964,0.878539181198816,0.657528608089386,0.269447730098928
60.22,0.85,77.5768099227486,0.303558067481271,0.881151958273273,0.654137275549094,0.271441564385246
60.23,0.85,77.8977186407839,0.304102017408008,0.879538984729201,0.652623202853697,0.267603660020014
60.24,0.85,78.2220500035373,0.305572442125994,0.881470282913526,0.658609281847897,0.268244672422002
60.25,0.85,78.5498483510727,0.301585323176298,0.882852380971916,0.654457501796839,0.26901487817512
60.26,0.85,78.8811576014846,0.301647185468185,0.882289576666549,0.656005359256969,0.269767287264543
60.27,0.85,79.2160212317996,0.302385134433985,0.883840425561851,0.658723909461375,0.270222423044424
60.28,0.85,79.5544822586788,0.301014231775249,0.88146273759245,0.656913749743776,0.270960891941565
60.29,0.85,79.8965832189168,0.301251219770131,0.882233494853988,0.656894555654516,0.269262114133598
60.3,0.85,80.2430608860329,0.298856120732818,0.882330162573869,0.657794511538121,0.269416218946449
60.31,0.85,80.6056189065612,0.297970491370725,0.882891392893968,0.654597264911814,0.268876297713663
60.32,0.85,80.981935894447,0.29858733692733,0.885130827157845,0.658516612049187,0.270235867027682
60.33,0.85,81.3661226191724,0.296384217167566,0.883485888080414,0.656598992849887,0.271552265582207
60.34,0.85,81.7558781634845,0.295825729931099,0.885385405795244,0.654000542998618,0.268241312578008
60.35,0.85,82.1504147870144,0.296099001400284,0.884206144866502,0.654063326599909,0.270643121200111
60.36,0.85,82.5494861043261,0.296938306520283,0.886934446849747,0.655407942612554,0.268048990794497
60.37,0.85,82.95303520576,0.296898995091069,0.884136806123895,0.656501385555679,0.271796543329459
60.38,0.85,83.3542751341636,0.295266771736808,0.882921133173634,0.659160390161851,0.267323048239218
60.39,0.85,83.6984809706521,0.289666431958854,0.882958357651012,0.654605955264696,0.270082900993484
60.4,0.85,84.0054703936144,0.294896013660987,0.885856779755585,0.657457269072681,0.269210685373588
60.41,0.85,84.3007325658619,0.289212706747368,0.885437778877288,0.657087989443712,0.271175549743431
60.42,0.85,84.5183752733805,0.290944788562824,0.885804445922335,0.657886919213604,0.2683359202891
60.43,0.85,84.6003851722791,0.290879467066479,0.888809642677219,0.656554173981007,0.26908343239456
60.44,0.85,84.6470407548179,0.289817607751857,0.884373927886961,0.658541755721671,0.26837035444728
60.45,0.85,84.694097648647,0.291603672519985,0.887928897607005,0.656852528837657,0.270783096589267
60.46,0.85,84.7415538981409,0.288836536739912,0.885787311243681,0.657814387487914,0.270073097821638
60.47,0.85,84.789407344376,0.286137037029234,0.890197724225679,0.658683496538974,0.269164437372501
60.48,0.85,84.8376556257061,0.290116876957713,0.888426995963763,0.654986945144357,0.269183123773486
60.49,0.85,84.8862961784303,0.290712452009375,0.887372080768683,0.658261208447469,0.268072714495786
60.5,0.85,84.9353262375559,0.286862940328196,0.890509388382401,0.654155242962209,0.269255686806766
60.51,0.85,84.9847428376517,0.290912687481375,0.889923745571329,0.654623935264833,0.269422740162277
60.52,0.85,85.0345428137948,0.290416746615942,0.886984387579272,0.657801854527817,0.271831925308916
60.53,0.85,85.0847228026072,0.292553282851781,0.890502124865854,0.658789546738718,0.268594343560478
60.54,0.85,85.135279243383,0.291156419776928,0.888636303765028,0.656297132196954,0.269888150040277
60.55,0.85,85.1862083793051,0.287799016565359,0.890403807472209,0.657024244447586,0.269343508624274
60.56,0.85,85.2375062587498,0.288908168992483,0.890451980891167,0.658818568079411,0.269030842420096
60.57,0.85,85.289168736679,0.289727820750519,0.890405175979568,0.657793526164881,0.269568005902771
60.58,0.85,85.3411914761187,0.289832735797367,0.891872622682074,0.655073869776329,0.269799855641041
60.59,0.85,85.3935699497228,0.289618091791218,0.890465312274358,0.655746558773595,0.268377773378305
60.6,0.85,85.4462994414206,0.289509636378897,0.892027336389112,0.657108869539496,0.269563948312763
60.61,0.85,85.4993750481482,0.290641929617018,0.891276137575107,0.656990989513671,0.26786653877189
60.62,0.85,85.5527916816602,0.293163199889515,0.894223020185234,0.656669121002857,0.270083819550809
60.63,0.85,85.6065440704229,0.288982162192999,0.893287944871108,0.657878834378054,0.269034117885241
60.64,0.85,85.6606267615868,0.289285443041671,0.894331154990554,0.657305128990401,0.27056966137421
60.65,0.85,85.7150341230355,0.291228566735478,0.888244356926242,0.655526165931159,0.272750897573564
60.66,0.85,85.7697603455125,0.291003343167918,0.891657163550709,0.658407451245745,0.269882475507792
60.67,0.85,85.8247994448221,0.289325710351769,0.892967801100467,0.657619593317026,0.270644054728348
60.68,0.85,85.8801452641041,0.287463767352126,0.893399038806147,0.653629034080822,0.269198168090489
60.69,0.85,85.9357914761803,0.288380073818044,0.894242023411159,0.656391560011452,0.271843814542096
60.7,0.85,85.9917315859719,0.288865140580709,0.893081126258069,0.658466661368286,0.266517900914853
60.71,0.85,86.0479589329846,0.290624175582683,0.8944989044776,0.656880426638827,0.269016510604745
60.72,0.85,86.1044666938631,0.28935271737897,0.892028424384587,0.658580259474372,0.270558790336898
60.73,0.85,86.161247885009,0.291717281049603,0.894587037922351,0.656853785011931,0.269814842040216
60.74,0.85,86.2182953652642,0.290276260407389,0.894863648020041,0.656536104031049,0.271135921609613
60.75,0.85,86.2756018386564,0.290147362460675,0.893832171861461,0.655976281248446,0.26739200649868
60.76,0.85,86.3331598572045,0.288735193974066,0.895785393000515,0.658634357398482,0.266469810251485
60.77,0.85,86.3909618237845,0.293306162353333,0.89717765639033,0.655657426474798,0.270851826607788
60.78,0.85,86.4489999950505,0.291056891364699,0.894722222537562,0.657379263210237,0.27147260504724
60.79,0.85,86.5072664844135,0.292638073499352,0.895252050914427,0.654713273899394,0.26917972006434
60.8,0.85,86.5657532650718,0.292170870223759,0.893951839980579,0.656113885237297,0.272023833783486
60.81,0.85,86.6244521730946,0.290069086804083,0.894244785769186,0.653220776737788,0.2708475272233
60.82,0.85,86.6833549105554,0.290515129084787,0.897864465862034,0.654502781376255,0.269962504400235
60.83,0.85,86.7424530487135,0.289796497762442,0.894843268480965,0.654747414310345,0.269268488809584
60.84,0.85,86.8017380312423,0.287844629421334,0.895570085631772,0.656841724563183,0.269195466133558
60.85,0.85,86.8612011775016,0.290753603038381,0.89739643074565,0.654732245162216,0.271104850600806
60.86,0.85,86.9208336858537,0.292949371677224,0.897883793619027,0.655972505025182,0.271651107233341
60.87,0.85,86.9806266370198,0.288892724985184,0.897051531663285,0.654322558745427,0.26928485410452
60.88,0.85,87.0405709974757,0.291410217017627,0.899678025561932,0.656479586418236,0.272306568745629
60.89,0.85,87.1006576228847,0.290523583591762,0.896733952351587,0.65678894715931,0.271004917918158
60.9,0.85,87.1608772615665,0.290997431155229,0.89806448715446,0.657257694199976,0.268775281290979
60.91,0.85,87.2212205579987,0.289384763425095,0.899235853732994,0.655898027971756,0.269713335189721
60.92,0.85,87.2816780563511,0.291812673168181,0.900397440188917,0.655521296062895,0.271857383734212
60.93,0.85,87.3422402040496,0.290409962656701,0.900535692714695,0.655497209600841,0.270192748246061
60.94,0.85,87.4028973553677,0.289868470343335,0.899799035158565,0.656122837932967,0.268892375427733
60.95,0.85,87.463639775045,0.290693922367925,0.899525375566769,0.654978034411406,0.266726323940264
60.96,0.85,87.5244576419297,0.29070588730275,0.902385257863714,0.653841810724116,0.270498513480516
60.97,0.85,87.5853410526445,0.289835849293727,0.89939741507842,0.654853986994015,0.268520981549285
60.98,0.85,87.6462800252719,0.291785789913301,0.901495067868137,0.654314275765528,0.268190135990584
60.99,0.85,87.7072645030601,0.290457219921989,0.901402677975677,0.654142480681639,0.269827074898537
61,0.85,87.7682843581455,0.291820393874576,0.901859315784623,0.653296625263768,0.27064709216729
61.01,0.85,87.8293293952908,0.290716954524448,0.899584226210233,0.653166623143367,0.268682260833116
61.02,0.85,87.890389355637,0.291821814687547,0.899669318693539,0.654016477954294,0.270576140302017
61.03,0.85,87.951453920467,0.289924121104438,0.89977190468589,0.651120167404257,0.271422198981011
61.04,0.85,88.204667595763,0.290575971366705,0.901061929113135,0.654017924736592,0.270287435299001
61.05,0.85,88.4382448597118,0.290975537101295,0.901647918924188,0.654072505271125,0.269673413999917
61.06,0.85,88.5898091937141,0.287816339062651,0.902518031127528,0.652340717213711,0.269875024259982
61.07,0.85,88.7111674934788,0.290969652143626,0.902911262303489,0.65291992710066,0.271111971373572
61.08,0.85,88.822366862149,0.288425918743853,0.902924345328956,0.650190327500849,0.271870292093622
61.09,0.85,88.9301849294502,0.289311028861605,0.902791518572054,0.648591143126177,0.267286394013699
61.1,0.85,89.0368387197318,0.290054712956416,0.902082198034484,0.650397212193238,0.27076566407018
61.11,0.85,89.1430187104537,0.288698644401698,0.903425175767314,0.652228720713224,0.269172396569643
61.12,0.85,89.2489065599562,0.287291905491386,0.90211607350688,0.652305017364986,0.271122730023436
61.13,0.85,89.3545143447551,0.286889428129427,0.901141332290653,0.653422529672233,0.272276835979861
61.14,0.85,89.4597974647303,0.286822008951263,0.904010648418198,0.651241316547377,0.268988463325206
61.15,0.85,89.564692198877,0.286089013337777,0.904148279582041,0.653139870940902,0.27062619667797
61.16,0.85,89.6691282003237,0.287376941350103,0.903736232749365,0.653503607119028,0.26916959438345
61.17,0.85,89.77303266319,0.289983049187718,0.901698114271959,0.654909717520383,0.268202517544654
61.18,0.85,89.8763317242543,0.29016723412171,0.90330405992419,0.651246971087765,0.268602881254101
61.19,0.85,89.9789509475013,0.287350703905472,0.901696516919566,0.649506898226494,0.272036629700339
61.2,0.85,90.080815505035,0.288304651119261,0.90468845004952,0.655134060410983,0.268591639305839
61.21,0.85,90.1818502578443,0.286633841604538,0.906244343997441,0.653846630996947,0.269955873922517
61.22,0.85,90.2819798038659,0.28702904741034,0.905348149174481,0.651009261078965,0.269274985483213
61.23,0.85,90.3811285156717,0.288093423880126,0.90444476646753,0.647749749913169,0.271217574512397
61.24,0.85,90.4792205751645,0.288498859004807,0.906931171578658,0.650037022786595,0.269628207867978
61.25,0.85,90.5761800077111,0.287050024639172,0.904142291719663,0.649115813846648,0.269025701666261
61.26,0.85,90.6719307165074,0.287733019010162,0.910368355282447,0.64909521006115,0.270260704968572
61.27,0.85,90.7663965174257,0.289591912702154,0.905829226216448,0.64841995526458,0.269497126917691
61.28,0.85,90.859501174414,0.285122497675408,0.90742261720901,0.649024412115186,0.266765007749112
61.29,0.85,90.9511684354601,0.286721360436933,0.906633673451593,0.649538446392467,0.271048050453243
61.3,0.85,91.0413220691072,0.284453220087748,0.9068804548472,0.647818663354056,0.271644068609414
61.31,0.85,91.1298859015048,0.286195529364275,0.908465255160785,0.648696736820886,0.272616075784415
61.32,0.85,91.2167838539755,0.286755678779844,0.905862759485853,0.645915767326741,0.267965248295594
61.33,0.85,91.3019399810698,0.288780522309125,0.907640239887704,0.64869543428519,0.269817368224716
61.34,0.85,91.3852785090904,0.286560657844614,0.906629707376706,0.646005081150755,0.271616876919969
61.35,0.85,91.4667238750554,0.285129034775414,0.908409378928996,0.646990878628892,0.269597259570284
61.36,0.85,91.5462007660772,0.284916395267342,0.909178777525962,0.652627190536355,0.268807490432576
61.37,0.85,91.6236341591264,0.285452757708551,0.905337005236375,0.646435959346454,0.266817291518812
61.38,0.85,91.6989493611541,0.28758876646514,0.908778918317113,0.648372396713905,0.268685984826088
61.39,0.85,91.7720720495408,0.287199610665777,0.907806483790743,0.650415823281657,0.269440370431053
61.4,0.85,91.8429283128416,0.287297835586689,0.908389444434886,0.648122018103932,0.270129144343723
61.41,0.85,91.9114446917948,0.285276025583725,0.908516307207432,0.648323561550773,0.270323261586677
61.42,0.85,91.9775482205625,0.288942044138959,0.905210121991785,0.649585578559234,0.27006983306406
61.43,0.85,92.0411664681664,0.288011703760185,0.908919387529372,0.649645030026341,0.268866461212479
61.44,0.85,92.1022275800871,0.286709984535484,0.908154737324455,0.64616902139567,0.269231830091788
61.45,0.85,92.1606603199878,0.286878686497213,0.911182040894757,0.646028563570339,0.269722338410987
61.46,0.85,92.216394111528,0.286233833872961,0.9083850920714,0.647639737064811,0.268323559592643
61.47,0.85,92.269359080229,0.28568568486904,0.909943097923319,0.647380593116322,0.269828783974541
61.48,0.85,92.3207053080789,0.286709561943659,0.909421969045079,0.646353860257356,0.266730668268377
61.49,0.85,92.3715718513454,0.288709905968973,0.90883080263375,0.64617778569594,0.27124797498005
61.5,0.85,92.4219495200725,0.28593116042737,0.911083491882877,0.649719044683026,0.269627841735637
61.51,0.85,92.4718292330284,0.28518691177952,0.909317900291208,0.647558593005687,0.268953150658061
61.52,0.85,92.5212020204707,0.287495800822646,0.912852960622244,0.645896704868958,0.269710600108955
61.53,0.85,92.5700590268662,0.285181707008946,0.910077554137495,0.647102293882331,0.27094578583196
61.54,0.85,92.6183915135653,0.286887255047527,0.91203004869408,0.64455570501306,0.266463731340922
61.55,0.85,92.6661908614298,0.286902432023147,0.910960424262178,0.644861268055177,0.27122709652902
61.56,0.85,92.7134485734141,0.286365815068799,0.911135065508656,0.64654668698984,0.269673414294985
61.57,0.85,92.7601562770994,0.285802002689966,0.911787200215255,0.647993689256407,0.271936327161067
61.58,0.85,92.8063057271796,0.287050484259014,0.908862799122975,0.646762962490659,0.269792913872899
61.59,0.85,92.8518888079001,0.28580710266995,0.910994672810739,0.644362858756545,0.271315845847221
61.6,0.85,92.8968975354472,0.290045707060002,0.911658418179948,0.644835536237143,0.268935626280982
61.61,0.85,92.9413240602894,0.287243380212453,0.911671873423489,0.644755605056485,0.270463343979994
61.62,0.85,92.9851606694686,0.285472780326304,0.912082499341673,0.646047238415459,0.271881163732812
61.63,0.85,93.0283997888425,0.288016069112659,0.911259674517353,0.644775898310735,0.271465119628105
61.64,0.85,93.0710339852766,0.286492381061739,0.912434990493792,0.644115690818724,0.268359616797819
61.65,0.85,93.1130559687858,0.286434458582461,0.913839812769337,0.643507961752393,0.272521375660351
61.66,0.85,93.1544585946259,0.287459406840253,0.913797679282255,0.644494994736054,0.272374624143442
61.67,0.85,93.1952348653335,0.287148005897549,0.912070639459903,0.645490160402209,0.272112549648594
61.68,0.85,93.2353779327154,0.286047441094167,0.914382198880762,0.645503714186681,0.270954655804854
61.69,0.85,93.2748810997859,0.287772760478354,0.91247525876849,0.645711871426555,0.271851939619837
61.7,0.85,93.3137378226528,0.287550536656677,0.913766382969542,0.644852217671923,0.27040525900337
61.71,0.85,93.3519417123516,0.285691510912435,0.912700235416355,0.645547392427683,0.272518344379497
61.72,0.85,93.3894865366268,0.28647287410069,0.915816162788589,0.644560353572318,0.273561493625348
61.73,0.85,93.4263662216611,0.28781399053923,0.91424463549381,0.644451137399299,0.269988025504347
61.74,0.85,93.4625748537524,0.286622306503863,0.915500467639911,0.644773793414361,0.268510680909122
61.75,0.85,93.1689402604019,0.287063584227404,0.914271721931934,0.644484883030984,0.26954303992114
61.76,0.85,92.9502397184346,0.288066427412746,0.913827929720942,0.64323772120552,0.270520534728882
61.77,0.85,92.8366838022128,0.289359533561064,0.913613467352684,0.645797392959652,0.267291227036293
61.78,0.85,92.75664155924,0.290538321662991,0.913379284817987,0.642183851313569,0.26978682270832
61.79,0.85,92.6843331202747,0.28838669070829,0.911992237002993,0.644413042516627,0.268559307985819
61.8,0.85,92.6114277214573,0.287347039971172,0.916732877968351,0.645464732944393,0.268508659725469
61.81,0.85,92.5352680344709,0.289257283247459,0.913765662015381,0.643281459625221,0.270994084879521
61.82,0.85,92.4549998976889,0.288779025491886,0.913848098938173,0.642196728130445,0.270513673689232
61.83,0.85,92.370340705214,0.289507512056478,0.914712402490515,0.643849719427322,0.272606142841917
61.84,0.85,92.2811896983954,0.290895083604782,0.91604164001123,0.643251235503105,0.270262452305644
61.85,0.85,92.1875048419236,0.289663610139357,0.913393881151706,0.64336323657119,0.270676718309336
61.86,0.85,92.0892639612263,0.290244487499459,0.91481681738102,0.644953644398892,0.268240058101135
61.87,0.85,91.9864524893026,0.294419095404698,0.916261586108733,0.643669515135302,0.26959943483883
61.88,0.85,91.8790596100314,0.292763067699446,0.913937844763678,0.642364267208168,0.269837026875527
61.89,0.85,91.7670770484171,0.290811456387459,0.916565592618365,0.642126470032669,0.269084521656382
61.9,0.85,91.6504986939962,0.290054163146216,0.915495263378051,0.644656208239443,0.269258966531218
61.91,0.85,91.5293204856104,0.29287770997233,0.915659063867482,0.642759366525748,0.269763198585662
61.92,0.85,91.4035403774083,0.290805414454531,0.914070261734866,0.639781559875668,0.269179051602396
61.93,0.85,91.2731583293604,0.292903475706351,0.916597753895581,0.64285593345996,0.270330715633491
61.94,0.85,91.1381763044385,0.291334657254754,0.915714272468784,0.644023397675797,0.269701265709225
61.95,0.85,90.9985982668487,0.292646557610194,0.917917441618236,0.64261833632921,0.26974807607388
61.96,0.85,90.8544301795512,0.292842314852979,0.916253576114022,0.642583268187249,0.268796879300934
61.97,0.85,90.7056800005118,0.293131502234117,0.916301613162528,0.645195902784941,0.27110347738617
61.98,0.85,90.5523576775147,0.294895384088606,0.917352013978086,0.640811115463672,0.269837037283056
61.99,0.85,90.3944751414811,0.29493659011182,0.915919803422333,0.641906869058152,0.271750787694796
62,0.85,90.2320462982849,0.293969657557924,0.916034111430801,0.643750014432769,0.271398037649258
62.01,0.85,90.0650870190638,0.296107911028881,0.916223126860879,0.640480364439109,0.272238315154184
62.02,0.85,89.8936151290339,0.293930458266109,0.915261343855605,0.644479245042192,0.271016730841675
62.03,0.85,89.7176503948165,0.296451034928743,0.915894063089858,0.642132021836796,0.272121793142619
62.04,0.85,89.5372145102902,0.295925369656523,0.918747594362799,0.641889926640084,0.267623403527844
62.05,0.85,89.3523310809809,0.297292711565638,0.916184369294016,0.643548286317079,0.268531431450286
62.06,0.85,89.1630256070065,0.297589447274428,0.916732600301395,0.641355502524378,0.26956850705982
62.07,0.85,88.9693254645934,0.296551475635058,0.918196281472965,0.643181516319416,0.270763852727022
62.08,0.85,88.7712598861842,0.297513038007387,0.916360165050828,0.640933163465585,0.271737473806739
62.09,0.85,88.5688599391578,0.298609466905872,0.915250123080256,0.643681262350108,0.265811921168485
62.1,0.85,88.3621585031853,0.301148862589887,0.91854763514488,0.640515490586693,0.27048419284005
62.11,0.85,88.151190246245,0.301344066904238,0.916859196697222,0.641250045483578,0.268915397806832
62.12,0.85,87.9430282846037,0.298982557696004,0.915186149961841,0.64393579749153,0.270098752848613
62.13,0.85,87.7402931426503,0.301523328224433,0.919799065575896,0.644699480230576,0.270984976303155
62.14,0.85,87.5367585915454,0.301315317178116,0.917141976753529,0.643389967601591,0.268832524495708
62.15,0.85,87.3302180832933,0.305036087469026,0.916700124824029,0.641104726373143,0.268346279702345
62.16,0.85,87.1201008307368,0.303478225882675,0.919853306908745,0.642841546165847,0.270987670197094
62.17,0.85,86.9062890690295,0.304352709522644,0.914576895785799,0.642018610305282,0.269451469976567
62.18,0.85,86.6887831523888,0.303051694123542,0.917539332719215,0.64235040011886,0.268986264192137
62.19,0.85,86.4676145236726,0.304399691579507,0.915318250014635,0.642302511248359,0.271010384861551
62.2,0.85,86.2428235178353,0.306141825449298,0.919819316302009,0.644846045966416,0.269280483398674
62.21,0.85,86.0144537135929,0.305316075912114,0.916844653445413,0.64353869614036,0.270135550646717
62.22,0.85,85.7825504814677,0.305620238145232,0.916814365763185,0.641249362236231,0.268504240731125
62.23,0.85,85.5471605931339,0.306553379104065,0.916567380676216,0.643554943219411,0.270865195908582
62.24,0.85,85.3083320984091,0.308294523847642,0.914670460201782,0.64053085526441,0.272791616173551
62.25,0.85,85.0661142692652,0.30600981252789,0.917635535091891,0.64247266544958,0.268730847258887
62.26,0.85,84.8205575602207,0.310270379099039,0.919076778503564,0.643114581982648,0.2681401450892
62.27,0.85,84.5717135723626,0.307951656260896,0.922653343657972,0.643847976805415,0.272891656465029
62.28,0.85,84.319635017812,0.307896472357988,0.917227437737277,0.646161586794783,0.270169002221796
62.29,0.85,84.0643756838601,0.309578710338534,0.918994315978171,0.643002433097581,0.269696524496794
62.3,0.85,83.8059903966059,0.308956268640058,0.916321710744333,0.645897331341376,0.274119475425657
62.31,0.85,83.5445349840828,0.312219272589282,0.916350224949485,0.643593757457823,0.270785153992071
62.32,0.85,83.2800662389,0.311366262972992,0.918303568454655,0.641980071541129,0.268591899655264
62.33,0.85,83.0126418804326,0.313346510463587,0.917649078295843,0.643714092916634,0.270222127198413
62.34,0.85,82.742320516598,0.311604988248234,0.917890046991642,0.644209772859463,0.269939057718746
62.35,0.85,82.4691616052593,0.314374123521241,0.919452247869074,0.645578597373437,0.269588882364747
62.36,0.85,82.1932254152911,0.316400173968902,0.921720269236227,0.645120195815347,0.268793468379677
62.37,0.85,81.9145729873507,0.315398945893947,0.921099991062791,0.644096106265849,0.271728169726754
62.38,0.85,81.6332660943893,0.315088872415925,0.919910633871917,0.646176976047589,0.270210497573042
62.39,0.85,81.3493672019462,0.316724342202204,0.918728192842116,0.641718899944979,0.269635757265097
62.4,0.85,81.0629394282613,0.316799051344433,0.918144003576164,0.643912950079011,0.270353709611758
62.41,0.85,80.7740465042473,0.316974276103114,0.916543912294889,0.642937709081456,0.269724706997184
62.42,0.85,80.4827527333582,0.31575096830884,0.919006051233238,0.645393449194916,0.271847180258889
62.43,0.85,80.189122951393,0.318437377763643,0.916487314355881,0.645162374942338,0.269965206210812
62.44,0.85,79.893222486273,0.319555512588035,0.918950827850385,0.643059888839909,0.269607473050918
62.45,0.85,79.595117117828,0.31915200153713,0.916858942979258,0.644556466466452,0.269041776668423
62.46,0.85,79.2948730376316,0.321428171964553,0.91647673997039,0.642844945094698,0.270204918720717
62.47,0.85,78.9925568089198,0.321671656327776,0.915952271281735,0.645195978922196,0.269609820439693
62.48,0.85,78.6882353266294,0.325224541894894,0.918541740885615,0.645879640134633,0.270374776401926
62.49,0.85,78.3819757775922,0.323516809518216,0.918734371350963,0.645144792682301,0.267888537686722
62.5,0.85,78.07384560092,0.326676421668626,0.916239895293044,0.646113569629037,0.270743630452337
62.51,0.85,77.7639124486135,0.325223848434152,0.921081743751186,0.645328016397056,0.267912227663999
62.52,0.85,77.4522441464303,0.325372372197948,0.91832923363299,0.645290459203874,0.267529938474389
62.53,0.85,77.1389086550432,0.327028476685349,0.91741362858167,0.646800354822221,0.26913653931596
62.54,0.85,76.8239740315219,0.3263668624425,0.917611800942956,0.646547946650744,0.269930571921665
62.55,0.85,76.5075083911688,0.32643440941924,0.919545149072553,0.647467524169466,0.27165815478053
62.56,0.85,76.1895798697399,0.328284242080203,0.921726901384095,0.644501916645434,0.271884293512651
62.57,0.85,75.8702565860791,0.328673826414647,0.918863285019269,0.645704579549204,0.268951957278256
62.58,0.85,75.5496066051963,0.330416938939484,0.917998490313334,0.6453540673493,0.268217496156332
62.59,0.85,75.2276979018152,0.329912339143012,0.919098219279421,0.6484718088666,0.270862268536732
62.6,0.85,74.904598324419,0.330247351608073,0.916925869299884,0.645687847401766,0.269669135951954
62.61,0.85,74.5803755598189,0.331849804998694,0.917497208370927,0.644337050970105,0.271204539509793
62.62,0.85,74.2550970982704,0.333540727604731,0.92019267930869,0.647465378727072,0.268600876455896
62.63,0.85,73.9288301991611,0.333395411045387,0.922354777505583,0.644426881172771,0.268252855818102
62.64,0.85,73.6016418572934,0.333864815083311,0.91748804544094,0.646460126553263,0.269136514759562
62.65,0.85,73.273598769782,0.334026060590889,0.917187782964897,0.647901333503474,0.270362881254608
62.66,0.85,72.9447673035895,0.338842467310026,0.919919259521868,0.647241207536014,0.269817515505422
62.67,0.85,72.6152134637171,0.337157785794578,0.918283358911367,0.649009877409373,0.268609531833822
62.68,0.85,72.2850028620699,0.337900454313037,0.921343882378465,0.646731041844562,0.270671646888739
62.69,0.85,71.9542006870146,0.337258660642459,0.918475264091394,0.647809127439611,0.269618613506133
62.7,0.85,71.622871673645,0.338808865920791,0.91920353240045,0.650928109126493,0.270987545252834
62.71,0.85,71.2910800747716,0.342881775042315,0.917160615038941,0.647344896513385,0.270528509600818
62.72,0.85,70.958889632647,0.341153194139551,0.917815475576735,0.64847514659018,0.272665233234612
62.73,0.85,70.6263635514439,0.341461738820532,0.91751826588142,0.647619204195208,0.269834741010006
62.74,0.85,70.2935644704934,0.342251968108589,0.920198625468388,0.649127826226165,0.269146242947128
62.75,0.85,69.9605544382977,0.344461165476075,0.916957630843513,0.649701529517006,0.270462416544469
62.76,0.85,69.6273948873243,0.347729923517704,0.919097280261158,0.648903926202294,0.272090530835243
62.77,0.85,69.2941466095929,0.343768228217873,0.919061139471818,0.649763782058382,0.271524802635189
62.78,0.85,68.9608697330596,0.348915936521419,0.918464369232681,0.649514725120402,0.270138088242699
62.79,0.85,68.627623698808,0.346245328535946,0.915785979408842,0.649618693819679,0.268446039313385
62.8,0.85,68.2944672390494,0.348115334476359,0.916986918229007,0.650597806250298,0.271842045192119
62.81,0.85,67.9614583559403,0.350403087279717,0.914721582078669,0.649995253908881,0.267330127917271
62.82,0.85,67.6286543012157,0.35038570846237,0.917514957631788,0.647698959051483,0.271929050596947
62.83,0.85,67.2961115566458,0.351498379613702,0.917876445611244,0.646681189783958,0.270742958329491
62.84,0.85,66.9638858153135,0.353246819939401,0.91656775210906,0.650751039583178,0.271131190700052
62.85,0.85,66.6320319637156,0.353557792957875,0.915922247562784,0.646960695877368,0.269968346456022
62.86,0.85,66.3006040646851,0.355984883663897,0.917523383950414,0.650935123094239,0.268456888710158
62.87,0.85,65.9696553411358,0.353351040471493,0.917736191562496,0.652023936662658,0.273050374315513
62.88,0.85,65.6392381606247,0.352977930210826,0.919898403756873,0.651305629840958,0.269917363667365
62.89,0.85,65.3094040207287,0.356501731566144,0.917423917655911,0.649248423298236,0.271801709997264
62.9,0.85,64.9802035352347,0.360339997508549,0.919624800697547,0.652453525180956,0.27033261676794
62.91,0.85,64.651686421135,0.361588364459664,0.91752166787642,0.650751037208846,0.269434453606598
62.92,0.85,64.3239014864231,0.359631772866713,0.919845487277941,0.651386089485795,0.270316709044228
62.93,0.85,63.9968966186845,0.361115821523829,0.915674871931428,0.650264649474181,0.270203757774353
62.94,0.85,63.670718774475,0.362779255451117,0.914837444186837,0.651885389435315,0.269480121145071
62.95,0.85,63.3454139694777,0.361607077077093,0.916632060206455,0.652206380080303,0.268174616400878
62.96,0.85,63.0210272694311,0.366765646304736,0.915432443507819,0.648447559699962,0.272871918543078
62.97,0.85,62.6976027818188,0.365912206490647,0.916788414668707,0.651803568516782,0.26833580218723
62.98,0.85,62.3751836483115,0.366688735968691,0.91644141310512,0.653294877591891,0.271404798062183
62.99,0.85,62.0538120379492,0.369065987850391,0.912182880009489,0.652737599408071,0.268598503315986
63,0.85,61.7335291410552,0.368035487824375,0.917767624956102,0.652779932296198,0.269813959417881
63.01,0.85,61.4143751638675,0.369162363381021,0.916061868879523,0.65501564681402,0.270513874894672
63.02,0.85,61.0963893238784,0.368923461475657,0.915037214045805,0.654439788316073,0.271566961990391
63.03,0.85,60.7796098458679,0.36995084623778,0.916884518181329,0.653737396574822,0.270638477481687
63.04,0.85,60.4640739586181,0.369496031372752,0.913674223262392,0.653891907863423,0.269671451688958
63.05,0.85,60.1498178922965,0.369288204879845,0.915776932558454,0.653041955965011,0.269299524610171
63.06,0.85,59.8368768764935,0.371329829067193,0.917429290317626,0.654349939632895,0.271294916889812
63.07,0.85,59.5252851388991,0.374508759822131,0.916209110007554,0.652129635696441,0.269693802530289
63.08,0.85,59.2150759046075,0.374902660092326,0.920312520815151,0.655073464216795,0.272934110978614
63.09,0.85,58.9062813960311,0.376468703681612,0.916643886179985,0.653511248997712,0.270050636899284
63.1,0.85,58.5989328334115,0.378034649359872,0.916714411934713,0.653451336691086,0.267728640120478
63.11,0.85,58.293060435912,0.380285157049017,0.915257371899138,0.655309713264379,0.271436952391915
63.12,0.85,57.988693423275,0.37679108042077,0.916939195301823,0.653625012932812,0.269917404072141
63.13,0.85,57.6858600180297,0.381405654261221,0.916174148503351,0.654820826474115,0.267623999901214
63.14,0.85,57.3845874482351,0.378786539651022,0.918910833395922,0.65515771506066,0.269437579303481
63.15,0.85,57.0849019507399,0.384385180154596,0.916153908005294,0.655551319735631,0.270138751719486
63.16,0.85,56.7868287749471,0.380928718398432,0.91563724459394,0.654122495253041,0.272650111936765
63.17,0.85,56.490392187063,0.385265969561007,0.91564119974574,0.656241923263974,0.270662275920883
63.18,0.85,56.1956154748194,0.382710446241291,0.912757470116353,0.655314224327429,0.269697934160077
63.19,0.85,55.9025209526475,0.386638609730051,0.915223987767418,0.654461719279957,0.269841487261267
63.2,0.85,55.6111299672927,0.385789603848352,0.916341071000654,0.653833531473619,0.270734844398786
63.21,0.85,55.3214629038507,0.387023580506335,0.913528607446792,0.655327984711276,0.269084183647233
63.22,0.85,55.0335391922096,0.391804903944346,0.918519502797269,0.656424098128971,0.270238316838747
63.23,0.85,54.7473773138838,0.389740291821775,0.914294130476655,0.656924478447122,0.267547627051234
63.24,0.85,54.4629948092219,0.391985586535749,0.9153097951491,0.655168136774032,0.268138418967037
63.25,0.85,54.1804082849731,0.391345252138105,0.912853210723284,0.657173802587381,0.270557247195531
63.26,0.85,53.8996334221984,0.394361604983361,0.915335737662846,0.653108783351667,0.27085379407055
63.27,0.85,53.6206849845081,0.394003219576688,0.915450113353241,0.6583080125058,0.27058595162141
63.28,0.85,53.3435768266135,0.393643652588348,0.91245995921046,0.655430507195477,0.269530456828457
63.29,0.85,53.0683219031756,0.392129559194889,0.915522365868293,0.653338515931391,0.2705242461623
63.3,0.85,52.7949322779359,0.398218022196657,0.910985012811073,0.655611140718159,0.270580273350052
63.31,0.85,52.5234191331172,0.395139684843446,0.910797516243221,0.654548477899171,0.271147162830837
63.32,0.85,52.2537927790757,0.400918234424243,0.914141772237416,0.657314658579883,0.270289274833278
63.33,0.85,51.9860626641944,0.396125233270359,0.912655768267697,0.657404469655639,0.270731637985856
63.34,0.85,51.7202373850012,0.399900160874966,0.911002105861657,0.655355863002284,0.269011104354436
63.35,0.85,51.453514896452,0.402999984715676,0.91238034655813,0.65328392908778,0.269275233742637
63.36,0.85,51.1849938371828,0.400799034069137,0.912113088291662,0.655414077613486,0.268176317042542
63.37,0.85,50.9172663016197,0.403284537070303,0.912102651843461,0.65473961456699,0.271692563418797
63.38,0.85,50.6512435208773,0.402760611050757,0.913341710570375,0.655449331448233,0.267585949083348
63.39,0.85,50.3871697391797,0.404058422148564,0.911307754024781,0.655928394303884,0.268365839752728
63.4,0.85,50.1251084538589,0.406688258168842,0.91337369311859,0.655748645237203,0.26877269093464
63.41,0.85,49.8650769830861,0.406277794627799,0.911991633797542,0.655895792939153,0.270048431586925
63.42,0.85,49.6070805974977,0.406787444573263,0.910892766500168,0.658091882724853,0.269468642650671
63.43,0.85,49.3511210108363,0.407261804683777,0.911583582803178,0.654918234007955,0.269533824226995
63.44,0.85,49.0971984878682,0.408021079631349,0.910999153826515,0.655768132379459,0.27062574250389
63.45,0.85,48.8453123739578,0.410840475886031,0.911196958387757,0.65620372737539,0.271531615102643
63.46,0.85,48.5954612352231,0.410661687608852,0.910098451055763,0.656391075142778,0.269588871322376
63.47,0.85,48.347642902743,0.412894154251204,0.910814400268286,0.656760762726876,0.269217971227002
63.48,0.85,48.1018544931691,0.41473645676549,0.913755145607064,0.659680467437231,0.26804516283392
63.49,0.85,47.8580924235581,0.413063194926478,0.911037892993465,0.65610757807741,0.26924553461792
63.5,0.85,47.6163524248051,0.416877759497185,0.912600843191006,0.656581128902034,0.26974744574333
63.51,0.85,47.3766295547475,0.418179587295647,0.910441583700491,0.656850933976264,0.271254501795258
63.52,0.85,47.1389182111967,0.418666412305885,0.911087453639785,0.657522949091777,0.269315935945079
63.53,0.85,46.9032121449554,0.419531066477957,0.90940019954993,0.656749928656434,0.270778325290982
63.54,0.85,46.6695044728281,0.417142415959354,0.911898453046413,0.656445020853687,0.268767969574267
63.55,0.85,46.4377876906223,0.418741706575697,0.90902361605125,0.659082055123679,0.271162008504981
63.56,0.85,46.2080536861333,0.423168123224604,0.909639192315992,0.659102896389648,0.269039118787943
63.57,0.85,45.9802937521078,0.421721758259401,0.908949914898181,0.656241060250921,0.27079768502897
63.58,0.85,45.7544985991796,0.421846467138787,0.908791762614408,0.656999521507608,0.268394864597324
63.59,0.85,45.530658368771,0.423011974307929,0.907956457396134,0.658997301539298,0.270287227712617
63.6,0.85,45.3087626459564,0.422311332001358,0.909036222598757,0.656310426438105,0.270882438650468
63.61,0.85,45.0888004722803,0.425331481715614,0.908758966111145,0.659090306624104,0.269627567926776
63.62,0.85,44.8707603585282,0.425102689047784,0.907526017073219,0.659135880668724,0.269473785106057
63.63,0.85,44.6546302974432,0.428486304980418,0.906269480527064,0.656197065334245,0.271211171432445
63.64,0.85,44.4403977763868,0.42899618545954,0.904674739549654,0.657464950594641,0.265526140413207
63.65,0.85,44.2280497899376,0.431010650633788,0.906384433319913,0.655331270092872,0.271713510012125
63.66,0.85,44.0175728524272,0.428919562316781,0.906409458139834,0.656160567214979,0.26566930968036
63.67,0.85,43.8089530104083,0.433478882552852,0.906127546137903,0.6554903947799,0.269573644910481
63.68,0.85,43.6021758550535,0.431253434126142,0.905306968150816,0.660021414770972,0.271303054844391
63.69,0.85,43.3972265344808,0.431631457170749,0.905777335615874,0.658562251777097,0.267701849352204
63.7,0.85,43.1940897660059,0.434581077146158,0.908319918924895,0.655113494095284,0.269471751498511
63.71,0.85,42.9927498483171,0.435416238984628,0.908991205227757,0.656953537391649,0.273798780585455
63.72,0.85,42.7931906735731,0.433495567295219,0.904399417413084,0.655292005001741,0.270975876965249
63.73,0.85,42.5953957394206,0.434643577194422,0.905679147286285,0.657709601258086,0.267594091705323
63.74,0.85,42.3993481609318,0.437170519475595,0.907335798738743,0.654918281417043,0.269117059860768
63.75,0.85,42.2050306824608,0.436382052881768,0.908595542879966,0.658662977860705,0.270115171284068
63.76,0.85,42.0124256894174,0.43829832078839,0.905445361629171,0.656882963847642,0.270943458039078
63.77,0.85,41.8215152199584,0.440773546434893,0.905983409317109,0.656862396012297,0.269582433582214
63.78,0.85,41.6322809765971,0.441052003166425,0.903982556383757,0.655397844311971,0.269131483203873
63.79,0.85,41.4447043377282,0.443021482975556,0.905259845054474,0.656271964069738,0.273024797162241
63.8,0.85,41.2587663690719,0.443998944877691,0.903128588753005,0.654605647302052,0.269129932249706
63.81,0.85,41.0744478350341,0.441968706721948,0.902825473988064,0.656680035973135,0.27213696236678
63.82,0.85,40.8917292099855,0.442851366305429,0.903357411057912,0.653054940079709,0.271329545743271
63.83,0.85,40.7105906894594,0.442990029481588,0.904212795914342,0.655735989066956,0.268782399147842
63.84,0.85,40.531012201268,0.444326113845303,0.907085389024215,0.654652359048666,0.270825088851235
63.85,0.85,40.3529734165398,0.445946835607316,0.903817084347545,0.656211137583867,0.269585822636748
63.86,0.85,40.1764537606785,0.446543473264517,0.90443290753082,0.656210467963203,0.269303737959607
63.87,0.85,40.0014324242433,0.447609406986713,0.903255796162577,0.655818721306836,0.267896810949584
63.88,0.85,39.8278883737534,0.449350623984801,0.901797804840165,0.655107813509882,0.268415324422118
63.89,0.85,39.6558003624175,0.449548141625838,0.903738651028591,0.657610312194058,0.269416788872046
63.9,0.85,39.4851469407888,0.452552245065101,0.903051877361746,0.656312161610677,0.269384114359804
63.91,0.85,39.3159064673482,0.450110873530722,0.903484580376128,0.657152106468363,0.272068556783203
63.92,0.85,39.1480571190169,0.452533119719611,0.904073313680697,0.65499181180058,0.269907389140697
63.93,0.85,38.9815769015983,0.453570635635255,0.90171738206807,0.65769569104276,0.27251026986656
63.94,0.85,38.8164436601534,0.451370703805965,0.900008344636089,0.656312280108647,0.272008182927785
63.95,0.85,38.6526350893092,0.45371401586308,0.902064947927685,0.652776920134767,0.269879996639525
63.96,0.85,38.4901287435028,0.452904027022191,0.901489194913579,0.655778072477031,0.269860643033313
63.97,0.85,38.3289020471619,0.453765702508817,0.900788286640108,0.6551215819642,0.267400803068534
63.98,0.85,38.1689323048242,0.456456891850324,0.901622200080346,0.654093708194444,0.266823226716326
63.99,0.85,38.0101967111963,0.456185957470888,0.901126750218332,0.65238033098899,0.270251044502432
64,0.85,37.852672361155,0.459179839700836,0.900796148917735,0.654889596318143,0.26956551947903
64.01,0.85,37.6963362596906,0.457180041844097,0.899342090075736,0.654197743529461,0.270375785456788
64.02,0.85,37.5411653317953,0.461224423946285,0.899688928193149,0.65409674559866,0.269828063601346
64.03,0.85,37.3871364322979,0.460311070827231,0.898364313208873,0.65388113566651,0.270350473277167
64.04,0.85,37.2342263556442,0.461106401399893,0.897903474254955,0.654857451053728,0.272001280388348
64.05,0.85,37.0824118456278,0.462257880433185,0.898306669405898,0.654338537009772,0.269091039658053
64.06,0.85,36.9316696050692,0.459439020230284,0.899208147533954,0.655942494181231,0.26841086184487
64.07,0.85,36.7819763054462,0.463955844501506,0.898282323275724,0.652467953539278,0.269759488786304
64.08,0.85,36.6333085964764,0.465991765907111,0.898094770851286,0.655879326966707,0.269155461143715
64.09,0.85,36.4856431156511,0.4662995238659,0.89942691369807,0.654613954202751,0.269342219899356
64.1,0.85,36.3389564977249,0.465447535065276,0.899216153792303,0.654097839424482,0.27109373031918
64.11,0.85,36.1932253841569,0.464109728884506,0.896051534311422,0.65548781918202,0.269303050392875
64.12,0.85,36.0484264325088,0.466778529214517,0.898561064278645,0.653107173750649,0.269364454758207
64.13,0.85,35.9045363257972,0.468673993793951,0.898791875907408,0.654128786614034,0.272160396669028
64.14,0.85,35.7615317818011,0.469770429873788,0.896657373578256,0.652551842431712,0.269039826133213
64.15,0.85,35.6193895623258,0.468087134038027,0.897153268676595,0.653135277206834,0.269961922871955
64.16,0.85,35.4780864824224,0.469079275049436,0.895180738616874,0.651928462241332,0.268997801281349
64.17,0.85,35.3375994195617,0.470067089793477,0.897979768598891,0.652422054219818,0.270132271276585
64.18,0.85,35.1979053227656,0.472103872065247,0.897169410966286,0.65510884109317,0.270023329371601
64.19,0.85,35.058981221691,0.472454461676652,0.8959149246974,0.653038846700545,0.268723568067482
64.2,0.85,34.9208042356697,0.475447482526935,0.896354283737902,0.652228145310102,0.271062452268052
64.21,0.85,34.7833515827013,0.474859130787285,0.898534237390279,0.650770660496381,0.273062404253863
64.22,0.85,34.6466005883982,0.472950016438981,0.895558449103406,0.653152873907357,0.272353066986469
64.23,0.85,34.5105286948831,0.474256488996937,0.894707919213338,0.651635845379476,0.269246578421484
64.24,0.85,34.3751134696365,0.476820354591989,0.893487958952879,0.652113536634366,0.26794059043918
64.25,0.85,34.2403326142924,0.47691381720706,0.898002148313582,0.653363172125691,0.268766203294797
64.26,0.85,34.1061639733827,0.478898636971796,0.893503149798077,0.651927786925678,0.270622168982686
64.27,0.85,33.9725855430259,0.478072989716832,0.894054217565287,0.651006954310755,0.271195856509781
64.28,0.85,33.8395754795604,0.477442752951985,0.892631046844321,0.651674280188657,0.269216810322105
64.29,0.85,33.7071121081187,0.481267032582682,0.894785809859216,0.65222860707367,0.269509517316468
64.3,0.85,33.5751739311411,0.480145321225497,0.894807121533814,0.653845229695162,0.27065664623667
64.31,0.85,33.4437396368269,0.482323206791237,0.891888996470585,0.649271671992239,0.269409547070074
64.32,0.85,33.3127881075186,0.481587106454514,0.893710517346411,0.652434505829643,0.269822097925856
64.33,0.85,33.1822984280189,0.480747637772409,0.892308171314392,0.651682968304836,0.271052486105439
64.34,0.85,33.0522498938356,0.47999207024164,0.893641002346362,0.649030943517902,0.268893552800385
64.35,0.85,32.9226220193517,0.481771847842244,0.894444203374571,0.651418540949351,0.270717652996262
64.36,0.85,32.7933945459188,0.485029462971031,0.890770863379299,0.650026003175029,0.269332031409934
64.37,0.85,32.664547449868,0.486984235067565,0.89029101282857,0.652287198272182,0.272796774079935
64.38,0.85,32.536060950437,0.485813563964448,0.890185515573604,0.648333837640205,0.268807687317488
64.39,0.85,32.4079155176086,0.488538381253436,0.891695346356599,0.649937134308969,0.270660884008806
64.4,0.85,32.2800918798567,0.488733991465862,0.891579786031122,0.649461492796342,0.268289462773913
64.41,0.85,32.1525710317965,0.486269176150575,0.891510080677555,0.64936455007661,0.269622799509442
64.42,0.85,32.0253342417336,0.490000633820615,0.89177790327671,0.65002032002286,0.269270054475932
64.43,0.85,31.8983630591093,0.49104817783503,0.888690874893186,0.650434858730268,0.267336997218636
64.44,0.85,31.7716393218371,0.491412798254964,0.891042449711359,0.6504825060758,0.26847144555666
64.45,0.85,31.6451451635249,0.491830067824343,0.89153220103845,0.650772914175629,0.27051055568049
64.46,0.85,31.5188630205801,0.493920167018526,0.888454166057911,0.648430205366177,0.270745644939072
64.47,0.85,31.3927756391918,0.494687894898775,0.891321587725164,0.648365271262319,0.271867868835234
64.48,0.85,31.2668660821861,0.49332225654838,0.888902979339114,0.647400244098985,0.270237436411123
64.49,0.85,31.1411177357488,0.493742730374183,0.889752441050482,0.648926490363305,0.270405911716599
64.5,0.85,31.015514316011,0.494877348395403,0.889612526381225,0.6473672319803,0.27073140458658
64.51,0.85,30.8900398754936,0.495052635552716,0.886375180386532,0.649354809090967,0.267348831371025
64.52,0.85,30.7646788094037,0.498750799714679,0.886350220105297,0.64841787731033,0.270243959864798
64.53,0.85,30.6394158617796,0.499458279612575,0.887758716648522,0.647457256430111,0.271892669029338
64.54,0.85,30.5142361314791,0.49896929304274,0.888361399589469,0.648238502253065,0.271651953594524
64.55,0.85,30.3891250780045,0.500081777611476,0.88865398563526,0.646979861319279,0.26981154173722
64.56,0.85,30.2640685271611,0.500538266594641,0.88684954493031,0.649597507942157,0.267408477242597
64.57,0.85,30.1374758946688,0.503710355310182,0.886386409915916,0.647914177609834,0.271723731956192
64.58,0.85,30.0090112128568,0.50250285757346,0.888342393404124,0.646349579815425,0.267185223009138
64.59,0.85,29.879978841877,0.502200199863079,0.886316157988931,0.645426700409623,0.269201306759557
64.6,0.85,29.7508110354215,0.502290132305675,0.884169302376831,0.647815983643008,0.271268759888093
64.61,0.85,29.6216117873326,0.503093835879829,0.886594660118443,0.643889141886681,0.270748491998319
64.62,0.85,29.4923979449407,0.505542517952199,0.883245294891318,0.645112983629115,0.270550188526239
64.63,0.85,29.3631649084283,0.505454826003145,0.883294785328758,0.644940743700594,0.268648205762504
64.64,0.85,29.2339031263624,0.508858379335517,0.886382630018691,0.646571119419272,0.268538173344718
64.65,0.85,29.1046021596488,0.506147873061109,0.886637182138395,0.645702777386904,0.269498881587158
64.66,0.85,28.9752516794044,0.508244356924334,0.884314485639775,0.649448446652627,0.269721480680757
64.67,0.85,28.8458417133576,0.510576978492571,0.880897004852173,0.646138786303474,0.270648901725879
64.68,0.85,28.7163627083326,0.509657198380323,0.882183251500291,0.645516987566808,0.269077875374271
64.69,0.85,28.5868055476318,0.511519937035595,0.88477975939824,0.646951745701567,0.26942032161169
64.7,0.85,28.4571615572246,0.511186474208514,0.885785279923826,0.646873320990044,0.268087268375252
64.71,0.85,28.327422509016,0.512791822009099,0.88265904230151,0.645353604570746,0.270095058643055
64.72,0.85,28.1975806232112,0.514177910756844,0.882651238948061,0.646683790862557,0.272173047802729
64.73,0.85,28.0676285702618,0.513222364627712,0.882354274983689,0.646705870899415,0.268264444155734
64.74,0.85,27.9375594725127,0.512639750609743,0.883836471781976,0.647080694325596,0.269312440370877
64.75,0.85,27.8073669055735,0.516934088874868,0.884132182984292,0.644697365590406,0.269097822801194
64.76,0.85,27.6770448994185,0.51625632874092,0.880920735971795,0.646350701343259,0.270926334362628
64.77,0.85,27.5465879392147,0.519746623940437,0.880322091904735,0.646996225386073,0.270346219998123
64.78,0.85,27.4159909658757,0.519875288370388,0.883131361149317,0.645290180564353,0.270627031665488
64.79,0.85,27.2852493763371,0.519678259363631,0.879659858149795,0.646499339632367,0.270430734392829
64.8,0.85,27.1543590235544,0.520773914618308,0.879744922303353,0.646648812223927,0.267912386199524
64.81,0.85,27.0233162162178,0.520059886891762,0.880292356919648,0.64554222139331,0.268783363202691
64.82,0.85,26.8921177181858,0.523331443594588,0.877081156900668,0.646735088275265,0.269954243160215
64.83,0.85,26.7607607476327,0.522486671997668,0.878639614589252,0.643087667953704,0.271450775969434
64.84,0.85,26.6292429759118,0.52434405760548,0.880790366874206,0.644610106453993,0.270470626614638
64.85,0.85,26.4975625261314,0.52503313545771,0.878648832019323,0.645266495946884,0.270199411484475
64.86,0.85,26.3657179714438,0.524300329968675,0.878595322681498,0.647219490719534,0.269215728538599
64.87,0.85,26.2337083330474,0.525651964804337,0.878928530351775,0.645016593511827,0.269062441268508
64.88,0.85,26.1015330779013,0.526674301506647,0.879592790979939,0.644215672373066,0.268956459601693
64.89,0.85,25.9691921161525,0.529212360483006,0.879954625270068,0.645228488262464,0.270635709495809
64.9,0.85,25.8366857982778,0.527257906846365,0.878190545012039,0.643992984249572,0.270238970568942
64.91,0.85,25.7040149119396,0.530224462160563,0.875600555864997,0.64121449153841,0.270321870817022
64.92,0.85,25.571180678558,0.531687707314014,0.875449834197418,0.64355651402276,0.269551579271985
64.93,0.85,25.4381847496007,0.532988478147784,0.878262713207644,0.643572805142377,0.269355012944953
64.94,0.85,25.3050292025926,0.531662819738714,0.876661202374866,0.643208384309819,0.270833620469154
64.95,0.85,25.1717165368466,0.535496442974802,0.878762360260975,0.646140088212489,0.270133715675889
64.96,0.85,25.0382496689203,0.53707811563725,0.876323844916918,0.645829806476162,0.271098347526268
64.97,0.85,24.9046319277987,0.536012664082381,0.874543016447146,0.64600438099549,0.266580451397171
64.98,0.85,24.7708670498086,0.536327132541349,0.875403219222337,0.64338229611942,0.272310592911955
64.99,0.85,24.6369591732673,0.537984165292869,0.875272822892458,0.643573664838511,0.268424327250898
65,0,24.502912832869,0.535676897724224,0.874462567819282,0.642424472242024,0.271958757520537
65.01,0,24.3687329538144,0.539607030790101,0.872039699973182,0.644551939450504,0.271086973116246
65.02,0,24.2344248456871,0.540395932149256,0.877265408055531,0.644363048957665,0.270489381063784
65.03,0,24.0999941960817,0.542011554349345,0.873814596063162,0.644099511158378,0.270513960168936
65.04,0,23.9654470639895,0.542919090966061,0.872467712957778,0.645613604705921,0.27027365571106
65.05,0,23.8307898729465,0.544722041564702,0.873204930512541,0.643485968382068,0.267772931371963
65.06,0,23.69602940395,0.543885444576835,0.869748404206527,0.643183226595757,0.267631617988291
65.07,0,23.5611727881494,0.546114778453034,0.873387651266362,0.646224032649041,0.269007693190158
65.08,0,23.4262274993183,0.550211570091558,0.872146722134252,0.640647595000147,0.268658326848362
65.09,0,23.2912013461133,0.551987043561617,0.874180197558158,0.644131621767758,0.268309268090183
65.1,0,23.1561024641279,0.551569903798078,0.872568216118736,0.643110665089059,0.267734931400643
65.11,0,23.0209393077475,0.550357638021782,0.87369844533666,0.643600871406522,0.270020832833761
65.12,0,22.8857206418132,0.551997298459622,0.872978356113392,0.640745740947277,0.267826985613629
65.13,0,22.7504555331026,0.552427698406671,0.873812063552123,0.64202744507918,0.267409821668206
65.14,0,22.6151533416342,0.552150102727229,0.870791678084002,0.643670682721997,0.270616463476844
65.15,0,22.4798237118052,0.555228128221487,0.871275703630416,0.645077172400244,0.270669089992385
65.16,0,22.3444765633694,0.556834694943749,0.870032025906768,0.643215585019885,0.270754261174573
65.17,0,22.2091220822646,0.555058848654268,0.871344051934042,0.645415800979908,0.272063865022431
65.18,0,22.0737707112981,0.557789561359615,0.870816061281903,0.641433304761941,0.270649473952585
65.19,0,21.938433140698,0.559792770573276,0.870425208783866,0.642141438083836,0.270566137592748
65.2,0,21.803120298542,0.560520786416664,0.868399573310281,0.644362876954231,0.269978905530334
65.21,0,21.6678433410694,0.559826005331636,0.869168747951761,0.643486294874205,0.269893784548887
65.22,0,21.5326136428877,0.563993829853902,0.871176571910208,0.642676878538212,0.272143049543034
65.23,0,21.3974427870833,0.566207586742217,0.869066080572219,0.642274610614034,0.270259470844308
65.24,0,21.2623425552445,0.562655517450181,0.867266561531949,0.641707662335763,0.271300978679731
65.25,0,21.1273249174073,0.564963761306491,0.869079458676284,0.644692895765749,0.271495999211183
65.26,0,20.9924020219336,0.565519149035979,0.86802969144849,0.641071810067454,0.268679605953263
65.27,0,20.8575861853306,0.57117708751411,0.868364912457607,0.645037037012409,0.270112234924267
65.28,0,20.7228898820231,0.568249295299149,0.866137093701286,0.643974238854735,0.268212276729365
65.29,0,20.5883257340854,0.568429767593971,0.868542735373176,0.641416558720124,0.26972571062055
65.3,0,20.4539065009464,0.570281363247853,0.865928428775123,0.639728000361755,0.270155963390426
65.31,0,20.3196450690741,0.573688823477718,0.868446443547357,0.644141889253274,0.273985743115272
65.32,0,20.1855544416517,0.57690349665349,0.863771425853799,0.644444137063782,0.272856002967781
65.33,0,20.0516477282542,0.574856812861327,0.865900092005218,0.641987149235299,0.266795170985167
65.34,0,19.9179381345345,0.577191029231968,0.86487709207657,0.643994814893656,0.268625442330418
65.35,0,19.7870519706471,0.579660609482301,0.863624621841796,0.644352984437676,0.269175234403714
65.36,0,19.6785042332776,0.578177933817163,0.866639578899038,0.643141714677908,0.269873207225492
65.37,0,19.5821889456696,0.58015168570268,0.865665970130196,0.642391424767746,0.270463681624006
65.38,0,19.4889952966646,0.580767291586184,0.864146018581377,0.643685398314138,0.270449321670788
65.39,0,19.4070485308129,0.579581810226375,0.864611281422232,0.641657271462837,0.26790493884699
65.4,0,19.3423892022145,0.578754754328192,0.863882237839212,0.644959199852315,0.26849233018153
65.41,0,19.2829942827656,0.580764506904395,0.862545404806151,0.6439021181878,0.27107162040709
65.42,0,19.2245692922339,0.582073721646139,0.862957886543274,0.642061290953597,0.271320891742077
65.43,0,19.1660311128611,0.583068596013226,0.861364527241386,0.6451280055981,0.268411021357961
65.44,0,19.1071321786101,0.580708393279319,0.865458165215298,0.643718938011495,0.272062176404894
65.45,0,19.0478247833282,0.582391602613285,0.860898779993999,0.644908372457674,0.271130496839158
65.46,0,18.9881081664492,0.585023675466956,0.862753391350237,0.642569951891428,0.270532902651257
65.47,0,18.9279926513595,0.584779622271213,0.863124946797313,0.645147500785947,0.27047153565381
65.48,0,18.8674912817535,0.586383162298116,0.860297949318621,0.64148243547712,0.271659461930171
65.49,0,18.8066178681415,0.587059431697338,0.863403826716325,0.643517421615614,0.269269469232425
65.5,0,18.7453865264718,0.587448560438651,0.861622100062343,0.645072100282884,0.269662371519696
65.51,0,18.6838115641433,0.585167788654375,0.860079875617539,0.643494423983606,0.268585420227519
65.52,0,18.6219074469341,0.588298755791205,0.860742685200133,0.641792804106188,0.26769668124967
65.53,0,18.5596887847758,0.589302794951899,0.861732831569494,0.645457896952389,0.267914970926836
65.54,0,18.4971703219101,0.588049684572923,0.860565596842971,0.645229187520191,0.269184136887829
65.55,0,18.4343669280576,0.588240469117156,0.860995516930364,0.645269829010774,0.269250318667383
65.56,0,18.3712935898192,0.590336420682658,0.859998510248069,0.64152423126805,0.268433922069005
65.57,0,18.307965402134,0.59046200550982,0.860902110927758,0.642392948428841,0.270772837493679
65.58,0,18.2443975597592,0.591225902761923,0.859643143793367,0.646592627325221,0.269286905153033
65.59,0,18.1806053487707,0.590308460192641,0.858875210938451,0.644814682222497,0.268845653044339
65.6,0,18.1166041380891,0.589784434505722,0.859105305352168,0.645193115620411,0.270271809910153
65.61,0,18.0524093710401,0.595276538248916,0.858947592427448,0.646120309818056,0.269138014197129
65.62,0,17.988036556957,0.592670190799526,0.859967311714043,0.646572546319597,0.272592041113009
65.63,0,17.9235012628318,0.593354486913454,0.859863800235609,0.645506936988035,0.273130202618892
65.64,0,17.8588191050249,0.592860927244284,0.855743013997602,0.64639187108463,0.265782725096053
65.65,0,17.794005741039,0.593529231451561,0.857238175511112,0.643394276139397,0.269907598466914
65.66,0,17.7290768613658,0.594835785516511,0.858056422127422,0.646322724777464,0.268840272398912
65.67,0,17.6640481814122,0.591914925149048,0.856213980958988,0.645790086651437,0.270239839372994
65.68,0,17.5989354335135,0.597201220009355,0.855945994841024,0.646897815679524,0.269720875929147
65.69,0,17.5337543590398,0.595673464956932,0.858304018014707,0.644019130508694,0.272090770194013
65.7,0,17.468520700603,0.595604414369218,0.853954177350257,0.64797913725668,0.271054714180517
65.71,0,17.4032501943701,0.596227055142506,0.857724752277298,0.6468156094657,0.266865509630916
65.72,0,17.3379585624897,0.597657017638458,0.857985457783661,0.647366005151867,0.26923086402252
65.73,0,17.272661505637,0.598350935470774,0.855130279000532,0.646562386541581,0.27101666795617
65.74,0,17.2073746956836,0.599109096794745,0.856497939539344,0.645603511213442,0.268348868400449
65.75,0,17.1421137684973,0.601423005440419,0.856940869576798,0.645598603565632,0.272741553471748
65.76,0,17.0772756470679,0.60103890875912,0.856505059926964,0.64673135503957,0.26985579695659
65.77,0,17.0134510362023,0.601581707449814,0.854809197367286,0.647793616823111,0.271953663143686
65.78,0,16.9500311217762,0.599653026956528,0.854292123943278,0.645012160586117,0.269690277269308
65.79,0,16.8867718270784,0.603398423678471,0.852243833780102,0.647453761178233,0.269424308213029
65.8,0,16.8236238559508,0.602073715990524,0.854634044525841,0.647694859649895,0.26768349032247
65.81,0,16.7605875651623,0.602239255529282,0.853323711826637,0.650472822810645,0.268693444053822
65.82,0,16.6976745361644,0.603982956248278,0.850811575489574,0.646146711589103,0.267266780250594
65.83,0,16.6348987617968,0.603318736834541,0.851468026597289,0.647090358298153,0.267104524108207
65.84,0,16.5722746949875,0.602845254848465,0.855345228558576,0.649324867078905,0.268590872010335
65.85,0,16.5098168177419,0.603203513549992,0.850706595091442,0.647891070299816,0.271634278550163
65.86,0,16.4475395429394,0.604576363409026,0.853071818195487,0.648997663133347,0.271138159253666
65.87,0,16.3854571888723,0.606316998832727,0.848058862833295,0.648318121600178,0.27134985254386
65.88,0,16.3235839697837,0.606500669919641,0.850194662569256,0.6495144322504,0.269481984871579
65.89,0,16.2619339900282,0.608233188799468,0.852990398048012,0.650442080713572,0.268798626421849
65.9,0,16.2005212391568,0.609711608860992,0.849704558176525,0.649198747575979,0.268672617509846
65.91,0,16.1393595873364,0.609189074590221,0.852893026179099,0.648394259867111,0.266743902303304
65.92,0,16.0784627809767,0.610635816414556,0.851107751460594,0.649432755329927,0.269858121020229
65.93,0,16.0178444385361,0.612101362653241,0.849769306158753,0.652030568437339,0.268191622561705
65.94,0,15.9575180465024,0.610786165743842,0.851363372665663,0.650939788699815,0.270176447344049
65.95,0,15.8974969555463,0.61194594092312,0.850571274174279,0.649776627819523,0.270878262951526
65.96,0,15.8377943768486,0.611097766228472,0.84879224152467,0.649463236632442,0.269197328264325
65.97,0,15.7784233786001,0.61363566825872,0.848013534177719,0.650950317626556,0.271499499922512
65.98,0,15.7193968826746,0.613218591559434,0.848678859037581,0.649579133971692,0.270972081392837
65.99,0,15.6607276614747,0.614177583808234,0.84888434773168,0.649708370361388,0.272052912630425
66,0,15.6024283349487,0.616351288305757,0.848397992336685,0.649798758125373,0.270596787368616
66.01,0,15.5445113677792,0.614158218699053,0.84791911655443,0.649190723403887,0.272825182955857
66.02,0,15.4869890667412,0.616896714290031,0.848341109320666,0.652521521864015,0.270587686240414
66.03,0,15.429873578229,0.617584209074642,0.848994464511473,0.650455852777506,0.270760570802653
66.04,0,15.37317688595,0.615822054987003,0.847257798288815,0.651446595320989,0.270204012799774
66.05,0,15.3169108087848,0.614279669022269,0.848354338469062,0.65045038663643,0.271169650258904
66.06,0,15.2610869988096,0.618435946698756,0.847864353480919,0.651791692409461,0.270049611876779
66.07,0,15.205716939482,0.617048490661804,0.848198974978233,0.652632740372717,0.267996092521724
66.08,0,15.1508119439848,0.61783498408002,0.846766590324857,0.651568393535163,0.269726673371428
66.09,0,15.0963831537278,0.621228166202597,0.84417839046453,0.650345180551285,0.271730625898013
66.1,0,15.0424415370041,0.619315844580035,0.847179803683071,0.651288513617719,0.269095331764694
66.11,0,14.9889978877984,0.620669382671889,0.84570339963184,0.650786932372732,0.272044333822444
66.12,0,14.9360628247442,0.622057004608267,0.847575003169522,0.652556068372166,0.271085350495767
66.13,0,14.883646790228,0.624812489183605,0.849788656473157,0.651652635710294,0.273890506373437
66.14,0,14.8317600496361,0.621731884041739,0.847574028566946,0.652324847100393,0.268250374457699
66.15,0,14.7804126907414,0.624983573421381,0.846816560294567,0.65197766004828,0.271370134136054
66.16,0,14.7296146232277,0.624482007990172,0.844397625905226,0.656551256948103,0.268615775786287
66.17,0,14.6793755783465,0.624172388778265,0.846182573508827,0.65359730919238,0.270384836506793
66.18,0,14.6297051087036,0.623434151866346,0.845402446354717,0.655135507534317,0.26992093410575
66.19,0,14.5806125881728,0.624332908895778,0.844701975954927,0.652345913713043,0.272208601625566
66.2,0,14.5321072119313,0.622568417587526,0.843363912146296,0.652550415721932,0.270654671913295
66.21,0,14.4841979966139,0.625378909059217,0.844499710949582,0.652395959350195,0.267075738569698
66.22,0,14.4368937805822,0.626895559333767,0.843826022232199,0.653375200733654,0.269086680961183
66.23,0,14.3902032243048,0.625867383590068,0.842924954891463,0.658092393940096,0.269322444359928
66.24,0,14.3441348108446,0.627455019790275,0.845043563663213,0.651925127562555,0.268873139773305
66.25,0,14.2986968464482,0.626443286032451,0.843692231057632,0.653646445799954,0.268787621303798
66.26,0,14.2538974612355,0.626231145058501,0.843535124695473,0.651356996128143,0.270615547700244
66.27,0,14.2097446099824,0.625971246346045,0.84491024532572,0.655649251012417,0.270490391251648
66.28,0,14.1662460729954,0.628644719475294,0.844383372722252,0.655044518923072,0.270786422498431
66.29,0,14.1234094570717,0.626162591259808,0.843470922576387,0.652010809876845,0.271561091828103
66.3,0,14.0812421965414,0.631977769940287,0.843670803631132,0.652338711673181,0.269928939295029
66.31,0,14.0397515543884,0.631047096385599,0.841917104917862,0.652478861810241,0.268704453354931
66.32,0,13.9989446234438,0.629018153289749,0.842856322322502,0.654441206285184,0.267478090489373
66.33,0,13.9588283276494,0.629782351851625,0.843178936741009,0.653759774847956,0.26936033010759
66.34,0,13.919409423386,0.630781257060551,0.842003976421186,0.656153293911743,0.270509913135808
66.35,0,13.8806945008629,0.630632853106548,0.844316675636694,0.654601173821602,0.26758870735277
66.36,0,13.8426899855636,0.631928363193055,0.841735714592787,0.653603457006622,0.266622745767242
66.37,0,13.8054021397442,0.630669784572112,0.843167825264656,0.656377073013706,0.270128805414268
66.38,0,13.7688370639798,0.632668698194746,0.841245722116779,0.65436041543792,0.271169878614201
66.39,0,13.7330006987552,0.632796724914394,0.841188827424832,0.656669590118309,0.269605273723338
66.4,0,13.6978988260956,0.633869838626206,0.841613734498152,0.653454016824646,0.271705397330621
66.41,0,13.6635370712324,0.632017598557182,0.843237412889941,0.655411696865028,0.271096937836541
66.42,0,13.6299209043018,0.633019848598396,0.842569037544675,0.653991270041241,0.269027700146347
66.43,0,13.59705564207,0.635362659295229,0.841541352069454,0.655287985167113,0.271030909560477
66.44,0,13.5649464496831,0.631925391718692,0.840422022456054,0.654044696134504,0.271116713255438
66.45,0,13.5335983424365,0.634319925135217,0.839928885303148,0.655889467538846,0.269634141990166
66.46,0,13.5030161875599,0.633482238254262,0.839588204228796,0.65292384943831,0.270563144217059
66.47,0,13.473204706015,0.63338037446924,0.839936105270922,0.657803611818206,0.269406598332829
66.48,0,13.4441684743016,0.632683412905359,0.842126624524276,0.654296249833732,0.268180039957336
66.49,0,13.4159119262681,0.636839883387231,0.840211303238761,0.654265403492792,0.269717512995796
66.5,0,13.3884393549236,0.636243360209876,0.840726420508828,0.657065809071613,0.269679984226459
66.51,0,13.3617549142473,0.63774327294965,0.84014308579084,0.655369420367935,0.271059044449009
66.52,0,13.3358626209924,0.636734789686697,0.839968151980113,0.654742971833451,0.270114521146738
66.53,0,13.3107663564808,0.63821697060189,0.838954133100738,0.657598190717575,0.271360286544181
66.54,0,13.286469868385,0.637695581970274,0.838671756287353,0.659188307859977,0.273959665362099
66.55,0,13.262976772495,0.636531542275206,0.837418364894535,0.65483077149899,0.27161661657807
66.56,0,13.2402905544656,0.638323247584961,0.837827437098585,0.654416707993154,0.272122034037773
66.57,0,13.218414571543,0.639317539164358,0.83831034189161,0.656377517489142,0.2701396799786
66.58,0,13.1973520542652,0.640565085655456,0.838769360514752,0.656560276753568,0.269149160360364
66.59,0,13.1771061081366,0.639831630254704,0.837429517136557,0.654765950300155,0.268696531906209
66.6,0,13.1576797152707,0.63985366323381,0.836198802295354,0.658535264100388,0.272775696693925
66.61,0,13.1390757360007,0.638936390140948,0.837820310691738,0.655296492884684,0.268209179370324
66.62,0,13.1212969104542,0.641284239849672,0.838687367628946,0.659852615626867,0.270400913479293
66.63,0,13.1043458600906,0.638932750821943,0.840204788324961,0.65831743148097,0.26766700152243
66.64,0,13.0882250891971,0.639247550069444,0.839529302015613,0.657939307090355,0.269146015991586
66.65,0,13.0729369863428,0.641526590740015,0.838339240631165,0.657476740687298,0.269336853450935
66.66,0,13.0584838257884,0.639940557421621,0.839007699125902,0.655827445530006,0.269124623009545
66.67,0,13.044867768848,0.639155920073263,0.835585456873783,0.656823183731927,0.271255490350528
66.68,0,13.0320908652034,0.643459150718973,0.837958233450547,0.658395828501851,0.27114657572591
66.69,0,13.0201550541672,0.642492243915009,0.839776230113906,0.655332771276034,0.268492593666495
66.7,0,13.0090621658938,0.641458363261888,0.835837216414887,0.655608573999035,0.272063877662785
66.71,0,12.9988139225365,0.641611107265563,0.839096547402607,0.656762956342806,0.268549871791275
66.72,0,12.9894119393493,0.638692032387625,0.837978348708961,0.659262035444442,0.269645998515299
66.73,0,12.9808577257321,0.640439344654448,0.83864104991026,0.656990646556582,0.271222674285335
66.74,0,12.9731526862172,0.641878790730126,0.834227485972253,0.655496800498335,0.269148288397201
66.75,0,12.9662981213972,0.641016593934385,0.837329113728131,0.65721985235713,0.271266374714702
66.76,0,12.9602952287926,0.639683922307266,0.837341698945496,0.655253792673999,0.270762037491436
66.77,0,12.9551451036578,0.639637818799257,0.836817956157699,0.65692812242316,0.270117391033252
66.78,0,12.9507996301474,0.641321940035985,0.833166878473217,0.657168217452423,0.271705223518624
66.79,0,12.9467359269055,0.643964680002271,0.83363022125412,0.655788777556866,0.271896653910863
66.8,0,12.9428288262418,0.641920059817674,0.83532673406734,0.656167949373414,0.269945665579585
66.81,0,12.9390784919107,0.641527336493502,0.835297225043389,0.654093738552791,0.273036230144713
66.82,0,12.935485039422,0.642074246918716,0.837682864589669,0.656175771804447,0.268742411172738
66.83,0,12.9320485360253,0.638799075973447,0.833589841242805,0.657551778666277,0.269731243181107
66.84,0,12.9287690007197,0.640002333705794,0.834746441513292,0.659503437376206,0.272107801386982
66.85,0,12.925646404288,0.641548101211946,0.834927443453965,0.656876031294723,0.271273044136012
66.86,0,12.9226806693565,0.641039362906788,0.833476000066751,0.659349942985349,0.273614877535629
66.87,0,12.9198716704796,0.641668373477117,0.835263051240441,0.656075709971457,0.269256887884055
66.88,0,12.917219234249,0.640783684988044,0.83283807204784,0.65840715800817,0.268476672077158
66.89,0,12.9147231394283,0.642702113485744,0.834961705354082,0.660632130455153,0.26848737506163
66.9,0,12.9123831171124,0.640208784941127,0.833376419478161,0.656881559363124,0.269901846489375
66.91,0,12.9101988509111,0.640361354973501,0.834637722641902,0.656612173332661,0.268040023038591
66.92,0,12.9081699771576,0.641818360308223,0.83583741319899,0.656779407484799,0.26840932261304
66.93,0,12.9062960851418,0.639387257228043,0.833951991437188,0.658316515573886,0.26934433971424
66.94,0,12.9045767173672,0.641527017189131,0.833813703830346,0.659360155839688,0.269779227183244
66.95,0,12.9030113698319,0.638014094924377,0.831835028143223,0.656366510763529,0.271488462604759
66.96,0,12.9015994923341,0.641467554077688,0.832797717072755,0.655996722936711,0.271389570801755
66.97,0,12.9003404888006,0.641821260608169,0.831334056328335,0.657910673287896,0.271641359177508
66.98,0,12.8992337176389,0.641346833100432,0.834741190612008,0.656812583010378,0.270160092107877
66.99,0,12.9473494410658,0.638006503899619,0.835159368489822,0.655160737067451,0.270544273438133
67,0,12.9905429282819,0.639128257085805,0.833168056599132,0.657939772155727,0.270278765988682
67.01,0,13.0139374707716,0.639397652935402,0.833417789904807,0.653461894336424,0.272497190806321
67.02,0,13.0321349857204,0.638207186822026,0.832713196193853,0.656280353794314,0.270519161728676
67.03,0,13.049636183059,0.638429940085225,0.833452205378377,0.654893086507495,0.271529903849991
67.04,0,13.067597643179,0.636026398989164,0.832568054616282,0.655418932411373,0.269127897380368
67.05,0,13.0863044947769,0.639561070251485,0.833833609503562,0.657840159848988,0.271465400940033
67.06,0,13.1058253606878,0.63746894307748,0.832666190410545,0.657097889608215,0.270363714857215
67.07,0,13.1261756019965,0.637508244553707,0.833560110534533,0.65446951099843,0.270421777891212
67.08,0,13.1473574447511,0.640774580809578,0.831876273067211,0.65900606969138,0.269621508047188
67.09,0,13.1693698140253,0.63601448868653,0.831714486164948,0.65442826501012,0.270083182958003
67.1,0,13.1922107428716,0.638294930003505,0.831725946873172,0.657518818666946,0.271063680252874
67.11,0,13.2158779620738,0.634778703749016,0.831471608304303,0.655390352164594,0.269823614104234
67.12,0,13.2403690439943,0.633838433490702,0.830630558465047,0.656554635806083,0.268699082700956
67.13,0,13.2656814370465,0.635746335072664,0.831919751828054,0.653614036156945,0.271729293365337
67.14,0,13.2918124733112,0.635563436343066,0.832258953731478,0.654866645294763,0.270498608476027
67.15,0,13.3187593695461,0.635826057154853,0.834479726772728,0.653148234393415,0.269392927236846
67.16,0,13.3465192265606,0.632617571354687,0.832890628657447,0.65685911076623,0.270193900031688
67.17,0,13.3750890281814,0.634641102314227,0.832794881801148,0.654066457811782,0.271436058630493
67.18,0,13.4044656401122,0.635103186326106,0.833521795139169,0.653580328472207,0.271727482661298
67.19,0,13.4346458087637,0.633402800400465,0.832965481198581,0.651697900870817,0.27011197976656
67.2,0,13.4656261600761,0.630288636979709,0.830298934388604,0.657645122291635,0.271231252045396
67.21,0,13.497403198342,0.632636700210549,0.834369003857579,0.654210285830328,0.269079967996229
67.22,0,13.5299733050333,0.632651926945188,0.830834059579096,0.655573175694915,0.270707585355781
67.23,0,13.563332737637,0.630280677275642,0.833140845387792,0.651865645913572,0.267524820901492
67.24,0,13.5974776285032,0.631948014346205,0.832706810070697,0.6573668018551,0.269095806283869
67.25,0,13.6324039837075,0.630453513058672,0.830750735138587,0.65102483145944,0.268190260321725
67.26,0,13.6681076819341,0.630971641419515,0.832483777725199,0.653910922772961,0.268500635382467
67.27,0,13.70458447338,0.629503679638214,0.834766753422487,0.652894746943734,0.267828498795402
67.28,0,13.7418299786875,0.627958535737532,0.829626031849139,0.655601202958624,0.271042266913873
67.29,0,13.7798396879049,0.627616209146574,0.831639847796604,0.654677686043477,0.271680009969241
67.3,0,13.8186089594833,0.625953365525124,0.832463507040361,0.654613906452226,0.272032577048843
67.31,0,13.8581330193091,0.628772716914596,0.833561356648961,0.656405966236621,0.270604280784784
67.32,0,13.8984069597796,0.627645902096935,0.830615614831489,0.650163402426699,0.270625534654543
67.33,0,13.9394257389228,0.625628472590884,0.832813091879296,0.652314388160964,0.269602011217738
67.34,0,13.981184179567,0.626141966741077,0.832764610310845,0.654171957742977,0.268820614128885
67.35,0,14.0236769685633,0.625769522994836,0.831699119767639,0.654787200040915,0.268486205355411
67.36,0,14.0668986560648,0.625169737500332,0.831694386613442,0.652905476129689,0.267673153243916
67.37,0,14.1108436548661,0.622511546798285,0.828643800551078,0.651426128292939,0.270777250727822
67.38,0,14.155506239808,0.622186785726073,0.831138890928058,0.65102676440876,0.269154033369996
67.39,0,14.2008805472497,0.620284637255914,0.833619691084351,0.652703919980671,0.271572588255096
67.4,0,14.2469605746136,0.621500571341679,0.831325604261162,0.651957850547465,0.26928885789238
67.41,0,14.2937401800055,0.619449700220657,0.830417451359087,0.650775335688687,0.268776292831239
67.42,0,14.3412130819146,0.620425826638992,0.829678375659074,0.648159307799507,0.268578534876062
67.43,0,14.3893728589964,0.621471596778746,0.833002167922843,0.650462854187455,0.26892414323229
67.44,0,14.4382129499426,0.618421986890925,0.834549931836122,0.650898308207188,0.272284492226368
67.45,0,14.487726653442,0.621452814199109,0.830148046332475,0.648995559476628,0.269609017688074
67.46,0,14.5379071282341,0.617421972046904,0.831231506495314,0.652241466597917,0.274417087916618
67.47,0,14.5887473932616,0.616961418545431,0.83033150982585,0.650535144566828,0.269684049676992
67.48,0,14.6402403279229,0.619427256424151,0.829565851680597,0.65145373890106,0.269743577379575
67.49,0,14.6923786724295,0.616258696154078,0.829891752049536,0.651426792729105,0.269316305503836
67.5,0,14.7451550282704,0.617080023714558,0.828993020292945,0.649701840838636,0.270498763225055
67.51,0,14.7985618587872,0.611857488711133,0.834825413788357,0.650014129887669,0.27093975073021
67.52,0,14.8525914898639,0.614841180521594,0.829754345420325,0.651366675610644,0.272685648177006
67.53,0,14.9072361107328,0.614303491374128,0.831130088552898,0.649967571497082,0.268320605760741
67.54,0,14.9624877748998,0.614185148863649,0.831548525797675,0.650275678010429,0.269884300236379
67.55,0,15.0183384011935,0.6142046107438,0.832929391796808,0.650634840759682,0.269886816676018
67.56,0,15.0747797749382,0.610387627723563,0.8301620755812,0.648578106753796,0.270280244025611
67.57,0,15.1318035492557,0.611667154253977,0.831919962498471,0.649960213099783,0.271242029139125
67.58,0,15.1894012464969,0.608805244232653,0.831117481583264,0.649933499939024,0.269701014458361
67.59,0,15.2475642598056,0.609875402543152,0.833363274887838,0.647457517746455,0.271730353680658
67.6,0,15.3062838548182,0.611144512228898,0.830791167477475,0.648210867303388,0.267537926687099
67.61,0,15.3655511714985,0.61055717945956,0.832371010390265,0.651112507810905,0.269010972183792
67.62,0,15.4253572261129,0.607789441316701,0.832972151335076,0.645903329047066,0.270702394742207
67.63,0,15.4856929133446,0.605152246551885,0.829305021344604,0.647680768352487,0.271398312432519
67.64,0,15.5465490085505,0.606576111463707,0.829586784580724,0.648431365106486,0.270842342702105
67.65,0,15.6079161701612,0.604186977000043,0.834335958444465,0.647145394064668,0.26839249405832
67.66,0,15.6697849422257,0.606627423630814,0.833489584723956,0.651388500393496,0.268916629963905
67.67,0,15.732145757102,0.605140419803674,0.831954558391682,0.650421583385529,0.267029035683466
67.68,0,15.7949889382936,0.605984784115783,0.832734241365168,0.648576664038658,0.270660334524142
67.69,0,15.8583047034345,0.601013306246868,0.831988139744749,0.647383993252472,0.269438254671437
67.7,0,15.9220831674206,0.603051607501385,0.831640722094192,0.648983704884919,0.271624524699199
67.71,0,15.9863143456904,0.602903237189547,0.83217687482792,0.648460312582869,0.270330655209403
67.72,0,16.0509881576538,0.600211045582205,0.83234828007431,0.647114930317894,0.272510186272619
67.73,0,16.1160944302685,0.599850352386918,0.830005441185796,0.646554366491646,0.270413705483329
67.74,0,16.1821286671212,0.601323295685818,0.832958832137374,0.645339072693391,0.270129461458901
67.75,0,16.2495872474184,0.599904815227132,0.831561660586521,0.647450978089306,0.269689265536739
67.76,0,16.3178376437042,0.599854349457319,0.83233187943064,0.647056385555298,0.269092960155635
67.77,0,16.3866061594106,0.596679648492185,0.830446327328569,0.643671871651696,0.269354903753257
67.78,0,16.4558047728158,0.596447875152473,0.832571676949419,0.644437321427195,0.271651018348869
67.79,0,16.5254011654138,0.595718449755412,0.834628449157779,0.647060450180616,0.270108401279849
67.8,0,16.5953785163885,0.592635597469008,0.832696949057818,0.645050899594385,0.267987278978738
67.81,0,16.6657242231916,0.596689070044093,0.83015426846534,0.646082948818293,0.270282954668893
67.82,0,16.7364267978737,0.594161357619687,0.831943271208373,0.644467663242433,0.270446760132988
67.83,0,16.8074750188859,0.594061800832259,0.828743828462981,0.645905530600199,0.272059393967077
67.84,0,16.8788577022286,0.590404545662481,0.829965796996953,0.644704632283954,0.271878619477331
67.85,0,16.9505636426152,0.590614296068031,0.831108688223256,0.64823721261197,0.269770495097213
67.86,0,17.0225816013818,0.590415012266473,0.832036583053952,0.645270059123152,0.27124177030411
67.87,0,17.0949003073217,0.587303964330146,0.82960985836542,0.64560273000926,0.268478434369602
67.88,0,17.167508461166,0.589650646611567,0.830183624319095,0.646838303790654,0.269028094973848
67.89,0,17.2403947411577,0.589357946008136,0.832503748627828,0.644170555786829,0.269060774822308
67.9,0,17.3135478090183,0.590842761587926,0.834042968557231,0.647011705277951,0.26694036667774
67.91,0,17.38695631611,0.58556757857593,0.834492009303104,0.642203466458251,0.270488229543758
67.92,0,17.4606089097373,0.584533576075828,0.832483245492943,0.645962987709898,0.270069488898364
67.93,0,17.5344942395691,0.584719061909799,0.83175651828315,0.643934849113626,0.269891455280728
67.94,0,17.608600964173,0.58745084455365,0.832478211320291,0.644905420893831,0.269002347825802
67.95,0,17.6829177576556,0.581142258850003,0.833812700526236,0.645217280317624,0.27184013656032
67.96,0,17.7574333164046,0.58194254530009,0.833645226076691,0.644323747054546,0.269949397389925
67.97,0,17.832136365926,0.581560999852292,0.83504661830748,0.64479204154658,0.2710610541193
67.98,0,17.9070156677733,0.580651390817375,0.834065798165063,0.6450357578274,0.270371583050577
67.99,0,17.9820600265615,0.580863176865071,0.831928926726755,0.643001152046092,0.269478730022155
68,0,18.0572582970609,0.582908611168822,0.834738316875886,0.645572742329279,0.268768836261534
68.01,0,18.1325993913653,0.582461445579453,0.835448086225276,0.643455705360177,0.271416306954465
68.02,0,18.2080722861285,0.580510663970523,0.832189447595027,0.645840555152899,0.270292869927349
68.03,0,18.283666029863,0.57805846585227,0.832616827826439,0.643325276194718,0.271070275191549
68.04,0,18.359369750295,0.576167122661458,0.831499163932683,0.644538788068222,0.269010514857101
68.05,0,18.4351726617689,0.57703235299497,0.8342358384129,0.641259858367989,0.27174211977137
68.06,0,18.511064072695,0.576991460470931,0.834409205824638,0.6414262088952,0.271527163058172
68.07,0,18.5870333930348,0.57538324737229,0.835312062862245,0.643647506496902,0.272844555440293
68.08,0,18.6630701418159,0.572661278210543,0.834495070064659,0.644372783905075,0.27125062703441
68.09,0,18.7391639546706,0.57206703755168,0.832521899730297,0.64397456172054,0.270140741811272
68.1,0,18.815304591391,0.572663444743802,0.831179979355589,0.643700656849433,0.2695011831462
68.11,0,18.8914819434942,0.572360035788716,0.833351102174415,0.642802095694596,0.267780705928112
68.12,0,18.9676860417899,0.569847127864293,0.83724893152027,0.642362532837206,0.267293253517687
68.13,0,19.0439070639444,0.57319680212701,0.835481943986036,0.645563778560217,0.271968079075529
68.14,0,19.1201353420326,0.569792746336496,0.835362423456089,0.641729963417525,0.271404753969801
68.15,0,19.1963613700722,0.570081277630755,0.835397618644078,0.642261508929738,0.26815378502967
68.16,0,19.2725758115327,0.569982182134952,0.834305089180137,0.643656611919496,0.271430325046773
68.17,0,19.348769506811,0.568999402597769,0.833052986825158,0.642403723900023,0.268625547215535
68.18,0,19.4249334806682,0.567123209534268,0.834466540651827,0.640930760152554,0.2689361923129
68.19,0,19.5010589496191,0.564003479702838,0.832946129430775,0.643040989862096,0.270483589238207
68.2,0,19.5771373292681,0.563865139429069,0.835466511571928,0.641914300847234,0.270619385314568
68.21,0,19.6531602415843,0.564519851907564,0.835470933265532,0.645375032912714,0.270108863974013
68.22,0,19.7291195221083,0.562913080551541,0.833659901809619,0.641045531170968,0.271185364717693
68.23,0,19.8050072270845,0.565100407836656,0.833638525068807,0.644652389914137,0.270064568805883
68.24,0,19.8808156405121,0.562209749303645,0.837430507816888,0.644193308481196,0.273453013088458
68.25,0,19.9565372811062,0.562040470134814,0.837590419921851,0.642170548464262,0.268440363081899
68.26,0,20.0321649091655,0.561917842646235,0.836497307064078,0.64434199381563,0.268630927269217
68.27,0,20.1076915333367,0.563816476013063,0.838438619477284,0.645492709353184,0.273378835137373
68.28,0,20.1831104172717,0.562496251752452,0.835743017768861,0.640082895869519,0.270540641104641
68.29,0,20.2584150861692,0.560765791596519,0.840534643697922,0.642700181445769,0.273142411013849
68.3,0,20.3335993331959,0.557689183299882,0.837824684251731,0.64220476629499,0.270193222993625
68.31,0,20.4086572257807,0.556307143937927,0.83616804459716,0.640100155054513,0.268794652096397
68.32,0,20.4835831117761,0.558850371420657,0.836596406402515,0.643003780290217,0.271217915675917
68.33,0,20.5583716254799,0.558029183933222,0.836427021145279,0.644201139176197,0.268554610315811
68.34,0,20.6330176935138,0.555208673348985,0.836803773231271,0.643905186590818,0.269276742023066
68.35,0,20.7075165405514,0.55462649362457,0.838131908250408,0.642409748337754,0.269920738572172
68.36,0,20.7818636948915,0.553524059232012,0.838442368083189,0.642497537564842,0.268568425225135
68.37,0,20.8560549938713,0.555184442962403,0.83686860722609,0.641687855545384,0.269449694730258
68.38,0,20.9300865891143,0.554261517433001,0.835301177464324,0.641281567726688,0.269200320973249
68.39,0,21.0039549516094,0.551235548499452,0.837972933601063,0.643822014109525,0.268957498554593
68.4,0,21.0776568766151,0.55128780041829,0.836936414075234,0.644373495435073,0.269789485691017
68.41,0,21.1511894883863,0.551522002913745,0.839965817097133,0.643337979072658,0.27030210004684
68.42,0,21.2245502447185,0.549941436216699,0.836829022618331,0.641476707426063,0.26758987389263
68.43,0,21.2977369413062,0.551664362093945,0.839638082179168,0.64366201263818,0.268790475717098
68.44,0,21.3707477159122,0.54865956239292,0.840067718180787,0.642028646188055,0.272112068780523
68.45,0,21.4435810523442,0.549847230783819,0.83910012009725,0.643626033158353,0.265453592493292
68.46,0,21.5162357842357,0.54949663195787,0.840631569565224,0.642843828876012,0.270460419777659
68.47,0,21.5887110986285,0.548460496124357,0.83891582444439,0.642201549842347,0.272330152751323
68.48,0,21.6610065393552,0.547115696508905,0.838412132924576,0.644172981187225,0.269130887193941
68.49,0,21.7331220102175,0.545082091524793,0.83926714712697,0.642327721755814,0.269097570097393
68.5,0,21.8050577779606,0.546281733893123,0.837600202908389,0.643482509112681,0.270025049282058
68.51,0,21.8768144750401,0.545265687446439,0.839554386086287,0.644913845370419,0.269703268742532
68.52,0,21.9483931021821,0.543774821812334,0.840679959583241,0.644086110046991,0.271272281448235
68.53,0,22.0197950307325,0.543674409178442,0.839154306459673,0.642555566693718,0.270049803961475
68.54,0,22.0910220047972,0.544034572153497,0.840795709958355,0.642988857594624,0.269833788465579
68.55,0,22.1620761431714,0.543803549906003,0.83975866688308,0.643606259110378,0.269265868598318
68.56,0,22.2329599410576,0.540390455104739,0.840301509485114,0.645309184015082,0.270643554901736
68.57,0,22.3036762715726,0.539356938160979,0.840029059961748,0.643775918382031,0.269425833192572
68.58,0,22.3742283870431,0.541317546515142,0.839351676488093,0.642796519504922,0.26978143327421
68.59,0,22.4446199200911,0.539229637855315,0.841931881390917,0.6424487098784,0.269027414227561
68.6,0,22.5148548845087,0.540666200310116,0.841873320454006,0.643505963316392,0.269485551626632
68.61,0,22.5849376759247,0.539711103335367,0.840772362445612,0.644903784751698,0.269385564811295
68.62,0,22.6548730722625,0.53729771588051,0.840930932923094,0.645305901888511,0.267795630521418
68.63,0,22.7246662339918,0.537593769407296,0.843065853315509,0.642852896426479,0.273515656755003
68.64,0,22.7943227041754,0.538872959256142,0.841910643546894,0.645576724660228,0.272091908333892
68.65,0,22.8638484083133,0.534156949478744,0.841452541905664,0.646037911919083,0.270897445679884
68.66,0,22.9332496539857,0.535480487918262,0.843306418479643,0.64340984370081,0.270198436505723
68.67,0,23.0025331302972,0.538531126078276,0.841043990684069,0.6441180430145,0.268192918638158
68.68,0,23.0717059071256,0.534184506677459,0.843943036233462,0.644489288769467,0.269421179278953
68.69,0,23.1407754341766,0.533488872895941,0.84273933084784,0.645914649778509,0.270889330685394
68.7,0,23.2097495398491,0.534174786860616,0.841991088220553,0.644988929441112,0.268376558624814
68.71,0,23.2786364299128,0.534450845332395,0.842550707812668,0.643734411547256,0.268499734935267
68.72,0,23.3474446860014,0.531314398662026,0.843467543950835,0.641959586479291,0.26852596106965
68.73,0,23.4161832639269,0.5331402830567,0.843584254737877,0.647365047836906,0.269787551908905
68.74,0,23.4848614918155,0.530145936438618,0.84294089049734,0.645474234986239,0.268213277167299
68.75,0,23.5534890680713,0.532251545801738,0.844873791482317,0.643325123979832,0.272463871971939
68.76,0,23.6220760591715,0.530995416948201,0.843623382732867,0.644090970316332,0.270779985877438
68.77,0,23.690632897296,0.530822740685427,0.843683224944098,0.644198366591863,0.268669792100225
68.78,0,23.7591703777966,0.530821848493085,0.846400808016043,0.644640311174096,0.270865193811566
68.79,0,23.8276996565099,0.529364268247252,0.845052082101997,0.645808758416741,0.269655060148263
68.8,0,23.8962322469186,0.528844535347248,0.845709272224647,0.647113174272138,0.271707672249727
68.81,0,23.9647800171648,0.528635274056045,0.846800401304503,0.643815369515379,0.270074307102707
68.82,0,24.033355186922,0.530226612089408,0.846763128100642,0.643550113093781,0.27133840310414
68.83,0,24.1019703241276,0.527759700328087,0.845095837503156,0.648378343611577,0.270417254314055
68.84,0,24.1706383415834,0.52544697797638,0.845074740426949,0.645946560813048,0.268026072814627
68.85,0,24.2393724934273,0.526100314944482,0.846804143373639,0.647793247641909,0.271511181513715
68.86,0,24.3081863714818,0.528467720849257,0.847179587429271,0.646079984145118,0.269663709697136
68.87,0,24.3770939014844,0.52446402326791,0.844756619115365,0.644701919454492,0.270436058674208
68.88,0,24.4461093392034,0.526229277367989,0.847276224042282,0.647082679759097,0.270208566842835
68.89,0,24.5152472664464,0.523612751221511,0.847099708621679,0.646491339092986,0.268999494588604
68.9,0,24.5845225869648,0.524983077999634,0.846436727903733,0.647121395253809,0.270577919305356
68.91,0,24.6539505222596,0.524324488002892,0.847181664319757,0.647256902698418,0.269133002171343
68.92,0,24.7235466072937,0.522077649071801,0.843265687137037,0.649480288875497,0.269584211143561
68.93,0,24.7933266861158,0.523177128290795,0.847443445204966,0.646516691159483,0.270787657271553
68.94,0,24.8633069074,0.521010297187704,0.847826769350213,0.646498427385458,0.268812667890197
68.95,0,24.9335037199071,0.522093173492547,0.846538324202994,0.648768584702308,0.271795861012629
68.96,0,25.0039338678715,0.519425017040217,0.849699455565084,0.644147198784688,0.26951619643346
68.97,0,25.0746143863186,0.520968038579764,0.847679037263913,0.647923314774078,0.269475252537397
68.98,0,25.1455625963181,0.519839461019579,0.850329695869551,0.649230482685391,0.269767621641885
68.99,0,25.2167961001763,0.518129060815997,0.848318709147329,0.650332874873579,0.270980189157294
69,0,25.2883327765738,0.519538780715733,0.849471037428934,0.652567013672605,0.269890849990677
69.01,0,25.3601907756513,0.517811152214553,0.847400641239652,0.64638013893218,0.26785540362489
69.02,0,25.4323885140486,0.51598745912438,0.85110762773065,0.645121651610506,0.270082892013946
69.03,0,25.5049446699013,0.517131055078444,0.848517553231518,0.647612096062764,0.268059542391761
69.04,0,25.577878177798,0.518924981087677,0.850444711858665,0.649330302834898,0.269859129969258
69.05,0,25.6512082237039,0.51232823964106,0.85277423276489,0.650861344298486,0.269279824495662
69.06,0,25.7249542398523,0.515634660460516,0.849402147916013,0.650428514796043,0.270578265346832
69.07,0,25.7991358996094,0.517880293223335,0.85340580852094,0.649083249511607,0.270592771286304
69.08,0,25.8737731123149,0.515687274362002,0.850806709298655,0.647659521198561,0.269173108289839
69.09,0,25.9488860181027,0.514568162516324,0.852239235929912,0.648036302729833,0.27322947402844
69.1,0,26.0244949827037,0.512246653545054,0.850687705591839,0.648081702613608,0.270971081469438
69.11,0,26.100620592234,0.515194409769147,0.850426795713866,0.6501266636372,0.27155382098254
69.12,0,26.1772836479728,0.514597056730213,0.852229636099674,0.648548926003238,0.271480673819786
69.13,0,26.2545051611303,0.510381593402166,0.854108927104355,0.648997665081274,0.271503357540992
69.14,0,26.3323063476094,0.512347599351184,0.851965204720754,0.648203040237264,0.27106398578019
69.15,0,26.4107086227642,0.511004916844502,0.852201398188781,0.651567162032845,0.270392854902764
69.16,0,26.489733596155,0.511765259493076,0.852136518122361,0.650133252394149,0.272157804712991
69.17,0,26.569403066305,0.512367023902316,0.852160634942047,0.652437768012677,0.269108773422936
69.18,0,26.6497390154567,0.510380629251565,0.853603152714217,0.649687350678536,0.269046602241737
69.19,0,26.7307636043333,0.510194677641293,0.855776347201463,0.65051563349008,0.271945286069168
69.2,0,26.8124991669028,0.510053226488662,0.852098755599078,0.652259893270921,0.27088267867203
69.21,0,26.8949682051491,0.508411480622102,0.854697628272222,0.651137914930453,0.269283969754922
69.22,0,26.9781933838483,0.506543771085016,0.854426488047294,0.651305354635579,0.267792717701114
69.23,0,27.0621975253533,0.507512472677261,0.852398106866157,0.65172984595916,0.272351033651313
69.24,0,27.1470036043848,0.50490440600081,0.854165418151861,0.652463022780355,0.271058255778431
69.25,0,27.2326347428311,0.504306529031928,0.855121982008012,0.650920402801631,0.270030286804362
69.26,0,27.3191142045554,0.504580072633218,0.857182125208057,0.651715870218652,0.268484472619723
69.27,0,27.406465390211,0.504059478826084,0.856028371166157,0.651458750762925,0.269003377996349
69.28,0,27.4947118320642,0.503925629731239,0.858929558130871,0.650990426936188,0.272902110365749
69.29,0,27.5838771888236,0.50240040596944,0.856392685553657,0.651810766443363,0.268201443502269
69.3,0,27.6739852404762,0.500353399851801,0.857183977380584,0.652142474568944,0.269153840066462
69.31,0,27.7650598831283,0.502407973931709,0.855548339580751,0.654866073851226,0.270097265687287
69.32,0,27.8571251238506,0.500781668159445,0.858266641805754,0.653930790054875,0.270074146527148
69.33,0,27.950205075526,0.501806852591634,0.85653729977862,0.651661637774533,0.269202452662597
69.34,0,28.0440081238837,0.49975009528269,0.855669985172374,0.652824036643948,0.270480613456653
69.35,0,28.1373724061836,0.500561892393302,0.855508289031152,0.652790610675747,0.270811089808966
69.36,0,28.2310805786691,0.500870676102836,0.856542995462974,0.65222556048125,0.273008301472701
69.37,0,28.325655237534,0.498145878934627,0.86052207566649,0.652276236036268,0.269053143411828
69.38,0,28.4212700716975,0.496452379294211,0.855686552688555,0.653815886374338,0.270393493499853
69.39,0,28.5179899355157,0.499975074872259,0.861193419772751,0.652579632160976,0.271397717282
69.4,0,28.6158496471315,0.497541023200083,0.860489282552135,0.652662069500979,0.270089636434626
69.41,0,28.7148759516556,0.495064901014403,0.857725474910934,0.653881708676882,0.270198847317095
69.42,0,28.8150934566704,0.49695288594637,0.86078539442504,0.656362452095449,0.266875055757684
69.43,0,28.9165262236663,0.495188755129316,0.861726085070636,0.655362509030268,0.269922397336812
69.44,0,29.019198191453,0.494655716432565,0.859971542761113,0.654519451624087,0.267811808878148
69.45,0,29.1231332859452,0.493659992950548,0.858808120919886,0.652672289468473,0.27270124278303
69.46,0,29.2283554457244,0.49562558223878,0.860474982270418,0.655116290577628,0.269147842664353
69.47,0,29.3348886249555,0.491992380547961,0.859376588583095,0.656343905839712,0.267230282753277
69.48,0,29.4427567901946,0.490341280160677,0.86417853472483,0.656897782346989,0.268782292806706
69.49,0,29.5519839155235,0.492147302548146,0.861834914126334,0.656650095488391,0.271105259662302
69.5,0,29.6625939772037,0.488833808720866,0.862455223635378,0.653262465290676,0.267053034146095
69.51,0,29.774610948165,0.488311766203239,0.861873365679426,0.656197319875231,0.268218669787086
69.52,0,29.8880587924124,0.490313770835334,0.861753335766401,0.656750928877976,0.27163339883517
69.53,0,30.0029614593699,0.48698617830087,0.863424001631989,0.655412695876896,0.269245653028567
69.54,0,30.1193428781629,0.486147718035732,0.861711705417167,0.656734565182488,0.272139299210346
69.55,0,30.2372269518381,0.485362017407774,0.861352308531405,0.654045328269467,0.270896460263084
69.56,0,30.3566375515163,0.484649812029832,0.862553371235824,0.654176684988052,0.269576526654286
69.57,0,30.4775985104735,0.485354268789829,0.863392863063321,0.656799937237079,0.270841529692668
69.58,0,30.6001336181478,0.483155833797458,0.86211910764708,0.655788724229562,0.269344779886362
69.59,0,30.7242666140656,0.482418369239556,0.865585371934093,0.653466232402876,0.27246505562625
69.6,0,30.8500211816844,0.483443168941216,0.862762271990844,0.654694299272917,0.271295637469662
69.61,0,30.9774209421474,0.480685588244636,0.864041991670458,0.656844220548245,0.26985522807774
69.62,0,31.106489447945,0.479719943090846,0.863580609875689,0.654554210646563,0.270704625369267
69.63,0,31.2372501764799,0.481404359749741,0.865866721267279,0.655998744064627,0.270408392573375
69.64,0,31.3697265235303,0.480318861897878,0.866154652614466,0.656066365852696,0.27037991195431
69.65,0,31.5039417966073,0.47875033431234,0.865775069738148,0.653581350695174,0.269044438437903
69.66,0,31.639919208203,0.479118377266277,0.865194649582309,0.656692982821508,0.269174925521445
69.67,0,31.7776818689238,0.47613259660511,0.868985321503732,0.656873048130313,0.270177425122962
69.68,0,31.9172527805049,0.475156052308682,0.866159793161356,0.658165566060861,0.271167051748276
69.69,0,32.0586548287028,0.47601824359561,0.864568000101859,0.657343746571508,0.270473794743358
69.7,0,32.2019107760604,0.475513005341812,0.867676252446181,0.655776857815756,0.271785032838236
69.71,0,32.3470432545418,0.475313542525205,0.866456204307859,0.657341112329531,0.271143612517036
69.72,0,32.4940747580317,0.475061733697547,0.868192292153693,0.655401556250585,0.271154793639781
69.73,0,32.6430276346971,0.472827171382757,0.86733560327968,0.658461050519471,0.268076747420099
69.74,0,32.7939240792053,0.471465822084818,0.867138612961534,0.660639613683348,0.270602599716613
69.75,0,32.9467861247972,0.472217690980977,0.867570938229283,0.656324496808725,0.269027629690775
69.76,0,33.1016356352104,0.47381822793167,0.869524704379136,0.655793625430716,0.269550335096825
69.77,0,33.2584942964497,0.467011331698796,0.869462334064119,0.656507218977964,0.270311687226805
69.78,0,33.4173836084011,0.466770092102918,0.870338627105926,0.657673423615201,0.270416784023707
69.79,0,33.5783248762874,0.468667701232439,0.86956688667682,0.657478898768831,0.271466040873699
69.8,0,33.7413392019609,0.46655106334382,0.870393183685402,0.658631005340828,0.267202217141452
69.81,0,33.906447475032,0.465351783082757,0.870014240787206,0.659278956145672,0.270980363707315
69.82,0,34.0736703638303,0.467304763479594,0.870526458549044,0.656719866391182,0.266876804892332
69.83,0,34.2430283061959,0.463063220717885,0.87045062425579,0.655581833010937,0.269783658213643
69.84,0,34.4145415000992,0.462101144982204,0.871482624828001,0.654610185141536,0.270337520691709
69.85,0,34.5882298940866,0.460557112583613,0.868560324208871,0.654271708597803,0.266793344532888
69.86,0,34.7641131775521,0.460389746444431,0.871211352219174,0.658650831419675,0.269924494700241
69.87,0,34.9422107708304,0.459227409232702,0.87046814915443,0.654720889180631,0.269695971140584
69.88,0,35.1225418151138,0.458508314135865,0.870875583373621,0.655975125925663,0.268709745013511
69.89,0,35.3051251621888,0.456219675734165,0.872153879730317,0.657050765343587,0.269778809751917
69.9,0,35.4899793639947,0.45471636636322,0.872886687849714,0.654931741403367,0.269864151040988
69.91,0,35.6771226620009,0.457573049974537,0.871194229333279,0.657492096363521,0.269787858423352
69.92,0,35.8665729764056,0.456731211926323,0.87285185740055,0.656485089200786,0.270496427163205
69.93,0,36.058347895154,0.454688720415566,0.873818280478634,0.657808848241158,0.269660999355821
69.94,0,36.2524646627779,0.45313667107267,0.87416790797805,0.657046023895337,0.270972377994032
69.95,0,36.4489401690566,0.453981663125432,0.874193683805161,0.656598098447918,0.270670548577044
69.96,0,36.6477909375013,0.453277251133861,0.873636879885146,0.660083168794022,0.271012708490214
69.97,0,36.8490331136634,0.453225512751502,0.872933730706657,0.659583009064662,0.269202201769379
69.98,0,37.0526824532703,0.449325833711768,0.874600784102022,0.657356217811866,0.268930137589359
69.99,0,37.258754310188,0.448075543043726,0.875340391927567,0.656981068394847,0.268060619167269
70,0.85,37.4672636242173,0.448998545430552,0.876689418418605,0.657982529863716,0.267955171687641
70.01,0.85,37.6782249087224,0.447589569467768,0.875777279269652,0.655938369832889,0.270970090524244
70.02,0.85,37.891652238098,0.444895034009669,0.87486454527394,0.654260458892647,0.271097610580704
70.03,0.85,38.1075592350776,0.446190222085309,0.877990056993395,0.658691360232025,0.269111196494378
70.04,0.85,38.3259590578877,0.445605335296214,0.877552063231399,0.656644209752084,0.26788737981108
70.05,0.85,38.5468643872519,0.444094330305431,0.876265351719581,0.65427032827506,0.270955683052633
70.06,0.85,38.7702874132501,0.442106409902291,0.877238661587092,0.657702644493372,0.270750085497996
70.07,0.85,38.9962398220387,0.43999307397524,0.875300907383283,0.656438494160293,0.269212847259715
70.08,0.85,39.2247327824366,0.439867636310058,0.878762889371282,0.657549826736294,0.268993152199643
70.09,0.85,39.4557769323848,0.439275582977063,0.876674953049714,0.653153908881341,0.268804392645855
70.1,0.85,39.6893823652841,0.438808652590305,0.879347822582646,0.657062817111714,0.270013360778098
70.11,0.85,39.9255586162209,0.435654354433072,0.876127065864967,0.655996674262936,0.270790845787816
70.12,0.85,40.1643146480858,0.435405959709099,0.877771686761004,0.658422084428594,0.26999204648959
70.13,0.85,40.4056588375953,0.43692670375167,0.876470329894146,0.655827881843005,0.271032853501843
70.14,0.85,40.6495989612236,0.432206308757441,0.877662773433781,0.655914122198794,0.270553264942022
70.15,0.85,40.8961421810539,0.433241685966286,0.88142545838065,0.655121528676163,0.268293866714982
70.16,0.85,41.14529503056,0.431805940677483,0.879616316896052,0.657875972620866,0.273211360567713
70.17,0.85,41.397063400325,0.43463325702153,0.881353353369624,0.656727037152404,0.271754267079846
70.18,0.85,41.6514525237102,0.432964770465775,0.879642829194795,0.656462667319026,0.268471120423867
70.19,0.85,41.9084669624845,0.428837057631046,0.878789143796139,0.655799655206542,0.269516994414819
70.2,0.85,42.1681105924236,0.426655177736814,0.88317983514576,0.657397673041338,0.270497102581746
70.21,0.85,42.4303865888935,0.426032681505116,0.881613696114424,0.654979710392779,0.265900611543817
70.22,0.85,42.6952974124279,0.421693941405702,0.878269370087757,0.653597767219446,0.269248684097431
70.23,0.85,42.9628447943145,0.425945471145482,0.882682553314469,0.655942415105381,0.272312201462686
70.24,0.85,43.2330297222007,0.423150980211503,0.881193419601977,0.655490574789181,0.270721394231542
70.25,0.85,43.5058524257346,0.423038143936341,0.883612122607482,0.653044902660581,0.269825556221735
70.26,0.85,43.7813123622533,0.420000690021969,0.882145363632989,0.654805490143323,0.269889685549702
70.27,0.85,44.0594082025338,0.417329835301247,0.879767032147968,0.65353045367786,0.271721913621009
70.28,0.85,44.3401378166217,0.421793208402928,0.882644137118525,0.656223030567323,0.270941219713209
70.29,0.85,44.6234982597517,0.417249456711755,0.88443079519673,0.654838006141931,0.269617407204257
70.3,0.85,44.9094857583757,0.420177153831367,0.884986649515515,0.655912289628122,0.272031993283938
70.31,0.85,45.1980956963163,0.414860820811434,0.882032893905838,0.65721771228799,0.268732843732138
70.32,0.85,45.489322601059,0.413381726964286,0.882211372847827,0.657502492453602,0.266894445402011
70.33,0.85,45.7831601302024,0.409292142343455,0.884354891799542,0.651203873961129,0.273173081892936
70.34,0.85,46.0796010580826,0.412120781709841,0.883605273914422,0.655656659885126,0.268853931374129
70.35,0.85,46.3786372625888,0.40890709811335,0.881739475465876,0.654387542073756,0.268697567720935
70.36,0.85,46.6802597121884,0.408218159387866,0.883687703654942,0.653469879318798,0.27102995297842
70.37,0.85,46.9844584531798,0.410166236840436,0.88412411095616,0.652417868744962,0.270746204911175
70.38,0.85,47.2912225971912,0.408068617783389,0.886621349632444,0.655952070863787,0.269423457129545
70.39,0.85,47.6005403089431,0.407791603760601,0.88434201025742,0.650982924159552,0.270604819755612
70.4,0.85,47.9123987942952,0.403900067232445,0.88379662203547,0.651840740081908,0.271026709221108
70.41,0.85,48.2267842885956,0.404182839151446,0.887111933327334,0.652090179994624,0.270623174030232
70.42,0.85,48.5436820453522,0.402948155647571,0.887079800094623,0.652524360444114,0.271620489823164
70.43,0.85,48.8630763252446,0.404877553188273,0.886092384829072,0.651215960704678,0.270838847403518
70.44,0.85,49.1849503854997,0.402719761413394,0.886711498006674,0.653137391161543,0.268576136246894
70.45,0.85,49.5089010253973,0.398772763142154,0.8873311726342,0.652377135192064,0.270086184642464
70.46,0.85,49.8307621673986,0.397964076552043,0.889383646912403,0.652976188589914,0.27139819691526
70.47,0.85,50.1520721227334,0.395891007038762,0.88549037408547,0.654118048121569,0.269806268117309
70.48,0.85,50.4748196491251,0.398612289767363,0.888850788183071,0.655636767307396,0.27069876221046
70.49,0.85,50.7996008516051,0.396430349550496,0.887165126238055,0.652845787199129,0.272580332095962
70.5,0.85,51.0634614849064,0.39281363625904,0.889021476564562,0.651577724200496,0.269254729872874
70.51,0.85,51.2231451146209,0.395402737121468,0.8876399512066,0.653347049084521,0.2721419890815
70.52,0.85,51.3471380500529,0.393400855990642,0.88839939810293,0.65256377750183,0.267111949792863
70.53,0.85,51.461722193669,0.39185065788328,0.887952667846208,0.649887532757557,0.271150545155256
70.54,0.85,51.5741202575456,0.391998775286166,0.891293961063223,0.648700640551288,0.271181432690486
70.55,0.85,51.6861795130515,0.393548978986854,0.889528312189866,0.650607372460733,0.269843898831764
70.56,0.85,51.7983430096638,0.390178711912987,0.889464769460133,0.6516649538315,0.271181494117221
70.57,0.85,51.9106932113145,0.391924855431042,0.892249865677291,0.650560042019927,0.270611943063991
70.58,0.85,52.0232202493525,0.396123663755904,0.890465179252338,0.649976995998347,0.268922301518023
70.59,0.85,52.1358904618073,0.391482204366067,0.887705824673864,0.650787757681371,0.270946227603199
70.6,0.85,52.2486638704341,0.390920315020302,0.89023009166371,0.652230220474361,0.268798651170069
70.61,0.85,52.3614986378867,0.390976798550079,0.891299884950483,0.652438119745354,0.269765494827668
70.62,0.85,52.4743522107234,0.390422968972804,0.892571973866453,0.649123618440168,0.27384815018263
70.63,0.85,52.5871816202071,0.389159199400299,0.892314770801739,0.650744558483943,0.27000819395475
70.64,0.85,52.6999435696082,0.389441434422356,0.893475126798876,0.651022316760604,0.268592746799594
70.65,0.85,52.8125944676981,0.388921254519464,0.89038888706956,0.653281741656114,0.273662679513347
70.66,0.85,52.925090448942,0.386096165006349,0.892548553909188,0.651592089836611,0.269747786616452
70.67,0.85,53.0373873906459,0.389978030882584,0.894552313180796,0.649559097269724,0.270657562200614
70.68,0.85,53.1494409296525,0.390066628742052,0.894401842914174,0.65006171081339,0.267400134986998
70.69,0.85,53.2612064792363,0.38833864512088,0.89453626206579,0.650338554308713,0.269155460325069
70.7,0.85,53.3726392463565,0.391590675185056,0.894454612334237,0.647947115411797,0.272068064565009
70.71,0.85,53.4836942493047,0.386553197555701,0.892459327063477,0.649204276203928,0.269043654459165
70.72,0.85,53.5943263357499,0.390096174109734,0.895240189349951,0.647520486176545,0.270535746630541
70.73,0.85,53.7044902011762,0.388795114629862,0.893998328249866,0.648699971201111,0.269860568708438
70.74,0.85,53.8141404077047,0.389312311517763,0.895741556467909,0.646800607601527,0.270424243557113
70.75,0.85,53.9232314032912,0.385061998822278,0.894704720458908,0.649279544609025,0.268503388463266
70.76,0.85,54.0317175412906,0.384496786364087,0.894717431181973,0.649603500224552,0.269923682800545
70.77,0.85,54.1395531003765,0.385912335928176,0.896672946154823,0.649433931015795,0.271634147504052
70.78,0.85,54.2466923048058,0.386325372599454,0.894643266886835,0.64945875688346,0.270161052927478
70.79,0.85,54.3530893450162,0.386608942844383,0.898047928079701,0.649185114277343,0.272998846217382
70.8,0.85,54.4586983985442,0.386304451246108,0.896886847175081,0.64872923013823,0.268643264300428
70.81,0.85,54.5634736512513,0.385529681524723,0.89664664136044,0.646263302752531,0.271170712475588
70.82,0.85,54.6673693188441,0.384746069112393,0.897179618514724,0.649532310145248,0.270816927932373
70.83,0.85,54.770339668674,0.3869788574232,0.895845787508419,0.64726854737672,0.269556512641608
70.84,0.85,54.8723390418018,0.386412482342547,0.896832194421015,0.647509136231265,0.270839393167161
70.85,0.85,54.9733218753125,0.38399720542939,0.896628489921043,0.650431090660016,0.271098450177166
70.86,0.85,55.0732427248631,0.383399140064266,0.900011055428425,0.647491755343809,0.271478642511966
70.87,0.85,55.1720562874471,0.386213254077982,0.899574913955285,0.645014046950713,0.270735213584448
70.88,0.85,55.2697174243586,0.384811459147913,0.898525455050793,0.646203729883918,0.270169544301829
70.89,0.85,55.3661811843393,0.385932967067004,0.900013838514659,0.647044468509216,0.269650221984259
70.9,0.85,55.4614028268873,0.384833479577045,0.897692908570502,0.648931266822091,0.269559186551878
70.91,0.85,55.5553378457125,0.381332749281009,0.898412332148757,0.64712376387803,0.268627652990648
70.92,0.85,55.6479419923168,0.383576392744828,0.898204362372112,0.648399536747105,0.271688966171987
70.93,0.85,55.7391712996796,0.381717025807953,0.898804354542037,0.649847811600573,0.270119398983933
70.94,0.85,55.8289821060302,0.381808797905021,0.90123585996641,0.645844578725744,0.270694881247696
70.95,0.85,55.9173310786843,0.382054643140381,0.897475728745414,0.646592750198919,0.269976830559859
70.96,0.85,56.004175237925,0.38225017271079,0.898886418899213,0.644962448501578,0.272414618597368
70.97,0.85,56.0894719809059,0.379965037841022,0.902169614143432,0.646746733639155,0.273322676850592
70.98,0.85,56.1731791055558,0.383617167537418,0.899358522030887,0.647921187377262,0.271146535271213
70.99,0.85,56.2552548344621,0.380942645182142,0.899620842789049,0.642374233833463,0.268336862066837
71,0.85,56.3356578387107,0.382331510359937,0.899756114553265,0.644708507570231,0.26983491673186
71.01,0.85,56.4143472616595,0.381408546800458,0.900860838789036,0.645733900434027,0.270871568421258
71.02,0.85,56.491282742624,0.381918988286962,0.900558378610613,0.643815434400005,0.271087735244689
71.03,0.85,56.5664244404503,0.382245572948591,0.90190534588714,0.645665868010484,0.271522588056887
71.04,0.85,56.639733056953,0.38401603413292,0.902705485118302,0.644359926583695,0.268481399269546
71.05,0.85,56.7111698601954,0.382031413955503,0.902138291837634,0.646090181101799,0.270233484995128
71.06,0.85,56.7806967075875,0.384495956133525,0.901080314936734,0.647161080598927,0.269584597240834
71.07,0.85,56.8482760687788,0.381912742318946,0.902269610451574,0.645014072364999,0.26910502804334
71.08,0.85,56.9138710483224,0.379069483688464,0.902141175034914,0.643863400633063,0.269378484432701
71.09,0.85,56.9774454080867,0.382668154284475,0.902366279951599,0.646327748216527,0.269061082254353
71.1,0.85,57.0389635893916,0.381726294852786,0.900634842572407,0.644797620863561,0.268317447032255
71.11,0.85,57.0983907348454,0.382386925597639,0.90415478047138,0.645147217664308,0.270069391951935
71.12,0.85,57.1556927098595,0.379971205240476,0.903200007028936,0.644643281971046,0.269333917374087
71.13,0.85,57.2108361238172,0.378579029350984,0.907161794967757,0.643164735424704,0.270617641702447
71.14,0.85,57.263788350874,0.382395749977601,0.904932590916628,0.644893115183412,0.267478326392862
71.15,0.85,57.3145175503672,0.382067153733524,0.901733474520264,0.644163566992236,0.270188405667031
71.16,0.85,57.3629926868107,0.378847190788352,0.903825078915515,0.644319039126564,0.267509280075569
71.17,0.85,57.4091835494551,0.382355701653192,0.903949021959283,0.644040248567484,0.269392459783219
71.18,0.85,57.4530607713888,0.377512200255306,0.905126691872794,0.641870757474215,0.269023317422044
71.19,0.85,57.4945958481608,0.380508593711444,0.903551941522339,0.641595906882589,0.268116540746765
71.2,0.85,57.5337611559019,0.380079462443242,0.902864151954252,0.643680005173171,0.268726819495737
71.21,0.85,57.5705299689258,0.381413107036858,0.905935132129981,0.648069947879092,0.270544820857493
71.22,0.85,57.6048764767883,0.383575643286632,0.903628084838792,0.645381728306163,0.268651022578597
71.23,0.85,57.6367758007855,0.378305690208305,0.904288049985004,0.644474336517063,0.269717441393761
71.24,0.85,57.6662040098719,0.376315340380018,0.907786092337016,0.644024976886445,0.269178929326538
71.25,0.85,57.6944007908575,0.379755502612551,0.907269175399449,0.643726831771964,0.271444626856489
71.26,0.85,57.7221713027672,0.379858610464736,0.906913220332099,0.642318964391404,0.269555039967073
71.27,0.85,57.7495127399174,0.378391707087713,0.908438709135984,0.645437897169389,0.269641702459923
71.28,0.85,57.7764224099435,0.380340840350192,0.907192194978292,0.64118903334027,0.27176565316506
71.29,0.85,57.8028977343506,0.380691035253,0.907377270350537,0.644665376018423,0.270737579304067
71.3,0.85,57.8289362490282,0.380886937065933,0.904999749447306,0.644283409729371,0.267911405296648
71.31,0.85,57.8545356047307,0.379654770131909,0.907378969861021,0.644958554493137,0.270251116084315
71.32,0.85,57.8796935675211,0.3808822068906,0.906664247313323,0.644781149974384,0.27082131196409
71.33,0.85,57.9044080191798,0.380141526182319,0.9072603168824,0.643429984775512,0.270618150388676
71.34,0.85,57.9286769575785,0.382285005237994,0.908376704296214,0.644001359770287,0.270765484148628
71.35,0.85,57.9524984970177,0.380196632498311,0.908887162956425,0.643760299199485,0.27009151210863
71.36,0.85,57.9758708685295,0.382853133021169,0.908110375153494,0.642240058321313,0.271919150683039
71.37,0.85,57.998792420145,0.381008693136189,0.908669652297272,0.645152791469496,0.271268838793977
71.38,0.85,58.0212616171257,0.380520542450469,0.909726932396071,0.644281974239205,0.269634974181076
71.39,0.85,58.0432770421603,0.380663894572412,0.907817571698783,0.641866708872043,0.270418135223496
71.4,0.85,58.064837395526,0.381506810389637,0.909540745067431,0.643846011462326,0.268449030757918
71.41,0.85,58.0859414952143,0.379664679997877,0.906581951757194,0.642180695749821,0.268921612920384
71.42,0.85,58.1065882770216,0.379955310504512,0.911039290693429,0.641579110798013,0.27071907326394
71.43,0.85,58.126776794605,0.376966466154723,0.908779741620836,0.64206972400464,0.271793430233869
71.44,0.85,58.1465062195027,0.383396673665201,0.91039662408933,0.642494890718308,0.268308378795791
71.45,0.85,58.1657758411189,0.379095492336038,0.908182949421444,0.642191248255035,0.271752529341392
71.46,0.85,58.1845850666744,0.381854114829877,0.907078965588456,0.643338714977735,0.270594771585174
71.47,0.85,58.2029334211219,0.382148819179399,0.90974017754774,0.642711616376124,0.269271306756501
71.48,0.85,58.111900175393,0.381503539283852,0.90823078410902,0.64375097310251,0.269628891083943
71.49,0.85,57.9184513655432,0.381136622065652,0.907967822414932,0.644874506089866,0.271385811130736
71.5,0.85,57.832793223364,0.381808416003989,0.910236218627635,0.643886282315145,0.269963868315172
71.51,0.85,57.7790109606976,0.382705581227823,0.911708475553922,0.640177343630402,0.269557675826532
71.52,0.85,57.7309242957681,0.381735745094525,0.911152082369361,0.644430650854473,0.26802159987378
71.53,0.85,57.6820524352748,0.382855018750885,0.910105237736991,0.64130238185125,0.270191772356645
71.54,0.85,57.6309060408135,0.381701774387545,0.91260225384855,0.6434283824215,0.269235789625632
71.55,0.85,57.577155750848,0.381975352786873,0.912917923612011,0.643764265760279,0.266293537811191
71.56,0.85,57.5207360284148,0.381840109049225,0.91569313042353,0.644879104182417,0.27232200565692
71.57,0.85,57.4616415178947,0.382920105345765,0.912116721586099,0.64276923925316,0.2690289237452
71.58,0.85,57.3998811808765,0.380958752409566,0.91153463688908,0.643891091918503,0.270663151117614
71.59,0.85,57.3354679965892,0.384209024441576,0.914384071946942,0.643557109800241,0.268169240677358
71.6,0.85,57.2684166463722,0.385815748606538,0.910051888656784,0.645362357505304,0.270573098500261
71.61,0.85,57.198742986373,0.381892607035723,0.912621762366208,0.644846467258173,0.268850256736013
71.62,0.85,57.1264639197361,0.38522901759362,0.910754807338173,0.64351341145394,0.269058034173077
71.63,0.85,57.0515973575058,0.384646497079461,0.913104081979896,0.646883728408554,0.270159464989217
71.64,0.85,56.9741621987993,0.387068850941158,0.910075462798535,0.64488309342991,0.269867180406116
71.65,0.85,56.8941783147618,0.385478164438216,0.912992093714827,0.643289594182334,0.269869749529821
71.66,0.85,56.8116665328652,0.387124014944768,0.91446190879441,0.643343710388565,0.269711677961108
71.67,0.85,56.7266486207981,0.387371660014203,0.913038805022597,0.644164343826157,0.270937921768216
71.68,0.85,56.6391472697945,0.384606598215961,0.913025612544297,0.643250569812301,0.270528485677218
71.69,0.85,56.54918607738,0.388299657701467,0.911924808742138,0.64258597388492,0.270412310898912
71.7,0.85,56.4567895295488,0.388580354451068,0.910533870214223,0.644914013015528,0.271502859762521
71.71,0.85,56.3619829823869,0.387220914509734,0.913990202209218,0.642620539348831,0.272017659538635
71.72,0.85,56.2647926431632,0.386934461181544,0.913950094078698,0.645592885580188,0.269619549034134
71.73,0.85,56.1652455509077,0.387913987378198,0.914418670037709,0.64354920660199,0.267879181703374
71.74,0.85,56.0633695564989,0.389824942384326,0.914481413876314,0.640274903865656,0.270418967039459
71.75,0.85,55.959193302282,0.389347518850015,0.915765329201296,0.643624638149901,0.269630788759432
71.76,0.85,55.8527462012391,0.391252732613694,0.914028335423775,0.644981085036096,0.268740803551296
71.77,0.85,55.7440584157348,0.390161061496369,0.913465586448943,0.641024001381541,0.270866326357236
71.78,0.85,55.6331608358596,0.390973670150286,0.914820992078984,0.642730948353926,0.2717975520352
71.79,0.85,55.5200850573931,0.390207343134988,0.913261707572058,0.644635628440799,0.26968626373583
71.8,0.85,55.4048633594117,0.391217573302058,0.915046887654235,0.643254800023831,0.270311102811119
71.81,0.85,55.2875286815644,0.393591012497969,0.913090515446256,0.643850722133841,0.271008355142736
71.82,0.85,55.168114601038,0.391792172345152,0.917238814403864,0.646486524398702,0.267970353075204
71.83,0.85,55.046655309238,0.393449546460177,0.913577196004557,0.64675002491236,0.269003764149016
71.84,0.85,54.9231855882084,0.394904319428624,0.916180259349703,0.644326188850029,0.271431978032965
71.85,0.85,54.7977407868133,0.395214177356075,0.91520678007725,0.643423295724963,0.268504832164727
71.86,0.85,54.6703567967057,0.394085700111056,0.918949841961233,0.645066114732301,0.269590209141009
71.87,0.85,54.5410700281071,0.395751229527776,0.917167940642383,0.646020602940886,0.268681168517847
71.88,0.85,54.4099173854207,0.395173114332276,0.912627859040657,0.646446404016217,0.269252579766678
71.89,0.85,54.2769362427043,0.396312354882703,0.914353851473974,0.646126999823875,0.268548814117263
71.9,0.85,54.1421644190243,0.394361851155558,0.91548074604638,0.645075618861688,0.268994275179127
71.91,0.85,54.0056401537164,0.397422976629316,0.915196076791415,0.646902300927927,0.270686237926446
71.92,0.85,53.8674020815754,0.396050226016553,0.915765387301667,0.64568656321952,0.270532569381416
71.93,0.85,53.7274892079972,0.396698527271632,0.916787965724562,0.64762211983576,0.271320908984324
71.94,0.85,53.5859408840975,0.399550226000396,0.91723276221528,0.645223631694663,0.267008171763592
71.95,0.85,53.4427967818281,0.398103720360174,0.917319257212234,0.643768530719508,0.268971174395354
71.96,0.85,53.2980968691143,0.398696354466486,0.915066717565373,0.64750699666743,0.26797330680783
71.97,0.85,53.1518813850359,0.398407480296583,0.916653507139881,0.649173012022741,0.270302048623532
71.98,0.85,53.0040455383416,0.400039898945206,0.917562849208504,0.646846450363127,0.270777647217564
71.99,0.85,52.8522312402027,0.400632538928583,0.916257189783123,0.647319313342538,0.271371747686625
72,0.85,52.6972732133727,0.400840347430013,0.918182325204296,0.648275651772892,0.271715602328533
72.01,0.85,52.5404559244286,0.398755879465907,0.920403073300254,0.64713021071586,0.271745353965786
72.02,0.85,52.3821849908199,0.404295467744824,0.914780032471419,0.646559712094902,0.268949805331987
72.03,0.85,52.2225926608243,0.400636328835521,0.91613314890835,0.647378610614898,0.271766884607938
72.04,0.85,52.0617431053427,0.403769043365658,0.918519536650219,0.646832050331822,0.269840000178556
72.05,0.85,51.899684388834,0.404833806777399,0.919037582219966,0.646120363429182,0.272090522752034
72.06,0.85,51.7364608336855,0.40289279484463,0.915089455733193,0.646761488873533,0.272970246175774
72.07,0.85,51.5721159001715,0.402654212598612,0.916823187651774,0.64626509437084,0.267762378497731
72.08,0.85,51.4066928398039,0.406168717621993,0.916450911376255,0.647670629986617,0.270965731981623
72.09,0.85,51.2402348292523,0.404823399283599,0.916448487933368,0.648149083238863,0.267277144105823
72.1,0.85,51.0727849835618,0.405765430088237,0.918717648226509,0.64743660639555,0.268221136189666
72.11,0.85,50.9043863415651,0.407447981542056,0.917139331698785,0.648725511512838,0.268850111949175
72.12,0.85,50.735081845106,0.408699959247709,0.915795211586997,0.647228515661678,0.269521361428896
72.13,0.85,50.5649143171104,0.408397816818777,0.917859097501285,0.646991792036991,0.269586593869574
72.14,0.85,50.3939264396832,0.407896305204876,0.917896327989723,0.646493917161079,0.270061836886886
72.15,0.85,50.2221607325159,0.414069644646965,0.917717059830097,0.648845095567118,0.268999339961889
72.16,0.85,50.0496595316784,0.410802055471499,0.918472562645677,0.651482401693862,0.270637806258201
72.17,0.85,49.8764649688229,0.411853092972418,0.916821997119039,0.648962144480818,0.269838030453265
72.18,0.85,49.7026189508146,0.412652716723959,0.917391234748442,0.647207829435409,0.268640449071238
72.19,0.85,49.5281631397984,0.412287124378188,0.920064347393187,0.649564420625696,0.268012028210641
72.2,0.85,49.3531389337151,0.415260440183428,0.918054836741843,0.648498926116162,0.271165041898589
72.21,0.85,49.1775874472729,0.414600244078024,0.917668892461352,0.650243878553586,0.268295803391736
72.22,0.85,49.0015494933848,0.416920308977263,0.918810467523822,0.650011858339866,0.267835701929094
72.23,0.85,48.8250655650791,0.4169879131577,0.918573959487627,0.651473744264204,0.268291397654825
72.24,0.85,48.6481758178886,0.414522596707102,0.920233950011154,0.651379678657922,0.269942292406829
72.25,0.85,48.4709200527281,0.416170041954126,0.918038989194849,0.651450105992117,0.270948543018914
72.26,0.85,48.2933376992616,0.419124822587815,0.920619654987713,0.647626065200863,0.269281365241379
72.27,0.85,48.1154677997681,0.419501871384686,0.917872768484319,0.648675365630061,0.271311166901456
72.28,0.85,47.9373489935073,0.420161775972208,0.916733022601123,0.64964875001541,0.274090562073504
72.29,0.85,47.7590195015909,0.418139324720195,0.916690608822683,0.651638024507894,0.270385170039939
72.3,0.85,47.5805171123606,0.420874347451674,0.916762891600454,0.651394905253753,0.270589316727754
72.31,0.85,47.4018791672773,0.419838023120314,0.91881536238881,0.651185188297493,0.272397180880348
72.32,0.85,47.2231425473209,0.423407334441291,0.917853682509716,0.651187950029261,0.271069677641526
72.33,0.85,47.0443436599035,0.423770619782782,0.918059553353417,0.651440540925174,0.270445533235846
72.34,0.85,46.8655184262951,0.426140030857889,0.923676342015804,0.64978054329215,0.271103943424247
72.35,0.85,46.6867022695633,0.424951920266117,0.9196722416004,0.650849544358259,0.269966570062055
72.36,0.85,46.5079301030245,0.425496445953535,0.921526551047583,0.650985920547475,0.270034048222248
72.37,0.85,46.3292363192068,0.425544904097218,0.917607759833665,0.650715756111237,0.27142023079386
72.38,0.85,46.1506547793219,0.42480254389469,0.919258894737501,0.65273785082814,0.27144611858552
72.39,0.85,45.9722188032433,0.428816987068092,0.916933678810008,0.651457711548688,0.269695551162265
72.4,0.85,45.7939611599903,0.428246313655578,0.918488193797825,0.651820330017698,0.269835192324331
72.41,0.85,45.6159140587108,0.426999926299896,0.919144821823768,0.652935147226675,0.270274602940447
72.42,0.85,45.4381091401625,0.428946425747694,0.918098222236858,0.651417801206909,0.268235445978266
72.43,0.85,45.2605774686858,0.430477463011479,0.920361855143089,0.651698732877053,0.272896759220299
72.44,0.85,45.0833495246653,0.4325939409026,0.919996358363427,0.654320736500286,0.269841940838859
72.45,0.85,44.9064551974742,0.432614371227256,0.918493859746672,0.651869843181616,0.269782595233645
72.46,0.85,44.7299237788953,0.432378271174925,0.916602135905048,0.653798367851435,0.269993928694339
72.47,0.85,44.5537839570142,0.434444326064587,0.917986408625269,0.650074355523849,0.267868141721125
72.48,0.85,44.3780638105774,0.432595987835931,0.918076663680536,0.652875225245448,0.270711454704194
72.49,0.85,44.2027908038092,0.433428990680618,0.918643932143756,0.654031517646763,0.273401964122966
72.5,0.85,44.0279917816797,0.435083350435884,0.917082477862987,0.653429831939748,0.267509919713032
72.51,0.85,43.853692965618,0.436845152496276,0.919238219709708,0.65085637423955,0.273372017203251
72.52,0.85,43.679919949662,0.435191492956787,0.919391575027676,0.651759691208644,0.268413259420176
72.53,0.85,43.5066976970371,0.437200804598737,0.920310436078394,0.653444385580728,0.267486411535549
72.54,0.85,43.3340505371571,0.435377790153209,0.918435666990504,0.653702469733405,0.26878217620319
72.55,0.85,43.1620021630369,0.439566882183655,0.918642137598948,0.652291950982216,0.266883038240627
72.56,0.85,42.9905756291104,0.442389776802579,0.918140098392714,0.654597560758593,0.270824438677293
72.57,0.85,42.8197933494444,0.442570943896368,0.920180749613063,0.654183022210799,0.270600969778682
72.58,0.85,42.6496770963396,0.441944749217316,0.91840662245306,0.65369336394592,0.269351772844683
72.59,0.85,42.48024799931,0.444195088163616,0.917616826701122,0.653560512587757,0.270128496255092
72.6,0.85,42.3115265444309,0.441352893835855,0.919160864373986,0.658817321986208,0.270946698975202
72.61,0.85,42.1435325740478,0.441327568565001,0.915639553094908,0.65353600640019,0.270702640816912
72.62,0.85,41.9762852868359,0.443769898422214,0.918755698022631,0.656171003028229,0.270880117021899
72.63,0.85,41.8098032382003,0.443098706234572,0.919068695105246,0.653479793553814,0.269842200544393
72.64,0.85,41.6441043410099,0.441690377002125,0.922169554655198,0.655471921882995,0.268562248540015
72.65,0.85,41.4792058666525,0.447056545446357,0.917612075098105,0.653689583151767,0.270861338593811
72.66,0.85,41.3151244464037,0.448142647722125,0.918456627372124,0.653711970468924,0.26681188429775
72.67,0.85,41.1518760730997,0.448507184517092,0.918040413220096,0.656187250439322,0.26855199335078
72.68,0.85,40.9894761031044,0.446179860107551,0.919757645874238,0.653557495470588,0.271459018731473
72.69,0.85,40.8279392585613,0.451386428693442,0.918447745663192,0.654766349239423,0.270651969003869
72.7,0.85,40.6672796299206,0.451841626940513,0.919625840645854,0.654990795054949,0.271189778454275
72.71,0.85,40.5075106787328,0.451486269871988,0.917687509523317,0.658476072260859,0.268988817509065
72.72,0.85,40.3486452406993,0.452872315846011,0.914862229170009,0.653889302420651,0.269969933186029
72.73,0.85,40.1906955289702,0.453264349168511,0.918825385866685,0.655308264303538,0.270124705975024
72.74,0.85,40.0336731376806,0.453623438393747,0.920340747937939,0.654913287509271,0.271149553334997
72.75,0.85,39.8775890457167,0.454358331528189,0.918874341589922,0.657984901315141,0.266921606423176
72.76,0.85,39.7224536207019,0.454960561306409,0.918169798608594,0.654597005151561,0.269504646076347
72.77,0.85,39.5682766231953,0.457275490991615,0.918328813360817,0.658137421307459,0.269748071662089
72.78,0.85,39.4150672110928,0.458145855287712,0.917882846602084,0.655618596451404,0.270032678626129
72.79,0.85,39.2628339442223,0.459156335672258,0.919316561201602,0.654901153340258,0.272364729891955
72.8,0.85,39.1115847891264,0.458648170314484,0.917954058476529,0.65720700273268,0.269256514771873
72.81,0.85,38.9613271240207,0.459615531318435,0.91996553089359,0.656007495823125,0.271008467812688
72.82,0.85,38.8120677439248,0.459544804043631,0.920336539925238,0.65476838810459,0.268936384799379
72.83,0.85,38.6638128659523,0.461315437717176,0.918776227063544,0.655986874073481,0.270150280127501
72.84,0.85,38.5165681347573,0.457714130710371,0.918230560039856,0.655476467207087,0.269422380520058
72.85,0.85,38.3703386281265,0.462598383514401,0.919996645808144,0.657527026399372,0.270538742293514
72.86,0.85,38.2251288627104,0.462675763846817,0.917824706820556,0.656193764281444,0.268877238730685
72.87,0.85,38.0809427998872,0.463495864114932,0.919375170957763,0.657050835207554,0.272174831893975
72.88,0.85,37.9377838517521,0.464317993145727,0.918779244032874,0.652989073419385,0.27189171617827
72.89,0.85,37.7956548872248,0.463216432550498,0.914750958515613,0.657122193967645,0.270088497855557
72.9,0.85,37.6545582382686,0.464573064322794,0.917582543108888,0.65495989703755,0.270841518859122
72.91,0.85,37.5144957062163,0.465040054302017,0.915317477567309,0.657567041746215,0.270133235942341
72.92,0.85,37.3754685681943,0.465144866501823,0.916843901300546,0.657696734380375,0.270424812647555
72.93,0.85,37.2374775836417,0.467949787409324,0.913971091264409,0.65747493154138,0.271959802356131
72.94,0.85,37.1005230009163,0.46767718553031,0.917125375987212,0.658075600503952,0.270164563792239
72.95,0.85,36.9646045639844,0.469120348216073,0.917429107256757,0.656370400524608,0.269122064597677
72.96,0.85,36.8297215191866,0.468463857920022,0.91611713394775,0.658347265175263,0.27171320298897
72.97,0.85,36.6958726220774,0.469070659946455,0.917638073245861,0.657491350372189,0.271229640706622
72.98,0.85,36.5630561443313,0.469306563642449,0.917318026085384,0.658547149984554,0.271319349019031
72.99,0.85,36.4312698807129,0.470686179225624,0.914742845246247,0.658027913144337,0.269563424376423
73,0.85,36.3005111561045,0.471061579320723,0.915854229881828,0.657933198177743,0.268864551624544
73.01,0.85,36.1707768325903,0.470988458619477,0.919423998743027,0.658036042344471,0.273982907927123
73.02,0.85,36.0420633165891,0.47503702503165,0.914435195515938,0.656544635212912,0.270136845441929
73.03,0.85,35.9143665660356,0.474658686290734,0.915503752463615,0.657413362493195,0.271010747490693
73.04,0.85,35.7876820976048,0.474531588692682,0.912192336546447,0.6552252775339,0.267378528504814
73.05,0.85,35.6620049939771,0.476938533368456,0.914337399139923,0.658243711155539,0.271640880953442
73.06,0.85,35.5373299111397,0.477945091537067,0.914006081771096,0.657085051461413,0.267515570735406
73.07,0.85,35.4136510857242,0.476856292564665,0.916480906669366,0.65726758667426,0.272075068617936
73.08,0.85,35.290962342374,0.476028982680711,0.915113699488227,0.655116333413204,0.269536069480212
73.09,0.85,35.1692571011432,0.478216078621181,0.916309179804254,0.656465492590463,0.269906908880974
73.1,0.85,35.0485283849206,0.480051958039113,0.914018601471782,0.654404047959821,0.271404938861983
73.11,0.85,34.9287688268808,0.480768740821909,0.916247945801105,0.659434812310374,0.27157677899019
73.12,0.85,34.8099706779566,0.48286550288261,0.914341332554409,0.656083899013585,0.26903993205977
73.13,0.85,34.6921258143347,0.479603651414421,0.912985991622016,0.655184608305636,0.270728171373975
73.14,0.85,34.5752257449696,0.480391088181439,0.916055283189873,0.657369128483967,0.27030754210491
73.15,0.85,34.4592616191181,0.48396647693286,0.914502257279265,0.657836881686205,0.26903250210711
73.16,0.85,34.3442242338893,0.480431454936599,0.91450801854731,0.656885979169524,0.27092612816667
73.17,0.85,34.2301040418122,0.484985273046508,0.913113385544762,0.657471020079209,0.271226098995873
73.18,0.85,34.1168911584186,0.485641438203128,0.916537351569588,0.656730869857304,0.271160561200359
73.19,0.85,34.0045753698401,0.484722049781477,0.916243136517659,0.659213426742611,0.269790837509556
73.2,0.85,33.8931461404202,0.484311786253018,0.917711918975494,0.657713500616685,0.272053983963657
73.21,0.85,33.7825926203388,0.487569551123924,0.913495402244659,0.655003608212966,0.269995932304278
73.22,0.85,33.6729036532514,0.488009984399639,0.91557403923064,0.657726647956166,0.269672422357967
73.23,0.85,33.5640677839395,0.485047741247975,0.917862865829938,0.656395757415521,0.270525871616819
73.24,0.85,33.4560732659756,0.488764869078942,0.913565840194872,0.660176548197858,0.27322167181554
73.25,0.85,33.3489080693995,0.485761270703589,0.914219775188137,0.657510903861746,0.270414559367188
73.26,0.85,33.2425598884085,0.487811743124444,0.913808781484672,0.655320212792723,0.270149345407532
73.27,0.85,33.1370161490596,0.487899379815523,0.913053638536301,0.656116227942691,0.270296533956993
73.28,0.85,33.0322640169856,0.489502018077662,0.911560091765807,0.655398945865081,0.272001691000395
73.29,0.85,32.9282904051241,0.489996748588735,0.914935331649239,0.655357137135688,0.271031991570979
73.3,0.85,32.8250819814605,0.49127315306331,0.915320689173139,0.655414434473916,0.270837506568767
73.31,0.85,32.7226251767847,0.491970588021443,0.911916156375354,0.657685849501157,0.269732976847078
73.32,0.85,32.6209061924629,0.491904680589269,0.913131801360949,0.65523187411891,0.27012518233237
73.33,0.85,32.5199110082239,0.493285924197491,0.913562793887657,0.655934206854542,0.271046328140718
73.34,0.85,32.4196253899611,0.494676898559639,0.911957203176514,0.655681201366218,0.266951207341163
73.35,0.85,32.3200348975504,0.492658437711753,0.912885121459432,0.654002681451428,0.269270759342792
73.36,0.85,32.221124892685,0.494373414452776,0.914080841199013,0.654806110722558,0.267690038097012
73.37,0.85,32.1228805467266,0.49703554761541,0.914251022697102,0.654929380630183,0.269371883176906
73.38,0.85,32.025286848575,0.497403190975691,0.91392978968171,0.655992839741273,0.269831729529291
73.39,0.85,31.928328612555,0.495866116483428,0.911456330145189,0.653682947821284,0.270466683431631
73.4,0.85,31.8319904863226,0.49657710291535,0.910444502512748,0.655803823667215,0.269574165043356
73.41,0.85,31.73625695879,0.497180492140474,0.911182053126563,0.65421165915326,0.271024877783036
73.42,0.85,31.6411123680707,0.497848606062976,0.913223500852934,0.653474160859532,0.270897171147614
73.43,0.85,31.5465409094432,0.497268811593261,0.911873193614725,0.658142810178375,0.268637996751931
73.44,0.85,31.452526643337,0.501620430827679,0.913120889210824,0.655382504157133,0.269043039492349
73.45,0.85,31.3590535033379,0.500035735121516,0.911420713839908,0.65401555129555,0.270294105807566
73.46,0.85,31.2652005303295,0.500029073496375,0.911595993225608,0.653091134892179,0.269447115197092
73.47,0.85,31.1701125285757,0.500582845424318,0.911316486607932,0.655048666849293,0.270134938366151
73.48,0.85,31.0749524710965,0.501279746118335,0.910259661129775,0.65347698880658,0.268752009872041
73.49,0.85,30.9801482284825,0.502938838524763,0.913406102659957,0.655784939079954,0.26993604715861
73.5,0.85,30.8857941945315,0.502796931210927,0.910648787377671,0.654378766277658,0.269409784469785
73.51,0.85,30.7918989374545,0.503920173777125,0.910155826011228,0.652641869759635,0.269462650986613
73.52,0.85,30.6984509668856,0.503246016413729,0.911258639320113,0.653192155090295,0.272231776742402
73.53,0.85,30.6054341942984,0.506250172029304,0.911335259868737,0.653295016374361,0.269276480841148
73.54,0.85,30.5128314590853,0.505346281934677,0.90685613196873,0.653858557012893,0.269678137067378
73.55,0.85,30.4206253302275,0.504542392851879,0.908342177014766,0.653005970898463,0.269442272657417
73.56,0.85,30.3287982930456,0.509119894617389,0.909211917233524,0.653790926001056,0.27133314173603
73.57,0.85,30.2373327977055,0.50731585633168,0.909346265853148,0.65398580065646,0.268078865063345
73.58,0.85,30.1462112767113,0.505856490164805,0.907111217157713,0.653044937848292,0.271517765262408
73.59,0.85,30.0554161554552,0.506374037105097,0.907469083154866,0.654222214666573,0.271205985189175
73.6,0.85,29.9649298612238,0.507132464104297,0.908639263392184,0.652758674670922,0.267721359917247
73.61,0.85,29.8747348318659,0.508855658886562,0.909173103550717,0.651940628033113,0.269283690426034
73.62,0.85,29.7848135243935,0.512157392342009,0.90625934537567,0.65212775065676,0.270341389141966
73.63,0.85,29.6951484235735,0.512022154383877,0.908322552321221,0.65004273493009,0.268765231826319
73.64,0.85,29.6057220505218,0.509359933682538,0.90589382658652,0.652094014871456,0.270398532968769
73.65,0.85,29.5165169713012,0.512828877096183,0.908030780161877,0.65387444850083,0.269250467621434
73.66,0.85,29.427515805521,0.511819127719809,0.908628579205456,0.654363702780128,0.269224369663344
73.67,0.85,29.3387012349378,0.514156101151343,0.910344331930189,0.651484042660413,0.269691599229644
73.68,0.85,29.2500560120524,0.512750970666572,0.908273818660848,0.650058580120033,0.270590006940556
73.69,0.85,29.1615629687023,0.515174035612098,0.909844378242724,0.653145527512543,0.272198281675589
73.7,0.85,29.0732050246464,0.51432715012453,0.905594197138441,0.653270314475206,0.271847571137521
73.71,0.85,28.9849651961382,0.514944844911294,0.906466856707968,0.649765125065967,0.26993148601885
73.72,0.85,28.8968266044853,0.516006620507511,0.90680398327111,0.653245352749797,0.270698793491385
73.73,0.85,28.808772484591,0.51560852032424,0.904073472780048,0.648851121651218,0.271228993056934
73.74,0.85,28.7207861934752,0.516597349887205,0.905413417826849,0.652635981822823,0.271016105720478
73.75,0.85,28.6328512187709,0.518615250772909,0.90484624037693,0.648752325072827,0.268465949247223
73.76,0.85,28.5449511871911,0.518456244278938,0.904674135497513,0.651072855024891,0.268478773851385
73.77,0.85,28.4570698729642,0.518712617448306,0.904764208713741,0.652505699169325,0.270230208208781
73.78,0.85,28.3691912062323,0.519350810753364,0.903539533896623,0.650534514976883,0.269473903473111
73.79,0.85,28.2812992814083,0.519706196218151,0.906541616531044,0.651838037900328,0.27122744365208
73.8,0.85,28.1933783654876,0.52203732952099,0.905739537378077,0.650412059543404,0.271076523063172
73.81,0.85,28.1054129063095,0.52156812456854,0.905754379038926,0.650674096510022,0.268573868053185
73.82,0.85,28.0173875407641,0.519441161317628,0.905311032866359,0.648231733904245,0.269132033727065
73.83,0.85,27.9292871029383,0.522908672393879,0.905154503607304,0.648680656514776,0.269168425760887
73.84,0.85,27.8410966321982,0.522138120725373,0.906355374436488,0.650299242657483,0.269695749603903
73.85,0.85,27.7528013812004,0.519682751739777,0.904706826857406,0.650357032246346,0.268723037889109
73.86,0.85,27.6643868238282,0.522798630860757,0.902373427438262,0.648841167940559,0.268583679624749
73.87,0.85,27.5758386630471,0.525010149622963,0.903422477767442,0.652719312862171,0.270059166493995
73.88,0.85,27.4871428386739,0.525070038608636,0.905281413311883,0.649430723496424,0.271920194969135
73.89,0.85,27.3982855350535,0.526711654274298,0.90036073869311,0.648990715313614,0.271105223462992
73.9,0.85,27.3092531886385,0.525882167897055,0.901666647278886,0.649732541154597,0.270554312122386
73.91,0.85,27.2200324954648,0.526940044996649,0.904875903643846,0.647795447507545,0.268350200275248
73.92,0.85,27.1306104185183,0.528553994810455,0.90167485194404,0.649653989612585,0.269777309160841
73.93,0.85,27.0409741949855,0.525316369985178,0.90109722872811,0.647560502458984,0.268679252688258
73.94,0.85,26.9511113433839,0.529831956650064,0.904312337929967,0.648285622502526,0.270571862059419
73.95,0.85,26.8610096705633,0.529019754157186,0.901819316557119,0.647034025696896,0.271022325658435
73.96,0.85,26.7706572785753,0.528390065157963,0.901694872866361,0.647469836977457,0.269005718671
73.97,0.85,26.6800425714019,0.530684154182639,0.901415622225363,0.648160997922523,0.269913726992937
73.98,0.85,26.5891542615386,0.53272608627372,0.901983530476841,0.648722501511056,0.267692080551567
73.99,0.85,26.4979813764259,0.530650914420735,0.900411223966895,0.647557507484687,0.26904113611992
74,0.85,26.4065132647219,0.531663945071709,0.898525697659065,0.646607743308067,0.274412976494882
74.01,0.85,26.3147396024109,0.532092893909781,0.900761144767877,0.648124952108024,0.269115429575819
74.02,0.85,26.2226503987419,0.534263173196869,0.898949619226939,0.644765078939331,0.268525728965444
74.03,0.85,26.13023600199,0.534137406851925,0.900412504223984,0.646846244083711,0.271987590300254
74.04,0.85,26.0374871050354,0.53474202908884,0.89853784396415,0.649032086193759,0.267465343818085
74.05,0.85,25.9443947507535,0.537125963976269,0.900162358691558,0.646822834345265,0.267432590446155
74.06,0.85,25.8509503372111,0.537451947215885,0.89805204715731,0.645999467124449,0.270886543630624
74.07,0.85,25.7571456226617,0.539550247682548,0.899614072200791,0.64680741672359,0.270834639425855
74.08,0.85,25.6629727303346,0.537924476858905,0.900743497936616,0.645858824866243,0.268458242554129
74.09,0.85,25.5684241530123,0.539994068698044,0.900490252877842,0.646333875960837,0.267181403236887
74.1,0.85,25.4734927573908,0.537770869822521,0.897527816150236,0.646417592277887,0.272343850769454
74.11,0.85,25.3781717882168,0.542052006193624,0.897957881689207,0.645661567584991,0.270871160840067
74.12,0.85,25.2824548721969,0.542110308541009,0.898753888257785,0.644993702368619,0.27196728134145
74.13,0.85,25.1863360216736,0.539047204730499,0.896244993304968,0.64700878677984,0.270551285225066
74.14,0.85,25.0898096380636,0.541854642610655,0.897692491251563,0.647069673405927,0.269920377983049
74.15,0.85,24.9928705150524,0.545181517237955,0.895595046648356,0.645920360268434,0.270885286695537
74.16,0.85,24.8955138415419,0.543594469300378,0.896235120863612,0.646028518190128,0.269518346602547
74.17,0.85,24.7977352043459,0.544314577363231,0.896722275084282,0.645127896538199,0.270986628920512
74.18,0.85,24.6995305906294,0.548501137034477,0.896288017704575,0.647959801098642,0.269248398416424
74.19,0.85,24.6008963900876,0.546553924135709,0.896715424004084,0.64504949539931,0.268199782741383
74.2,0.85,24.501829396861,0.548485651443962,0.893748285826774,0.645917547047418,0.270559027242349
74.21,0.85,24.4023268111832,0.548477572574055,0.89410959291191,0.644038966981848,0.270246811511852
74.22,0.85,24.302386240758,0.550385349142883,0.895442278688524,0.644867331678202,0.269837140432766
74.23,0.85,24.2020057018616,0.550897591348953,0.896977714312992,0.643041017522968,0.271164842524653
74.24,0.85,24.1011836201699,0.550645621497496,0.893171043576985,0.644703080974268,0.268188230731883
74.25,0.85,23.999918831305,0.552986222931086,0.897361804525199,0.6423034822362,0.270852170768511
74.26,0.85,23.8982105811018,0.549606719368457,0.894490584564326,0.642808205888414,0.266990611787225
74.27,0.85,23.7960585255899,0.554950342832098,0.892733061750283,0.646401052176238,0.268374736455691
74.28,0.85,23.6934627306921,0.554616523061766,0.891488136146976,0.644629886568211,0.271938752929883
74.29,0.85,23.5904236716347,0.554671934406261,0.894227060664989,0.643463875263474,0.266045110826527
74.3,0.85,23.4869422320727,0.554949616000963,0.892097027977,0.645307714089469,0.271154410437358
74.31,0.85,23.3830197029244,0.555685303285895,0.892389040104471,0.643701093534652,0.270714538699557
74.32,0.85,23.2786577809203,0.557329205578374,0.892292556063093,0.644528758144382,0.269809810135162
74.33,0.85,23.1738585668605,0.556389517420772,0.894603596504974,0.64449121055106,0.272202909312444
74.34,0.85,23.0686245635864,0.556748397190166,0.893777909426179,0.642869450877392,0.269159479608579
74.35,0.85,22.9629586736623,0.55806301474116,0.891471378404634,0.643848211140275,0.268197770383677
74.36,0.85,22.8568641967722,0.562948161009889,0.893246153090449,0.642756950331009,0.271011690529797
74.37,0.85,22.7503448268291,0.559730202855403,0.890223655811796,0.64455634352897,0.269680620574439
74.38,0.85,22.6434046488011,0.560667634645759,0.889488502302759,0.642753283604495,0.270614135503103
74.39,0.85,22.5360481352555,0.562086449774831,0.891553666833615,0.641740903692234,0.269619452212915
74.4,0.85,22.4282801426219,0.563302469526902,0.890826627152646,0.64190613903708,0.269020029677049
74.41,0.85,22.3201059071791,0.564713430450311,0.891374426103847,0.644744743719042,0.269117033913037
74.42,0.85,22.2115310407663,0.565743591364775,0.888768993921763,0.643148254495342,0.27182513576503
74.43,0.85,22.1025615262238,0.565813752237594,0.890238293263605,0.641420153689044,0.271733762044901
74.44,0.85,21.9932037125657,0.568913754836668,0.890842293215931,0.642757514051022,0.268557348614689
74.45,0.85,21.8834643098885,0.569560020540934,0.888619928574987,0.644858650530558,0.268939851413751
74.46,0.85,21.7733503840208,0.567904026355897,0.893331850833517,0.643525092224644,0.267971618361991
74.47,0.85,21.6628693509169,0.568054741649296,0.889505307667254,0.643542431269967,0.268846325633083
74.48,0.85,21.5520289708012,0.57214412792064,0.888804678662602,0.643031505405104,0.269713804517147
74.49,0.85,21.4408373420668,0.570730602613611,0.887041682728725,0.644104821039059,0.269573383413786
74.5,0.85,21.3293028949347,0.573309261076118,0.88785316216284,0.643457459761864,0.269324227372249
74.51,0.85,21.2174343848795,0.573403603047936,0.887474143731758,0.642082656001921,0.268457193045962
74.52,0.85,21.1052408858271,0.576624273165738,0.886824700280567,0.64295058076975,0.268045723068473
74.53,0.85,20.9927317831306,0.576113306770029,0.887395897646124,0.641144604636817,0.271749499873793
74.54,0.85,20.8799167663322,0.576421581108412,0.886322219351555,0.641308090607157,0.269215725213278
74.55,0.85,20.7668058217166,0.575750273784058,0.886250484203261,0.641636173602614,0.271699610408484
74.56,0.85,20.6534092246635,0.577868382835143,0.884863579742772,0.645269365199015,0.268237131810984
74.57,0.85,20.5397375318073,0.581148340507661,0.885897089639047,0.642871568369449,0.268599666136237
74.58,0.85,20.4258015730105,0.581823637806266,0.88574475287785,0.642814072352369,0.270330719342601
74.59,0.85,20.3116124431593,0.581580892741375,0.886548604638005,0.642947823494132,0.270109205163641
74.6,0.85,20.1971814937895,0.582347906232904,0.887458475056619,0.642534495996116,0.270067114834547
74.61,0.85,20.0825203245506,0.582716359925638,0.88755961033167,0.63961993818636,0.268939936967631
74.62,0.85,19.9676407745167,0.585170188247825,0.88257124228625,0.643299997168142,0.268675597621233
74.63,0.85,19.8525549133527,0.585573181803189,0.886252142458986,0.642950218713794,0.26919535273739
74.64,0.85,19.7372750323455,0.58930684624786,0.883634102980699,0.64564377928107,0.268353458003688
74.65,0.85,19.6218136353078,0.586664785424894,0.886025860189797,0.642116396125608,0.26970024687779
74.66,0.85,19.5061834293636,0.587982768034183,0.882644179790445,0.644002313593938,0.268573680331319
74.67,0.85,19.3903973156268,0.591732744495007,0.886162668692346,0.644004984511914,0.269308331889149
74.68,0.85,19.2744683797791,0.589246570201092,0.88260406569213,0.642921122399772,0.272542200650622
74.69,0.85,19.1584098825587,0.592091048610328,0.882804282350342,0.644826308046906,0.268348407885714
74.7,0.85,19.042235250169,0.595296016536043,0.885355165914004,0.642615656120459,0.269395232990116
74.71,0.85,18.925958064616,0.597085833180179,0.883920226738307,0.642554029959837,0.271956483979473
74.72,0.85,18.8095920539853,0.593859387826,0.882272491103453,0.642377410793999,0.268531600497896
74.73,0.85,18.6931510826668,0.596720132822257,0.881639682343046,0.642070939324777,0.273198798184715
74.74,0.85,18.5766491415383,0.597754029119994,0.885393837844045,0.640877661078529,0.270477798285851
74.75,0.85,18.460100338117,0.59933502617463,0.880683209438105,0.640206927277539,0.268154035539094
74.76,0.85,18.3435188866885,0.598911161850357,0.882363994972776,0.645909490746789,0.271447688776654
74.77,0.85,18.2279321763073,0.603022090835231,0.881449194753626,0.643889602028624,0.271438762703801
74.78,0.85,18.1144952447991,0.599478527774805,0.880809529165353,0.641647064980999,0.269775026266751
74.79,0.85,18.001707181657,0.601597875543207,0.88361362311581,0.646751622363022,0.269164002799819
74.8,0.85,17.8890542167082,0.604256878002192,0.880555221804397,0.644700548869181,0.270319686427424
74.81,0.85,17.7764399415697,0.603678293881162,0.879488157911096,0.643912391131801,0.269360422264741
74.82,0.85,17.6638580939732,0.60600616716191,0.88155083031075,0.643285249221726,0.269041849742731
74.83,0.85,17.5513192048839,0.608007292093786,0.877529309518237,0.644746720755713,0.27200396116398
74.84,0.85,17.4388367815932,0.607715231058796,0.880150863201537,0.645929402577762,0.27174798525607
74.85,0.85,17.3264248624671,0.611122195127303,0.877778109324058,0.644204494349255,0.270256353121668
74.86,0.85,17.2140975903256,0.612790512014672,0.877919107466073,0.646006197148981,0.269217079681175
74.87,0.85,17.1018691328778,0.611697612466933,0.873793325567745,0.64391767327005,0.272522272292543
74.88,0.85,16.9897536619504,0.615282233165266,0.879548247468018,0.643765980631714,0.271472318479973
74.89,0.85,16.877765342653,0.614969524211213,0.880297699270475,0.644889671442471,0.269965795689526
74.9,0.85,16.7659183242789,0.614738366869017,0.878716220886711,0.646148742900969,0.271621888900887
74.91,0.85,16.6542267315749,0.619508811084849,0.875742780009055,0.644383168514107,0.269796430590039
74.92,0.85,16.5427046561627,0.616556884109406,0.875696893550779,0.643175351901699,0.270663075458304
74.93,0.85,16.4313661480782,0.620081369341434,0.877017711267933,0.642819330666849,0.269652691665451
74.94,0.85,16.3202252074304,0.621974816022525,0.879574827143726,0.640847283747416,0.270157350380785
74.95,0.85,16.2092957761856,0.622801906298259,0.87806129642992,0.644864643253903,0.270498794632626
74.96,0.85,16.0985917300837,0.621999600460998,0.876949783662463,0.643485625797742,0.270552263179617
74.97,0.85,15.9881268706925,0.624645177378653,0.87416046689874,0.647526730297881,0.272051651818867
74.98,0.85,15.8779149176052,0.626112987028589,0.875160852807689,0.642607942402984,0.267321013250489
74.99,0.85,15.76796950079,0.625063769301917,0.875889320012181,0.646688437869278,0.268432213124067
75,0,15.6583041530925,0.629837814355021,0.877525622950046,0.644438276393276,0.269908560014193
75.01,0,15.548932302902,0.629048825388003,0.873730177845094,0.645117064891112,0.270251515378936
75.02,0,15.4398672669819,0.630366041900701,0.871727274432562,0.645076690913537,0.269047052693757
75.03,0,15.3311222434718,0.629207319686646,0.875849309355434,0.647076018736638,0.272404249328294
75.04,0,15.2227103050658,0.631605931396634,0.873505558091674,0.645400106716162,0.270768923665422
75.05,0,15.1146443923692,0.634894785477214,0.874995510549527,0.647453926166741,0.268484506292506
75.06,0,15.006937307441,0.635764149795959,0.872748313059676,0.646773295090271,0.270272730986282
75.07,0,14.8996017075227,0.635577806437686,0.871086419716858,0.645796644978185,0.26905937874223
75.08,0,14.7926500989594,0.636861722288253,0.871651262007984,0.646833599209666,0.270840439714417
75.09,0,14.6860948313143,0.640335784396387,0.873987862313761,0.648194057708455,0.269945756761083
75.1,0,14.579948091682,0.641698903989286,0.871724284044955,0.646036370321841,0.270889803098044
75.11,0,14.4742218992007,0.641796802261733,0.872258588147627,0.646605940258893,0.270311152116319
75.12,0,14.3689280997676,0.643969699221014,0.872171960373228,0.645539804865574,0.268749351773796
75.13,0,14.2640783609586,0.645521243617783,0.872826967990712,0.647881122779129,0.269961050324294
75.14,0,14.1596841671549,0.64565566596631,0.871822064427083,0.648557457586801,0.269564692327997
75.15,0,14.0557568148769,0.645662065598803,0.872064350240645,0.647766861383702,0.268766176178273
75.16,0,13.9523074083282,0.648072475069065,0.873887670878136,0.646048364613393,0.271084241939265
75.17,0,13.8493468551492,0.650625988956831,0.869467717834615,0.648653388846004,0.271491400684959
75.18,0,13.7468858623826,0.648971602265669,0.867896979023422,0.649647021125104,0.272065918417742
75.19,0,13.6449349326492,0.650982631351536,0.869800832780885,0.647847181705212,0.269235349471998
75.2,0,13.5435043605372,0.651733024679599,0.868785135518717,0.647865525774719,0.269529006908183
75.21,0,13.4426042292013,0.656006301387138,0.866616101021262,0.647184183598689,0.269423564436318
75.22,0,13.3422444071749,0.658389677050693,0.869445379633475,0.647733435235432,0.270569149428353
75.23,0,13.242434545392,0.65796194698372,0.868403510859895,0.648476063405135,0.270957973335152
75.24,0,13.1431840744201,0.659348740774235,0.869279549741905,0.647375483492864,0.272446276152266
75.25,0,13.0445022019012,0.65814478965641,0.867464619456771,0.64637525451456,0.27152983367823
75.26,0,12.9463979102016,0.662642173568543,0.868340733097507,0.647581362182951,0.270253383292103
75.27,0,12.8488799542673,0.663007753845776,0.868767372942513,0.647636053016747,0.274266674274334
75.28,0,12.7519568596843,0.66328527422,0.870235952950035,0.649499411499394,0.27183509812553
75.29,0,12.6586763764249,0.666764023239496,0.866958699594952,0.647151433780112,0.268962563915703
75.3,0,12.5908951377909,0.667911311705154,0.867147987407266,0.648196916387515,0.26939280346806
75.31,0,12.535765014858,0.666790624932566,0.86553534038746,0.64913627709312,0.269359470985003
75.32,0,12.4834467816811,0.663560391191836,0.86598449018347,0.649611200855682,0.271808113999162
75.33,0,12.4317269605807,0.66751982857262,0.865169680019464,0.64784829441049,0.269731897861528
75.34,0,12.3802131096459,0.67025109011567,0.867731188455471,0.649729685879239,0.269827306221108
75.35,0,12.3288489838894,0.670378287238099,0.866524210230305,0.648629250114991,0.268879819941815
75.36,0,12.2776347544701,0.66893778024052,0.864563357240957,0.649312540596721,0.270872844152632
75.37,0,12.2265795748597,0.671751135177102,0.864047462656657,0.649298714990927,0.26838726791699
75.38,0,12.1756939115295,0.672975721016954,0.864711990234711,0.6502343890039,0.271683859413966
75.39,0,12.1249883306367,0.671964287547725,0.863635870749039,0.647542990525831,0.269529004219367
75.4,0,12.0744733061704,0.672562759225469,0.864133601278065,0.651379136395371,0.271059763125451
75.41,0,12.0241591877236,0.673501240417702,0.865009140410814,0.648391626155226,0.272369909472899
75.42,0,11.9740561931561,0.672766235157395,0.863099810925666,0.652865143286851,0.270902205480496
75.43,0,11.9241744052303,0.673594067448066,0.860998467800967,0.649978783079849,0.271513355261897
75.44,0,11.8745237689824,0.677409902031609,0.861050600404737,0.650447821095551,0.273032035770625
75.45,0,11.8251140893268,0.676407327490485,0.86223550391446,0.650346578651413,0.270791593604539
75.46,0,11.7759550288153,0.676639935321458,0.859056375205303,0.649607090415014,0.270394872895518
75.47,0,11.7270561055392,0.67722682311644,0.862995097482249,0.65154239531912,0.270493167248045
75.48,0,11.678426691169,0.677424515577245,0.863287035463273,0.651466129933114,0.27422438493442
75.49,0,11.6300760091322,0.679115470676091,0.861384571112112,0.65140566615539,0.268907654629983
75.5,0,11.5820131329272,0.679978259133609,0.858144400859511,0.649727306557576,0.270091691150622
75.51,0,11.5342469845706,0.680141552292936,0.862960286098882,0.651731620286978,0.271328055024151
75.52,0,11.4867863331777,0.682059029099355,0.863345002446813,0.652805032312371,0.266313144224092
75.53,0,11.4396397936731,0.679469565730419,0.859455334568536,0.652638996831051,0.268981097229752
75.54,0,11.39281582563,0.680530268972389,0.85876956426111,0.649671058848997,0.269167979455797
75.55,0,11.3463227322363,0.682631412518807,0.861909376697088,0.651205118151417,0.270952563494645
75.56,0,11.3001686593842,0.682246610339895,0.857908854456125,0.650735208888821,0.270023119193247
75.57,0,11.2543615948828,0.681928505773131,0.860127464656624,0.65256276169866,0.269589233299047
75.58,0,11.2089093677892,0.686435631416569,0.860063057670068,0.65261676652241,0.271896437288738
75.59,0,11.1638196478569,0.684394287191247,0.859851817300449,0.651105287622309,0.269398917691025
75.6,0,11.1190999450986,0.684742181363495,0.858467489737764,0.652012385961437,0.270272775663798
75.61,0,11.0747576094607,0.688541902273105,0.859524814105754,0.653690690595303,0.270027989814196
75.62,0,11.030799830606,0.686456502474452,0.858975972303245,0.654443514982398,0.269793943629107
75.63,0,10.9872336378033,0.686706206906151,0.860443679369117,0.653529684434881,0.27014845591819
75.64,0,10.9440658999194,0.685978185317468,0.858530178650971,0.65285286067694,0.26977202481289
75.65,0,10.9013033255113,0.687769414904747,0.858559928051744,0.656222548418443,0.270928409464463
75.66,0,10.8589524630151,0.688265507848538,0.856732221024874,0.653815138228991,0.268551869369366
75.67,0,10.8170197010298,0.690619251903244,0.855401481036743,0.652429813268664,0.2691366718089
75.68,0,10.7755112686905,0.690803921673508,0.857000327070596,0.654037165571454,0.271642084753468
75.69,0,10.7344332361301,0.691459946057096,0.858172375484429,0.652276134873779,0.269810355709692
75.7,0,10.6937915150253,0.694105768506031,0.856068113321517,0.654165296226608,0.271947411402193
75.71,0,10.6535918592232,0.694039976650728,0.856718105174422,0.654532822280179,0.269837346312836
75.72,0,10.6138398654467,0.691512271253591,0.857866539731844,0.654610529053477,0.269589728317255
75.73,0,10.5745409740731,0.690787483017067,0.8581149256089,0.653478224446972,0.268223013367187
75.74,0,10.5357004699853,0.694031657560704,0.857553514311849,0.654444195458775,0.270600701708847
75.75,0,10.4973234834905,0.694716229247303,0.85373569344924,0.654007425693883,0.268565532464578
75.76,0,10.4594149913032,0.696942328517542,0.853114182943229,0.656152435054173,0.269240281412048
75.77,0,10.4219798175897,0.695987693870644,0.851580499521562,0.654841929137136,0.269696216312161
75.78,0,10.3850226350715,0.694400911961465,0.854108721381593,0.653995715838419,0.27022712216793
75.79,0,10.3485479661818,0.69809006209635,0.853245375091769,0.656261440855493,0.268022899639122
75.8,0,10.312560184275,0.698672240127243,0.853268685851688,0.651453498078059,0.269090601254188
75.81,0,10.2770635148837,0.697583071366383,0.851041221383634,0.654067170650408,0.271409654394574
75.82,0,10.2420620370205,0.699281961832222,0.853430000218585,0.656418681110678,0.270038225046732
75.83,0,10.207559684522,0.699091632410749,0.85490075128649,0.656264596693107,0.270648615371048
75.84,0,10.1735602474312,0.699345907280089,0.855107557558412,0.652894633571775,0.271257562906545
75.85,0,10.1400673734149,0.700707061167913,0.851362746075771,0.656633335789585,0.268059026234917
75.86,0,10.1070845692144,0.70248324711007,0.855393309213616,0.65844498143581,0.26928831987791
75.87,0,10.0742982139074,0.701274358347371,0.8542912820062,0.656006932079244,0.269272734521135
75.88,0,10.0415633003009,0.701372398357635,0.851803786901846,0.657573930236705,0.272040625120086
75.89,0,10.0092247148751,0.700984328937796,0.851398966751981,0.652661084941467,0.271831872422787
75.9,0,9.97739712456509,0.701489300853425,0.849422118450623,0.654253123045989,0.271711474246381
75.91,0,9.94610878518773,0.702594019123313,0.851937613185756,0.655247385432713,0.268259905932801
75.92,0,9.91536765479179,0.702320454987958,0.851797521841377,0.656502085154935,0.271356278928889
75.93,0,9.88517730725136,0.703730518316989,0.85006578239384,0.656320946532809,0.266445891003098
75.94,0,9.85554031615557,0.707023205810776,0.852265381800701,0.653572095171877,0.270015728512926
75.95,0,9.82645894954141,0.706418150312792,0.850002843493764,0.654806996783682,0.269643911821848
75.96,0,9.79793531203932,0.703704524424517,0.849465112523986,0.655379888021265,0.267157199292536
75.97,0,9.76997137500721,0.705806038722954,0.849263439138012,0.65674847467266,0.271857403062619
75.98,0,9.74256898404422,0.705629221923543,0.852242337522091,0.65589824584851,0.270652807204775
75.99,0,9.71572986193332,0.708778041729535,0.847867816380866,0.656993603338981,0.270493126013177
76,0,9.68945561065267,0.703321374857974,0.848093874089438,0.655336825819299,0.270412081252701
76.01,0,9.66374771318867,0.709033301603913,0.848496100180352,0.656172362984766,0.271012295305194
76.02,0,9.63860753529695,0.708032303152253,0.849158623950874,0.656814431370821,0.268643202628223
76.03,0,9.61403632723915,0.707106455799853,0.847741144254714,0.657180192837008,0.271064022836315
76.04,0,9.59003522549969,0.706365334837463,0.850734608275742,0.656210827807792,0.269120726832205
76.05,0,9.56660525448137,0.707780294399038,0.849614535131076,0.655957352710961,0.26963192151844
76.06,0,9.54374732817856,0.708130428282699,0.847937423358046,0.657264535425243,0.270370355569124
76.07,0,9.52146225182589,0.710424673108061,0.848271490644523,0.657916337217003,0.27128874930614
76.08,0,9.49975072352089,0.708473971256357,0.848242156645673,0.658993170861869,0.270215727063288
76.09,0,9.47861333581862,0.706034768661957,0.84611822338837,0.657745563066945,0.272714180816423
76.1,0,9.45805057729729,0.709646248483271,0.847711885894623,0.657018067053388,0.270575175162208
76.11,0,9.43806283409269,0.709681800878199,0.845661334283665,0.656617023152339,0.271342260496268
76.12,0,9.41865039140056,0.711982974683611,0.844796792700248,0.65833821925074,0.271590957243158
76.13,0,9.39981343494542,0.710083785437385,0.846063779754564,0.657732622192563,0.270709618593333
76.14,0,9.38155205241453,0.712875743985972,0.843699539643257,0.656232868091927,0.270385867191747
76.15,0,9.36386623485614,0.710946413499595,0.846323638589809,0.655270916112503,0.269444240122227
76.16,0,9.34675587804064,0.712267251654374,0.846194547395996,0.657256743675237,0.269011029438732
76.17,0,9.33022078378399,0.711557955303912,0.845265599082058,0.656890444997941,0.270951437402458
76.18,0,9.3142606612323,0.713808508553768,0.847928986934915,0.659490245162321,0.272674564033487
76.19,0,9.29887512810704,0.709225234250738,0.845531634403252,0.65717763351449,0.266850355326673
76.2,0,9.28406371191002,0.71368611925713,0.847713656946487,0.655793420577194,0.270238410703723
76.21,0,9.26982585108761,0.71245949875689,0.8446061792598,0.656450312474493,0.268239743091299
76.22,0,9.2561608961537,0.712082930681953,0.845454083986886,0.657242152977138,0.268440724077649
76.23,0,9.24306811077098,0.713291568864128,0.845695251687354,0.657959958918239,0.270505546955732
76.24,0,9.23054667279015,0.712422250281899,0.843230166351157,0.656191741452898,0.273301593665888
76.25,0,9.21859567524696,0.712852289956525,0.845921791784215,0.656590709299581,0.269051738715087
76.26,0,9.20721412731678,0.713617597715261,0.843447323770757,0.657298245582586,0.270859441817974
76.27,0,9.19640095522661,0.712441484210857,0.844617265400477,0.655917884931314,0.271876238425122
76.28,0,9.18615500312468,0.714370544104663,0.843343382846232,0.655675426461742,0.271843247723642
76.29,0,9.17647503390763,0.713939578322547,0.843440278247522,0.656290391775977,0.270041147997924
76.3,0,9.16735973000539,0.714018523709764,0.84371174752617,0.656533667118462,0.268988925534117
76.31,0,9.15880769412412,0.712952289435962,0.84174346638339,0.658239335805156,0.268262658238591
76.32,0,9.15081744994759,0.714001483064902,0.842538615410495,0.657492044289732,0.270357883136807
76.33,0,9.1433874427971,0.714268180715626,0.842233381292353,0.658521681378125,0.269915623623996
76.34,0,9.13651604025084,0.715326095694498,0.844717143974265,0.658212348241746,0.271872647778676
76.35,0,9.13020153272298,0.715575780517898,0.840538607323342,0.657451332540751,0.268111681772508
76.36,0,9.12444213400323,0.714191158242033,0.840533366208072,0.657660744090149,0.269032886991815
76.37,0,9.11923598175756,0.716256278563178,0.84275607400264,0.658038543962767,0.270738192595244
76.38,0,9.11458113799082,0.714647383084776,0.839173265629827,0.654696568915035,0.271210812634081
76.39,0,9.11047558947228,0.714016857726458,0.841217769597043,0.65863569989278,0.271554004365882
76.4,0,9.10691724812489,0.715388279192493,0.83754346331287,0.659098084957373,0.268468727652639
76.41,0,9.10390395137915,0.714481082050911,0.843403839910906,0.656309677295947,0.268593592991166
76.42,0,9.1011751542582,0.713323969448351,0.839119875391459,0.655518425428062,0.270278341251562
76.43,0,9.09854011805438,0.718693724241518,0.839628251605884,0.656559795618906,0.272015487502294
76.44,0,9.09599845066751,0.716767271184395,0.840213831286449,0.65421107151298,0.267316479561427
76.45,0,9.09354973103217,0.714128792706812,0.839955167560839,0.658403747956127,0.269638362037828
76.46,0,9.09119350937999,0.714993605358809,0.841195997261639,0.656947935824866,0.270982566258898
76.47,0,9.08892930751628,0.716095469472189,0.841383218231134,0.656465932768695,0.269794169952489
76.48,0,9.08675661911075,0.716169683723861,0.841918592090475,0.654474218329268,0.268168361873751
76.49,0,9.08467491000219,0.7136814030442,0.83931806538158,0.653329558445499,0.270183240298642
76.5,0,9.08268361851674,0.714826664387933,0.83898651877824,0.656688827482498,0.268732775865332
76.51,0,9.08078215579978,0.714706525439326,0.840275873440712,0.654814014527807,0.272727187504574
76.52,0,9.07896990616096,0.715283468352189,0.837027784863692,0.652906329834412,0.270649136451087
76.53,0,9.07724622743229,0.715828987919514,0.838144417298377,0.654795781523488,0.271355431821044
76.54,0,9.07561045133889,0.716101344411047,0.839379762980463,0.657516856067565,0.266422460654934
76.55,0,9.0740618838824,0.714279928878829,0.837705586034023,0.65790075467637,0.269924206443247
76.56,0,9.07259980573642,0.713994857309517,0.837240266806235,0.654942171071131,0.270166653041902
76.57,0,9.07122347265407,0.715975196835667,0.838860138439138,0.656951396512703,0.272057129756076
76.58,0,9.06993211588706,0.717321399834356,0.839487184659596,0.655502365036869,0.270246928066284
76.59,0,9.06872494261626,0.712377033331865,0.839672593623777,0.654501122271816,0.273169129028307
76.6,0,9.06760113639329,0.714475139750057,0.835319741004666,0.655818734967891,0.271335991064211
76.61,0,9.06655985759287,0.715696404609167,0.840480994199656,0.656777937243518,0.269881971690519
76.62,0,9.06560024387566,0.711222249672605,0.836969712172885,0.65531802834041,0.271448834571669
76.63,0,9.08746732358883,0.714547426921467,0.836729110034572,0.656416753657533,0.269289376318461
76.64,0,9.11933591671947,0.713001129967597,0.835462615171102,0.65585894329594,0.270340457844799
76.65,0,9.13490164539498,0.712313604725361,0.836558176952146,0.655731661936326,0.270910150146737
76.66,0,9.14602660493251,0.715799227009184,0.834457529017151,0.652990605639037,0.269140767135879
76.67,0,9.156461994927,0.714200455327031,0.836670025456438,0.652842788374466,0.268973673221636
76.68,0,9.16709828972457,0.712873381098763,0.838815109494006,0.653223223263263,0.271487958332049
76.69,0,9.17813096295951,0.708159299432325,0.837474715793298,0.654512359969657,0.27129297419355
76.7,0,9.18959952261887,0.709920572015533,0.838558674023301,0.654250468919903,0.270377114065751
76.71,0,9.20150918861859,0.710745192467727,0.835808196962298,0.652664432033484,0.271161487341651
76.72,0,9.21385764360806,0.710280218669849,0.837535584202964,0.654175895124783,0.269379734417259
76.73,0,9.22664087131276,0.710923376655451,0.834111517117361,0.653001188155772,0.27017992464146
76.74,0,9.23985442870447,0.709180196704586,0.835302355227562,0.653823587149675,0.270697129134582
76.75,0,9.2534937233136,0.709859724323275,0.83324289256016,0.652805316700404,0.271500628585751
76.76,0,9.26755407382408,0.709355447334388,0.837047628032291,0.655200372570125,0.268800914600766
76.77,0,9.28203072345344,0.708786851199396,0.837097542715732,0.64939970090259,0.269352135402895
76.78,0,9.29691884306064,0.708687162727879,0.835542106005477,0.652963838145493,0.269155647434512
76.79,0,9.31221353203979,0.71150310095477,0.836028246891721,0.652135389673918,0.269885733564145
76.8,0,9.32790981876053,0.709297480194314,0.834981171341055,0.653848793082039,0.270890330390932
76.81,0,9.34400266094122,0.708573525292476,0.83313346122095,0.651462959213966,0.270794577388279
76.82,0,9.36048694604081,0.707935009875701,0.835964283609527,0.652220964748085,0.269987003872874
76.83,0,9.37735749169019,0.704556450557222,0.834326824399302,0.651921461955232,0.267331684753835
76.84,0,9.39460904616863,0.704744576910716,0.834614410671857,0.650310986175194,0.273853970783793
76.85,0,9.41223628892846,0.706191770826427,0.836514139762512,0.650820893569962,0.270940728121837
76.86,0,9.43023383117005,0.708202800175432,0.833997346715534,0.652025159862398,0.270653682844185
76.87,0,9.44859621646905,0.706327806753018,0.835360996629817,0.649724182381005,0.270557819068493
76.88,0,9.46731792145765,0.704841498487263,0.83644575963171,0.653505471886832,0.270470113221462
76.89,0,9.48639335656167,0.707248258932038,0.835439685322019,0.651841509069369,0.269803655105701
76.9,0,9.50581686679541,0.706502595021627,0.834581565785068,0.651679502598961,0.272333447815752
76.91,0,9.52558273261572,0.705217965182623,0.832261078924987,0.649241499798807,0.271443779006716
76.92,0,9.54568517083687,0.704676746011513,0.83430725925821,0.65154095518271,0.270161920452109
76.93,0,9.56611833560815,0.706014069479813,0.832022337110277,0.649881513664574,0.269872684032114
76.94,0,9.58687631945511,0.704771744875899,0.833231215378984,0.651351751354843,0.268313832447735
76.95,0,9.60795315438635,0.70372232679583,0.831301769348207,0.650925681509191,0.270067314199573
76.96,0,9.62934281306699,0.703006565870972,0.833258456451993,0.651350911082311,0.268197287909528
76.97,0,9.65103921005993,0.701620633431326,0.833297821356787,0.64711485072474,0.270687815689314
76.98,0,9.67303620313642,0.70076065561424,0.833199996618077,0.651029568514673,0.269490619149831
76.99,0,9.69532759465673,0.701617377811841,0.830612636466385,0.64893397725053,0.270206261675993
77,0,9.71790713302207,0.700222884142777,0.835338974310528,0.648514090693315,0.269172379409991
77.01,0,9.74076851419856,0.703074821934659,0.833574135756116,0.650987724316149,0.26945295404863
77.02,0,9.76390538331425,0.699802339793871,0.835082775305855,0.647767667741203,0.267660117402499
77.03,0,9.7871619681949,0.69837476547552,0.832378014303271,0.648128178670063,0.270262418536841
77.04,0,9.81022593846015,0.698586807040629,0.83061899215011,0.647482384907414,0.27005931002989
77.05,0,9.83337207053369,0.697622769194067,0.832965411507584,0.649294055728238,0.269791210806722
77.06,0,9.85672020291593,0.698392154489438,0.831819997213335,0.650297526772071,0.267575965232236
77.07,0,9.8802938679894,0.696219236507136,0.831115575656545,0.649261564661269,0.267796987304671
77.08,0,9.90409289485577,0.698144823867419,0.831871449942861,0.649990647453863,0.269580785666058
77.09,0,9.92811205631572,0.698655301270396,0.832324991058541,0.648195750275012,0.269184619610593
77.1,0,9.95234507321173,0.696481589102425,0.832515228371603,0.648401720957904,0.270401234209539
77.11,0,9.97678543228919,0.692900343325999,0.831434134936727,0.646233772356508,0.267713583322064
77.12,0,10.0014265519238,0.697222707033668,0.831690502439715,0.646413832314711,0.271088438351462
77.13,0,10.0262618170743,0.69467815701628,0.830848343795275,0.646947438408703,0.267623423698211
77.14,0,10.0512845882245,0.695558132374518,0.832933782164922,0.649596748658796,0.271497560799591
77.15,0,10.0764882052052,0.696132553485728,0.831921397221175,0.64938808054169,0.269564118148626
77.16,0,10.1018659900513,0.691934649363783,0.831234644408909,0.645429446187825,0.269675775451645
77.17,0,10.1274112497202,0.69398383174296,0.831633348603622,0.646543931125176,0.273174181009709
77.18,0,10.1531172788354,0.694339096052496,0.832857332733677,0.647401132657133,0.271030247377097
77.19,0,10.1789773624868,0.694450156346366,0.830935956601123,0.647272452536096,0.27016817392436
77.2,0,10.2049847790925,0.690192528122491,0.83017688065195,0.646284505929218,0.271688392629124
77.21,0,10.2311328033233,0.694777510036706,0.83201314178745,0.64675344867502,0.270698911667359
77.22,0,10.2574147090874,0.691627824117496,0.829449244390419,0.646263438245898,0.268727943652175
77.23,0,10.2838237725749,0.693093847259468,0.832302929764925,0.646435861187221,0.271346251185257
77.24,0,10.3103532753598,0.691336505491653,0.831882181904951,0.643769556337116,0.268270659801993
77.25,0,10.3369965075581,0.690530708508672,0.83241888897725,0.646454345613482,0.270792261854407
77.26,0,10.3637467710394,0.687750831638838,0.830488994554551,0.64483810724215,0.269969718091752
77.27,0,10.3905973826919,0.688775135925074,0.829395461468765,0.647458410524212,0.271127905229702
77.28,0,10.4175416777362,0.688265742410714,0.830865849593648,0.646457077613516,0.268714693980663
77.29,0,10.4445730130877,0.686978570289454,0.827914355809962,0.645165486236894,0.268300718099385
77.3,0,10.4716847707643,0.687700691330278,0.830508868622837,0.646926952099438,0.270792191042707
77.31,0,10.4988703613378,0.685493320600051,0.83117652800433,0.647505425899522,0.271129551131549
77.32,0,10.5261232274254,0.685828589856783,0.832792596041763,0.645272020145178,0.270530892087009
77.33,0,10.5534368472206,0.684412989722043,0.831598226772047,0.646437834403276,0.27079447607487
77.34,0,10.580804738058,0.687724464301868,0.830497634594232,0.645661247865346,0.267948113416598
77.35,0,10.6082204600132,0.684028001591271,0.830088526701677,0.643550948022792,0.272195102691446
77.36,0,10.6356776195304,0.683903443449653,0.830938925088818,0.643917714686598,0.269621131646806
77.37,0,10.6631698730791,0.684170211386571,0.82958846446382,0.645408446548309,0.26905571793442
77.38,0,10.6906909308342,0.685196631700137,0.832362544520738,0.642881104561206,0.270071489793394
77.39,0,10.7182345603774,0.684334716776493,0.832343424878876,0.643579667422459,0.270239979132184
77.4,0,10.7457945904163,0.680327697159393,0.830759039919591,0.644333162237476,0.271341989879444
77.41,0,10.7733649145195,0.680977384554547,0.830926675631167,0.64425658735846,0.268352790162206
77.42,0,10.8009394948623,0.68315052978952,0.830769398181745,0.644347560387271,0.270750264430923
77.43,0,10.8285123659815,0.681237295819106,0.831590359415335,0.646950258755355,0.271391355161976
77.44,0,10.8560776385352,0.681048535508034,0.833879169373677,0.64395336079946,0.268614365532914
77.45,0,10.8836295030639,0.681598296145135,0.832449170184732,0.644579446634385,0.271394580658367
77.46,0,10.9111622337511,0.680964965897979,0.831453196706946,0.641434837131439,0.271997347380401
77.47,0,10.9386701921773,0.678178033351606,0.831108022702937,0.644702058145149,0.270760970200111
77.48,0,10.9661478310665,0.680738691474516,0.828399719212208,0.644326918880932,0.269363465922362
77.49,0,10.9935896980207,0.678737563000569,0.831041629480952,0.642882947331122,0.269946813205556
77.5,0,11.0209904392378,0.675876229361267,0.828170157874969,0.644317041515344,0.269789806413441
77.51,0,11.048344803212,0.679148337077635,0.832090325431434,0.648106420011649,0.272384417207548
77.52,0,11.07564764441,0.674549181004887,0.831764652420945,0.645826833366621,0.270612979632814
77.53,0,11.1028939269223,0.676804389675615,0.826768013419387,0.643979815198519,0.271939288581737
77.54,0,11.1300787280842,0.675811317434064,0.832422018928542,0.641794319026208,0.269241311849878
77.55,0,11.1571972420636,0.676756217436004,0.829813692499257,0.641823001122928,0.268890393393465
77.56,0,11.1842447834129,0.673678712823857,0.830623023175826,0.644330764662195,0.272032463663974
77.57,0,11.2112167905796,0.676683409551558,0.831903075162432,0.642393300364229,0.271660926544713
77.58,0,11.2381088293741,0.673885362356848,0.831946608872873,0.642216335630125,0.268581562544933
77.59,0,11.2649165963905,0.671735200394878,0.832137174781569,0.642990109113295,0.270747755111557
77.6,0,11.2916359223765,0.670739725285904,0.831003400799718,0.645040837282162,0.271576430880533
77.61,0,11.3182627755503,0.674262051990265,0.833052093297474,0.644637560218304,0.270833161903474
77.62,0,11.3447932648593,0.672576470356203,0.830331334875763,0.644606771537551,0.270688746689692
77.63,0,11.3712236431803,0.673811193508923,0.83239137222244,0.645016267802502,0.270104139120679
77.64,0,11.3975503104547,0.669541399754524,0.83319592530764,0.641581872036239,0.272015905090373
77.65,0,11.4237698167581,0.672308570124064,0.829841055506006,0.642559256052437,0.268454749694325
77.66,0,11.4498788652999,0.669404138693458,0.833837477297957,0.644983483459655,0.270900628177714
77.67,0,11.4758743153507,0.671665805133016,0.832599160763529,0.642994601949442,0.271541514043109
77.68,0,11.5017531850945,0.669268534130253,0.832275050439858,0.64489045896469,0.270961743002465
77.69,0,11.5275126544019,0.671324487963326,0.830168451181764,0.64529892250113,0.269055443051811
77.7,0,11.5531500675236,0.666790968439519,0.831287014386628,0.645497189101162,0.268301160931524
77.71,0,11.5786629356996,0.668190206963854,0.832688535090375,0.642501890891785,0.272267141549742
77.72,0,11.6040489396827,0.668673099801636,0.831897526439064,0.640923276187328,0.267708908008847
77.73,0,11.6293059321738,0.668563678629623,0.833481115024665,0.645394427421167,0.271105911922292
77.74,0,11.6544319401663,0.668113536372252,0.830921831878875,0.644511073353857,0.271047057028873
77.75,0,11.6794251671979,0.670032418150567,0.831318899264282,0.64388330049568,0.271644477411665
77.76,0,11.7042839955075,0.667285543894086,0.832816201863277,0.639384692281479,0.270751114554875
77.77,0,11.7290069880952,0.662804831766207,0.829876259733683,0.643871264482133,0.269609359718997
77.78,0,11.7535928906832,0.667384327453682,0.832410827358007,0.64124417154219,0.271931280729135
77.79,0,11.7780406335777,0.666158574124911,0.835369471805248,0.6427698184751,0.271172341922606
77.8,0,11.8023493334273,0.664338025632957,0.830685028169724,0.644687783455767,0.271179577281191
77.81,0,11.8265182948788,0.665216818085932,0.831504010843958,0.641611311602534,0.27136648330972
77.82,0,11.8505470121288,0.663447901678837,0.830542229886474,0.644185069285759,0.268910354922158
77.83,0,11.8744351703684,0.662438807226287,0.834254017358361,0.639545883882996,0.268804582908143
77.84,0,11.8981826471221,0.663996209079152,0.833727522813809,0.643947407150778,0.270127285494974
77.85,0,11.921789513478,0.661736096244185,0.835032263677449,0.644199885644694,0.26788107862005
77.86,0,11.9452560352102,0.662265609500005,0.830302420294398,0.642704167726077,0.269136853732409
77.87,0,11.9685826737916,0.661536156790161,0.831202323569478,0.643790266526362,0.269012654935066
77.88,0,11.9917700872975,0.660099577654462,0.83558053865603,0.641737150720527,0.27047611302559
77.89,0,12.0148191311987,0.659435040055223,0.830541983763322,0.644129999365546,0.269323178653506
77.9,0,12.0377308590446,0.661222940420617,0.83247934474746,0.643509120917421,0.269486862574016
77.91,0,12.0605065230366,0.657895787458465,0.832032892166534,0.64480710810549,0.271709024694691
77.92,0,12.0831475744906,0.660457341136241,0.833992865459299,0.645039454642746,0.266743799346479
77.93,0,12.1056556641898,0.660337377665095,0.831605280998237,0.642539748074155,0.270947906790628
77.94,0,12.1280326426282,0.661561543287977,0.830896096745662,0.64243525264422,0.268948289994815
77.95,0,12.1502805601448,0.660532360427451,0.830401495857209,0.640784047668565,0.268705456003983
77.96,0,12.1724016669492,0.657039391036516,0.833093768389235,0.644266755446198,0.269659662801938
77.97,0,12.1943984130398,0.657759684453778,0.833140797655174,0.643794623291261,0.271149481633748
77.98,0,12.2162734480149,0.660501251448598,0.832295066198797,0.644044871894864,0.269047140490429
77.99,0,12.2380296207784,0.657836003009026,0.834231390854459,0.642878390170481,0.270452226875322
78,0,12.2596699791403,0.656640068187366,0.83335263125858,0.642191593137662,0.270463863436894
78.01,0,12.2811977693146,0.659779931971503,0.835253756302926,0.639829234105788,0.271157683634016
78.02,0,12.3026164353145,0.655180142915237,0.833285346717455,0.64417839524995,0.270547266024685
78.03,0,12.3239296182473,0.656052964976406,0.831972460984586,0.642108855646508,0.272514389724878
78.04,0,12.3451411555111,0.659683112792642,0.833158686015505,0.643883151397064,0.271354253288509
78.05,0,12.3662550798936,0.65452812577908,0.8334454563602,0.644452787611491,0.269057894369061
78.06,0,12.387275618576,0.656673324368061,0.832846975811125,0.643889758179266,0.268353115504089
78.07,0,12.4082071920436,0.653491761744092,0.831726447063857,0.64392252168619,0.272237078503126
78.08,0,12.429054412905,0.655992141190241,0.834825463339298,0.644545143576062,0.268486936764903
78.09,0,12.4498220846224,0.654730035027222,0.834842909281947,0.643326484769984,0.270184702125699
78.1,0,12.4705152001546,0.653172709545497,0.833149327135143,0.64511739071623,0.269437029741429
78.11,0,12.491138940516,0.651598857218507,0.835869349847389,0.643764403700094,0.270175697917684
78.12,0,12.5116986732528,0.652065481578031,0.83345423056968,0.645673035629567,0.270149504596388
78.13,0,12.53219995084,0.651546416291336,0.836748690462543,0.646549154268934,0.268277246967966
78.14,0,12.5526485090005,0.652291112126288,0.838452969283875,0.646136447190914,0.268689807188506
78.15,0,12.5730502649506,0.654658540620717,0.833770459033207,0.644884882747763,0.270702024492698
78.16,0,12.5934113155725,0.6520802272027,0.834806425356918,0.644063409063444,0.268185269240564
78.17,0,12.6137379355184,0.649767098596141,0.836088108248934,0.644298037177856,0.270993637737817
78.18,0,12.6340365752479,0.651715365512582,0.833375493285577,0.643880721293834,0.268536402497478
78.19,0,12.6543138590017,0.650991488141697,0.836417003921243,0.643636404051393,0.270449812308126
78.2,0,12.6745765827144,0.650675123068938,0.835795311576786,0.645043756001214,0.271117659871081
78.21,0,12.6948317118696,0.648061369057671,0.833923157389611,0.645605622809869,0.268825353267575
78.22,0,12.7150863792999,0.650635235968951,0.83507667629087,0.648558029473069,0.271875980696569
78.23,0,12.7353478829352,0.650547986836096,0.832341781920955,0.647003662425515,0.2714444704878
78.24,0,12.7556236835011,0.651571653678399,0.834511136521807,0.644658798922128,0.271236873564175
78.25,0,12.7759214021717,0.649357951299546,0.836570651895017,0.645771630444163,0.268332200852598
78.26,0,12.7962488181792,0.64863074969968,0.837195091905367,0.646932130100078,0.268196147127397
78.27,0,12.8166138663829,0.647508606568814,0.838185766824917,0.644959777908838,0.269087686944915
78.28,0,12.8370246348016,0.647841322814228,0.835948009444171,0.646204872676721,0.26955547651054
78.29,0,12.8574893621103,0.650069404827983,0.836121247762437,0.645698315823981,0.270190697238837
78.3,0,12.8780164351073,0.649022412971451,0.838362742259115,0.646916599526342,0.270122917114465
78.31,0,12.8986143861512,0.647638664067358,0.835882772697562,0.64707596306545,0.270657197769771
78.32,0,12.9192918905729,0.643693839839053,0.836772603901887,0.649898546637124,0.27007719844813
78.33,0,12.9400577640651,0.648487917848312,0.83782351726391,0.646086303899015,0.268734151350227
78.34,0,12.9609209600513,0.645558228200912,0.837775066106303,0.649408720406817,0.268700873019825
78.35,0,12.9818905670375,0.647292562134628,0.838394610215979,0.647175860218429,0.270375036683671
78.36,0,13.0029758059499,0.646904269807776,0.837896198461521,0.647343804081856,0.270234950658104
78.37,0,13.0241860274605,0.644489807040464,0.836390899952767,0.645764009383417,0.268717056589234
78.38,0,13.0455307093031,0.643877594754583,0.838454696862562,0.648292582000466,0.269992053516827
78.39,0,13.0670194535834,0.645146188592138,0.83935111651718,0.645033091220041,0.271234504199369
78.4,0,13.088661984084,0.645913362403655,0.839116200239916,0.648155049615417,0.269530610513525
78.41,0,13.1104681435681,0.645074234216811,0.83498005299207,0.648393009694608,0.270799876109986
78.42,0,13.1324478910839,0.642056254496056,0.840324142343242,0.648373316128406,0.272665822307851
78.43,0,13.1546112992717,0.644932532716687,0.835840404557464,0.649489611511789,0.269416749300623
78.44,0,13.1769685516752,0.643480870713372,0.836766971862853,0.649847644072739,0.271356930382705
78.45,0,13.1995299400615,0.643190305015022,0.840611607352758,0.647247181611987,0.268580093966421
78.46,0,13.2223058617487,0.644866231047017,0.83849245195333,0.652528036079405,0.269529788349159
78.47,0,13.2453068169455,0.640299990042162,0.840435044284592,0.648603361281536,0.26976886066363
78.48,0,13.268543406103,0.637510764105785,0.84097956313798,0.649119830693841,0.271521543765004
78.49,0,13.292026327282,0.640050883248202,0.83774539384454,0.65012099939105,0.269235072736075
78.5,0,13.3157663735353,0.642101029527151,0.839127585953427,0.651585512337866,0.268757044515961
78.51,0,13.3397744303093,0.643870951919238,0.839523135458432,0.649238745045987,0.269735477439661
78.52,0,13.3640614728632,0.642324355757396,0.842466060118955,0.652316667561955,0.26941659367006
78.53,0,13.3886385637103,0.641160720156277,0.840259937292339,0.648721371901195,0.270459454677996
78.54,0,13.41351685008,0.640992730589707,0.839576818243837,0.648287930266371,0.270288893416104
78.55,0,13.4387075614029,0.639190226105114,0.841574507807391,0.648952030458239,0.269831054895176
78.56,0,13.4642220068204,0.638827095588546,0.838863470274717,0.652799545874458,0.272187351971711
78.57,0,13.4900715727183,0.639775735989741,0.841363768234825,0.648850533763671,0.268465257765648
78.58,0,13.5162677202867,0.63813789205743,0.841550168899974,0.649678248194809,0.270080773445694
78.59,0,13.5428219831052,0.63711615142884,0.843432634790572,0.649944989880007,0.270624372217567
78.6,0,13.5697459647561,0.638510298174958,0.841080197615602,0.653155357761246,0.270940453752083
78.61,0,13.5970513364642,0.637593500149055,0.839344801353796,0.651510975079593,0.270363776275296
78.62,0,13.6247498347636,0.635934589938253,0.84136936611722,0.650941278683386,0.269976054979976
78.63,0,13.6528532591938,0.636817202474333,0.84162168452767,0.652445884239048,0.268688722626689
78.64,0,13.6813734700224,0.636073004943776,0.843932185012405,0.651079014456352,0.269496597448246
78.65,0,13.7103223859961,0.634456063922542,0.844798178376195,0.650204014556947,0.271076971803036
78.66,0,13.7397119821195,0.634083656670228,0.840409376156948,0.650297397394023,0.26953954225638
78.67,0,13.7695542874615,0.63730733444784,0.842075269125528,0.653968622177645,0.267593949780864
78.68,0,13.7998613829886,0.633074225034618,0.8420915601379,0.650414079585805,0.270962092035836
78.69,0,13.8306453994255,0.635121400670625,0.844966837557102,0.650338628181567,0.269804753707638
78.7,0,13.8619185151405,0.635503426288757,0.840114120410709,0.654174697448568,0.26966474370713
78.71,0,13.893692954058,0.633283724407817,0.843955769491349,0.651524276430879,0.269164317426199
78.72,0,13.9259809835944,0.633877695853941,0.84201773016791,0.653325487505194,0.27235647821264
78.73,0,13.9587949126185,0.631528668578948,0.843335052871586,0.654272069034049,0.270157922751782
78.74,0,13.9921470894338,0.631829627863312,0.842167557659323,0.651797802651364,0.272022491919819
78.75,0,14.0260498997834,0.631253043609493,0.845298553778656,0.653319501933247,0.269238343972831
78.76,0,14.0605157648747,0.634111980323685,0.845856324206984,0.653954999961781,0.270021383830382
78.77,0,14.0955571394228,0.629906373953028,0.843515567983022,0.653659770037414,0.269236347754346
78.78,0,14.1311865097129,0.628451092484221,0.843066219948303,0.650809420730548,0.269878212534962
78.79,0,14.1674163916775,0.629271497410393,0.84334698664266,0.655415624275166,0.269603054842367
78.8,0,14.2042593289887,0.629505833203337,0.843426573653418,0.652918491743576,0.272711851486202
78.81,0,14.2417278911639,0.626760043140495,0.844686738324741,0.653011715848362,0.271348794195139
78.82,0,14.2798346716814,0.628356637845836,0.844008391466156,0.654884456415622,0.269622695100222
78.83,0,14.3185922861067,0.627553456178834,0.847708602271797,0.655736122764106,0.267829768938201
78.84,0,14.3580133702248,0.626851314835044,0.845613398015051,0.653047798852721,0.269524787032891
78.85,0,14.3981105781784,0.629578584661527,0.842896781714178,0.653041025713526,0.26940008232819
78.86,0,14.4388965806096,0.627432972567466,0.844361512152731,0.655514271704608,0.270914598178736
78.87,0,14.4803840628017,0.627406799722569,0.845840895336149,0.65511838151505,0.267578991284847
78.88,0,14.5225857228205,0.626645480021069,0.848651764031476,0.653742831075347,0.272782658655043
78.89,0,14.5655142696515,0.62552589142079,0.84903931262665,0.654284020798075,0.267956738851291
78.9,0,14.6091824213317,0.62521448224361,0.848414857224117,0.655772024722573,0.271395198230399
78.91,0,14.6536029030727,0.622888442255702,0.848429895597204,0.654273450154508,0.270356879611128
78.92,0,14.6987884453726,0.623057907509433,0.849200926184248,0.655013299715691,0.270143897053319
78.93,0,14.7447517821151,0.622337534221255,0.848653825059115,0.656350508290909,0.269920760656713
78.94,0,14.7915056486523,0.623818674758981,0.848691880868039,0.654693626205774,0.272092648581258
78.95,0,14.8390627798687,0.624311962488555,0.846744957506781,0.65475036952472,0.269792148743266
78.96,0,14.8874359082238,0.618402325465344,0.849614335636724,0.652295055263174,0.270541368962086
78.97,0,14.9366377617712,0.618759696043995,0.849157780210577,0.653258484206953,0.269534279868544
78.98,0,14.9866810621499,0.618345050216682,0.847775464547127,0.654112649315789,0.270080083888027
78.99,0,15.0375785225468,0.62005845188952,0.845088915602265,0.656510704745858,0.271220063855247
79,0,15.0893428456262,0.617432342671001,0.848032503111432,0.6531355721604,0.269446143676487
79.01,0,15.1419867214247,0.617674088491752,0.851356423967211,0.654986783500174,0.272439275409859
79.02,0,15.1955228252068,0.617337191928895,0.848151314790539,0.655941466306597,0.269494497267769
79.03,0,15.2499638152809,0.61571901305879,0.849250284988043,0.655812374870959,0.270289173603726
79.04,0,15.3053223307703,0.61781687654035,0.85313354473973,0.655395449048266,0.268764460954392
79.05,0,15.3616109893377,0.616811244789721,0.85000341468521,0.655828935245688,0.267446336616726
79.06,0,15.4188423848605,0.61403371807725,0.85179183876792,0.653793252864678,0.269642199947323
79.07,0,15.4770290850534,0.614987568141857,0.851262995841792,0.656087480019067,0.270586423236801
79.08,0,15.5361836290346,0.612466909652468,0.851187132910295,0.657293885176177,0.2717450162602
79.09,0,15.5963185248356,0.613023800437003,0.851325622139638,0.657601767199506,0.267739706444308
79.1,0,15.657446246848,0.612315981428641,0.85097927911828,0.655885071437175,0.271233827020812
79.11,0,15.7195792332077,0.611246050067941,0.853266930506481,0.657885587745086,0.270989777465982
79.12,0,15.782729883112,0.609969832924809,0.852155046726294,0.657482271110506,0.27036336986456
79.13,0,15.8469105540668,0.60827894145902,0.851512854364032,0.655410960047739,0.270690401486387
79.14,0,15.9121335590622,0.609403354504291,0.853260301526685,0.655715741787395,0.271033987581898
79.15,0,15.9784111636727,0.607835328505163,0.854890821626526,0.65676886299501,0.268772069272269
79.16,0,16.0457555830809,0.60758596164329,0.854034933634015,0.657291454051301,0.270130406421405
79.17,0,16.1141789790194,0.605960718472946,0.85510038572654,0.658001894499342,0.26914125336604
79.18,0,16.1836934566319,0.606623459449102,0.852230850301338,0.654572749232199,0.271501862410187
79.19,0,16.2543110612482,0.605124774436035,0.853529120499363,0.657453110975987,0.27012164868914
79.2,0,16.3260437750716,0.60366808085699,0.854153566585918,0.656904968953052,0.268175101011064
79.21,0,16.3989035137775,0.603645553088931,0.853131819342904,0.658395326570968,0.268050804311442
79.22,0,16.4729021230189,0.602693934294004,0.852688670832017,0.658276155479413,0.268369174116744
79.23,0,16.5480513748382,0.603614895037792,0.856075441145637,0.656362882393947,0.270707693587697
79.24,0,16.6243629639827,0.600028394197068,0.85655083109452,0.657910782702684,0.26884221157692
79.25,0,16.701848504122,0.599083498953646,0.857938203691186,0.655432903616877,0.271609152740834
79.26,0,16.7809014703701,0.599959392421747,0.856611910222546,0.65680475815093,0.27067974366837
79.27,0,16.8625167275137,0.598983986459171,0.855421216124695,0.657443648396179,0.269075734712284
79.28,0,16.9459554131983,0.597937601104539,0.85555114965489,0.656957740265985,0.271822297884732
79.29,0,17.0308213978823,0.599239571331071,0.856304518866501,0.656829562620721,0.271666300227152
79.3,0,17.1170098921996,0.596991953705448,0.853906167292124,0.657876617696695,0.267981976081352
79.31,0,17.2045022114367,0.592444619875763,0.855067459386386,0.65574840888957,0.269969007033269
79.32,0,17.2933023047017,0.59609526979355,0.855459523022413,0.656051491759194,0.269527256237856
79.33,0,17.383419868088,0.592325211088266,0.859794687180062,0.655331952970563,0.270642388777116
79.34,0,17.4748659847257,0.592903198388019,0.86123553975223,0.656255948556743,0.270981154846316
79.35,0,17.5676520038522,0.593446906985686,0.856974347880549,0.657531234138663,0.267107817736809
79.36,0,17.6617892500923,0.589374607426614,0.856741501038189,0.65480655600246,0.270141041238541
79.37,0,17.7572889450858,0.590480678680718,0.859712051811073,0.65640211943933,0.270184926486754
79.38,0,17.8541621833474,0.589311931953498,0.861595899521109,0.656843493382876,0.269708023096807
79.39,0,17.9524199219078,0.588497738267264,0.857706833005682,0.659039002584645,0.269522944778166
79.4,0,18.052072973388,0.586294989968077,0.856888999072757,0.657660935793902,0.269746051006794
79.41,0,18.1531319998568,0.58589833636824,0.85886513942039,0.65592757230917,0.268446506622973
79.42,0,18.2556075067935,0.584867267689195,0.859738942124101,0.660745801917324,0.269023967056187
79.43,0,18.3595098369826,0.584161481785692,0.858947085906042,0.65491221870639,0.270010919055538
79.44,0,18.4648491642974,0.582402459630796,0.858979987981428,0.65549028922919,0.269172796722944
79.45,0,18.5716354873598,0.580739839075592,0.860072722735943,0.65527618346729,0.268383978580991
79.46,0,18.6798786230773,0.580337723819269,0.861137686177794,0.654983464636107,0.269888499851441
79.47,0,18.7895882000547,0.579997429921448,0.861257469638229,0.65508553179416,0.269770183764271
79.48,0,18.9007736518837,0.578850952921425,0.86217856206407,0.657665635117983,0.269337998245822
79.49,0,19.0134442103114,0.577864219674885,0.860492102490803,0.65939158825621,0.271457889543078
79.5,0,19.1276088982892,0.576382402416541,0.86196608424498,0.655514687413719,0.267488284138901
79.51,0,19.2432765229045,0.577499349225909,0.864114938433828,0.655633699603187,0.268421170993949
79.52,0,19.3604556681985,0.57312915415743,0.861133410760116,0.658067201267897,0.271868197015187
79.53,0,19.4791546878701,0.572629119664177,0.863069519750227,0.656334935053287,0.273804126509844
79.54,0,19.5993816978722,0.571564299608889,0.862470779870623,0.655453522987435,0.2688192706588
79.55,0,19.7211445689005,0.570789843597896,0.861790706309583,0.654560139524606,0.270050234983893
79.56,0,19.8444509187803,0.570554281741003,0.86725088606741,0.656073633456478,0.268290155254978
79.57,0,19.9693081047532,0.567534512782694,0.862614336870437,0.655169086746078,0.272734550986676
79.58,0,20.0957232156692,0.568249048611603,0.862345510904424,0.657876902650496,0.268457200806705
79.59,0,20.2237030640868,0.566358247227723,0.864280044627164,0.656867604150202,0.27051205869894
79.6,0,20.3532541782874,0.563166288735146,0.863761812829883,0.655584789960689,0.269810439710995
79.61,0,20.4843827942064,0.565214140300458,0.862264335462846,0.656908829506551,0.268954854689753
79.62,0,20.6170948472881,0.563251432324152,0.864157090928088,0.655324468811526,0.272413718069666
79.63,0,20.7513959642678,0.558904269164927,0.862933194648585,0.655904459103427,0.269880422713258
79.64,0,20.887291454889,0.559388515510493,0.86426376922437,0.656071533518822,0.26886042473846
79.65,0,21.0247863035582,0.55935301085789,0.862541660024775,0.653239040992114,0.269297380340811
79.66,0,21.1638851609464,0.558532590215376,0.866604082773697,0.655916547047658,0.273313279462867
79.67,0,21.3045923355429,0.557645404400331,0.865985261299341,0.656185537563904,0.269412555792445
79.68,0,21.4469117851657,0.557270231650475,0.86409766098477,0.655247836863433,0.268548258433712
79.69,0,21.5908471084394,0.555260595410489,0.865499069732712,0.655276396909365,0.269147073894856
79.7,0,21.7364015362444,0.554046079429027,0.868323671941529,0.65379930038735,0.268729091873534
79.71,0,21.8835779231464,0.551483031585474,0.866051568595257,0.655230064683325,0.270642393853526
79.72,0,22.0323787388142,0.551437275544544,0.868041571903562,0.656204857890946,0.269445840930678
79.73,0,22.1828060594325,0.553898244400519,0.864810151449185,0.654859373511303,0.270968743421168
79.74,0,22.3348615591189,0.552378057468445,0.867011105377795,0.654732335781575,0.270066366157929
79.75,0,22.4885465013538,0.546484757884342,0.86950514303078,0.654361275977403,0.270549058141965
79.76,0,22.6438617304314,0.546203295351894,0.866229608261168,0.654716551175537,0.268440344958292
79.77,0,22.800807662941,0.546913511159899,0.866466625224186,0.653650779527863,0.269448075480774
79.78,0,22.9593842792877,0.545196173823411,0.869172716219428,0.654145568772739,0.268735903777599
79.79,0,23.1195911152629,0.544487015410146,0.871354874586254,0.654624616871585,0.268325026032992
79.8,0,23.281427253673,0.545254510076125,0.867260731307676,0.65487371205129,0.2704009050204
79.81,0,23.4448913160376,0.540669414438364,0.868117392015124,0.654717850292929,0.269447462485013
79.82,0,23.6099814543659,0.54184600101224,0.873166986049363,0.65494097584438,0.268619223821871
79.83,0,23.776695343024,0.53837582465973,0.871279685681688,0.652870593383001,0.27402153032428
79.84,0,23.9450301707009,0.538044554551833,0.868890480974466,0.652712876645878,0.269484903297133
79.85,0,24.1149826324862,0.53521269769906,0.872279490999758,0.652252557023845,0.269354528781003
79.86,0,24.2865489220697,0.534949281440937,0.871129187984371,0.651796436463238,0.269246722737429
79.87,0,24.4597247240741,0.531127266169169,0.870423395489381,0.653855749190054,0.269021561940079
79.88,0,24.6345052065319,0.532518621843592,0.870318094240033,0.653039786807124,0.267284935335638
79.89,0,24.8108850135185,0.531909479917333,0.872110041589343,0.652544430675191,0.268616484905229
79.9,0,24.9888582579525,0.531385802782579,0.871732796389845,0.652054340360072,0.267787815548155
79.91,0,25.1684185145762,0.526092045710131,0.873026635632925,0.650524993524998,0.268791413062611
79.92,0,25.3495588131262,0.527135851759997,0.873772491365513,0.651926093211873,0.26984884912346
79.93,0,25.5322716317072,0.526729073421182,0.871957092344691,0.652635906736809,0.271137383303899
79.94,0,25.7165488903824,0.523715777029534,0.871061244856218,0.65158219231385,0.27033285574859
79.95,0,25.9023819449892,0.523944713186429,0.874904282993311,0.654379933923853,0.27061356600618
79.96,0,26.0897615811956,0.521928159158452,0.871746278584458,0.652251234129728,0.270135277745955
79.97,0,26.2786780088075,0.517532807856045,0.872617803511559,0.655367828745178,0.271454379030388
79.98,0,26.469120856341,0.520964503617175,0.876926042068587,0.653169144059075,0.267646382383143
79.99,0,26.6610791658691,0.518564369195191,0.876138001862554,0.650193935220038,0.270277751828243
80,0.85,26.8545413881579,0.516708601902623,0.876423323620318,0.653040682147438,0.272750126513199
80.01,0.85,27.049495378103,0.514214685470583,0.874740953549946,0.653355467887567,0.270358412636779
80.02,0.85,27.2459283904775,0.516128353676958,0.8730782615294,0.650591819600707,0.271548915571772
80.03,0.85,27.4438270760061,0.514232523553096,0.87389082775597,0.65338350256877,0.270431251859997
80.04,0.85,27.643177477774,0.510362596585549,0.876722027731811,0.648357026882245,0.270391077723095
80.05,0.85,27.8439650279853,0.511359831743752,0.876486318783108,0.653933654412795,0.267469407890956
80.06,0.85,28.046174545081,0.510030472574355,0.875969350485782,0.651295776731168,0.268804959716428
80.07,0.85,28.2497902312283,0.506926619982253,0.878917183257062,0.650126635214459,0.2681614526479
80.08,0.85,28.4547956701927,0.506764853994887,0.877284381210549,0.650824978968321,0.269443779785643
80.09,0.85,28.661173825605,0.507181307528871,0.876216218963836,0.650814586461295,0.269165102503982
80.1,0.85,28.8689070396318,0.503651608047471,0.877732071111209,0.652219416508282,0.267841465814423
80.11,0.85,29.077977032063,0.504321893241442,0.879374591648425,0.649368497803957,0.27108704286586
80.12,0.85,29.2883648998246,0.502305143725537,0.879817876649542,0.653462514541399,0.269815889855305
80.13,0.85,29.5000511169284,0.500168911122476,0.87862711126954,0.650931412871858,0.266719819940033
80.14,0.85,29.7128504222637,0.500951120222504,0.877719380005593,0.650763044159642,0.268807832417238
80.15,0.85,29.9236776710403,0.499048655994664,0.878667207699282,0.649799297865014,0.269952649275047
80.16,0.85,30.1333864953877,0.497053122650025,0.877714592916372,0.649715482640874,0.268604659507032
80.17,0.85,30.3435777766527,0.495107947386254,0.879068878629169,0.649335980079092,0.270241939298195
80.18,0.85,30.5547156477917,0.496551912325116,0.880800333944369,0.645683651030352,0.268365960014192
80.19,0.85,30.7668993146679,0.492185286409921,0.88174338767989,0.648780641550087,0.270873112677136
80.2,0.85,30.9801347303285,0.490767777786336,0.879177737617965,0.647856512564599,0.270692791161186
80.21,0.85,31.1944048431909,0.490317748998821,0.880100952165615,0.649429385826237,0.269342526774923
80.22,0.85,31.409686675555,0.490870432773499,0.883533412965381,0.647068007564722,0.267402823309858
80.23,0.85,31.6259554157318,0.489070062886312,0.882940603410074,0.649485064526939,0.271584171139486
80.24,0.85,31.8431853982251,0.488800499383421,0.879572277411165,0.646745794676103,0.27185869356862
80.25,0.85,32.0613503420531,0.485146909160331,0.881571174294598,0.647114634640207,0.268614094230812
80.26,0.85,32.2804234127029,0.484158793334217,0.880694569978147,0.648679061796457,0.269422170151356
80.27,0.85,32.5003772424539,0.48340322664307,0.882679879788915,0.6479934583678,0.269251600274229
80.28,0.85,32.7211839411659,0.483384754659867,0.88269437855482,0.646995089165285,0.270356846667243
80.29,0.85,32.9428151051775,0.4796755005285,0.882246786781895,0.648004867470118,0.270822046112342
80.3,0.85,33.1652418261403,0.476771767998659,0.883954462583267,0.646943842808714,0.271485778445679
80.31,0.85,33.3884347002224,0.479052900211152,0.880941038286082,0.647024639645596,0.267543834891677
80.32,0.85,33.6123638377842,0.478033872430452,0.883149641587205,0.647130546606853,0.268091802487247
80.33,0.85,33.8369988735525,0.475519609087973,0.885520838784913,0.648521062928108,0.270463744372679
80.34,0.85,34.0623089772954,0.473864057130184,0.883516292001552,0.645352363811632,0.268941531369088
80.35,0.85,34.288262864999,0.474003351466216,0.88474310256468,0.644882103013975,0.272753029298273
80.36,0.85,34.5148288105435,0.473952625362797,0.885145594885542,0.648773173177151,0.271202754740935
80.37,0.85,34.741974657875,0.466717799328379,0.885111690168463,0.645475502530459,0.268812921491196
80.38,0.85,34.9696678336701,0.469412103723989,0.887060364154914,0.645155977342956,0.268406663596732
80.39,0.85,35.197875360488,0.470901727383807,0.885374537985853,0.647982083441302,0.269879810697319
80.4,0.85,35.4265638704059,0.469993349587407,0.886109453570912,0.64540975834968,0.268842617676006
80.41,0.85,35.6556996191305,0.467044851370115,0.885701212083069,0.649463352212241,0.270189768438358
80.42,0.85,35.8852485005811,0.469322740982015,0.886392517880126,0.644264386974959,0.269249013631091
80.43,0.85,36.1151760619346,0.46670529174506,0.888851439479763,0.646362685274752,0.270620503851172
80.44,0.85,36.3454475191272,0.465823635183537,0.885437822054887,0.646268489637211,0.270762227009038
80.45,0.85,36.5760277728021,0.4648322714244,0.888421993459545,0.643366866842778,0.270058480763477
80.46,0.85,36.8068814246954,0.464529350520835,0.887743265287511,0.646412073641518,0.271158338428385
80.47,0.85,37.0379727944494,0.461751183356277,0.890025245603708,0.64567224760281,0.269143379325798
80.48,0.85,37.2692659368434,0.46031420462147,0.888530244760667,0.644324925473364,0.270165349697914
80.49,0.85,37.5007246594309,0.458825675398236,0.888523391118364,0.645396041079144,0.269691709768139
80.5,0.85,37.7323125405701,0.459044356289273,0.888097688653466,0.646044289887221,0.270454251188964
80.51,0.85,37.9639929478375,0.45624267564145,0.889408724549497,0.64571160047732,0.269701983898081
80.52,0.85,38.1957290568084,0.458532461961368,0.890636262500394,0.64682327669733,0.268986643355158
80.53,0.85,38.4274838701941,0.455578377767748,0.890126005529113,0.642645226785208,0.271052244369501
80.54,0.85,38.6559163972539,0.453755835441479,0.889229925017981,0.649568403676945,0.27099402343195
80.55,0.85,38.8558383011133,0.454349667003095,0.888956433378849,0.644287618741902,0.270161474164566
80.56,0.85,39.0392173545214,0.454102688622682,0.891673555879076,0.644358094066902,0.270957315819138
80.57,0.85,39.2174873688045,0.44853003273693,0.890646251283239,0.643974292789451,0.268032538532939
80.58,0.85,39.3623636261133,0.450047512325156,0.892568465569948,0.642675918744368,0.271478450044545
80.59,0.85,39.4538858287297,0.45095899596897,0.891285747528044,0.646199788693516,0.270803813569144
80.6,0.85,39.5268160346901,0.450272671656283,0.890952400376082,0.643356247485274,0.26995529271435
80.61,0.85,39.5939297864236,0.450964513353582,0.892891171219959,0.643546660021618,0.270523493219914
80.62,0.85,39.6585461160121,0.447987918803798,0.891163737378324,0.643247019995121,0.27206763007807
80.63,0.85,39.721457370514,0.450847100064691,0.887075594533625,0.645031676545243,0.268041828144677
80.64,0.85,39.7828358195508,0.450311017293096,0.892544269904977,0.647950878969317,0.266974779474744
80.65,0.85,39.8427051036008,0.448550850794491,0.891602636815868,0.641257757948295,0.269199447486551
80.66,0.85,39.901053808349,0.448284986834267,0.891314941538299,0.643129154380024,0.270108613590571
80.67,0.85,39.9578626247121,0.448658061416741,0.893682709608115,0.641708482929936,0.271113392661428
80.68,0.85,40.0131108323822,0.449606677231006,0.8947334956723,0.640198563940438,0.269279849450733
80.69,0.85,40.0667778523541,0.450486670928304,0.890985965352834,0.644425495107503,0.270361139088726
80.7,0.85,40.1188436254074,0.449362822291392,0.89451186307955,0.644519415641489,0.268763104602805
80.71,0.85,40.1692887112197,0.449202633893293,0.89483536167425,0.645829716864317,0.270142515361775
80.72,0.85,40.2180943208474,0.447532325319605,0.894023277664913,0.641774390082541,0.271054860294305
80.73,0.85,40.2652423330824,0.448310227481534,0.893510649810669,0.642645480562752,0.269591869018949
80.74,0.85,40.3107153066526,0.4453511518663,0.895263471446237,0.642926638395512,0.270189326495938
80.75,0.85,40.3544964910939,0.448480040639492,0.89466154155034,0.642564587318903,0.26842026683871
80.76,0.85,40.3965698369496,0.446888808382019,0.89422286675822,0.644022408981434,0.269201616852586
80.77,0.85,40.4369200054458,0.444517257698746,0.89811350909318,0.643513565680688,0.271733666470321
80.78,0.85,40.4755323776689,0.447551472311851,0.900098594526879,0.645272907482775,0.272281271086187
80.79,0.85,40.5123930632419,0.446591611364087,0.895216658498732,0.641655712848824,0.270692065073244
80.8,0.85,40.5474889084929,0.447171331555598,0.896579922886186,0.643240234653242,0.271904484682353
80.81,0.85,40.5808075041055,0.446088713876391,0.895957573678124,0.641548123797241,0.269231466167392
80.82,0.85,40.612337192243,0.446063658436137,0.89699928612176,0.642278244095896,0.267983477294186
80.83,0.85,40.642067073138,0.446967826714239,0.893389595796037,0.641953878007182,0.270148484537543
80.84,0.85,40.669987011138,0.447557737327981,0.895322761108525,0.645045798353779,0.267973040304459
80.85,0.85,40.6960876402027,0.449391503968589,0.896906841590462,0.642786960019386,0.269840587098707
80.86,0.85,40.7203603688442,0.445547190088015,0.898298809102359,0.644273769697832,0.270841633157461
80.87,0.85,40.7427973845059,0.445243549292566,0.898887609769207,0.644630079520566,0.272479105130581
80.88,0.85,40.7633916573727,0.445876598442855,0.89758458343263,0.642691917848566,0.271449497047893
80.89,0.85,40.7824146992253,0.447149276116435,0.895994152196972,0.644548221885793,0.268420478791838
80.9,0.85,40.8010233157154,0.450841695950304,0.895913727185224,0.643651790749549,0.269161177840246
80.91,0.85,40.8193260499138,0.44745823070909,0.899943961675551,0.642244293126569,0.269181078814474
80.92,0.85,40.8373226629322,0.449472959598324,0.898614313160469,0.645905236082027,0.270602953809188
80.93,0.85,40.8550130016587,0.445513553523472,0.897390882799767,0.643215916995749,0.269484228960554
80.94,0.85,40.8723969985186,0.447430115921643,0.899715072535096,0.641956850602333,0.271733812337991
80.95,0.85,40.8894746712099,0.44657231882969,0.897492015652991,0.644070787907192,0.268604046405223
80.96,0.85,40.9062461224131,0.44467830592763,0.898835281678038,0.641836060223804,0.268384205564856
80.97,0.85,40.9227115394752,0.446945897276154,0.898744594578908,0.644413697570993,0.270554269306617
80.98,0.85,40.9388711940696,0.44940953467968,0.900776061590485,0.643074456420505,0.268134558875078
80.99,0.85,40.9547254418293,0.44607624551049,0.898414170341386,0.642035167212326,0.272797682394118
81,0.85,40.9702747219563,0.448234932236779,0.900017224787072,0.641976208827904,0.271162437663452
81.01,0.85,40.9855195568049,0.446419722467734,0.903825304591135,0.640079735734645,0.268846670181744
81.02,0.85,41.0004605514411,0.446239696452301,0.900350471970968,0.642621994346286,0.272446231081874
81.03,0.85,41.0150983931764,0.444580716368548,0.900087221449407,0.643981831107189,0.271188910986104
81.04,0.85,41.0294338510768,0.446436298422402,0.901305390457532,0.641215536447966,0.267213864358636
81.05,0.85,41.0434677754481,0.443806231242776,0.903944751215933,0.643676612952525,0.268572160917937
81.06,0.85,41.0572010972957,0.446890809353754,0.900380342046874,0.644398344926298,0.268093783355391
81.07,0.85,41.0706348277607,0.445743064267406,0.901692242727393,0.641982326209648,0.269253271652634
81.08,0.85,41.0837700575309,0.446251108516754,0.901087658787819,0.642687546492815,0.270761460584714
81.09,0.85,41.0966079562288,0.446763095372517,0.901706250862366,0.64579325969453,0.270096324514303
81.1,0.85,41.1091497717742,0.446713997834832,0.902646644592647,0.644924538871888,0.268980178887029
81.11,0.85,41.1213968297244,0.447738718201538,0.904444069621053,0.6439987694261,0.271038342811542
81.12,0.85,41.1333505325889,0.44571368334685,0.902998673899822,0.643075143161133,0.270138872594354
81.13,0.85,40.9771842264213,0.447554559542167,0.902256512016979,0.644144207290271,0.269338396391457
81.14,0.85,40.8916841643027,0.447531414537464,0.900771184896335,0.645016039006127,0.269491946594851
81.15,0.85,40.8478612761366,0.450102349011779,0.903570504350978,0.64311962655881,0.271233909242314
81.16,0.85,40.8135746300246,0.45005713721606,0.905364341299315,0.643716719968556,0.267962799569075
81.17,0.85,40.7801893064503,0.448832546024615,0.901544359619407,0.643062426599902,0.267960819510512
81.18,0.85,40.7456919468451,0.448282417326413,0.904386650469027,0.645262494872706,0.271099142429246
81.19,0.85,40.7096394873759,0.449429706015795,0.905150269447946,0.642320038017167,0.271879368046443
81.2,0.85,40.6719458696252,0.448326370393345,0.905315834613205,0.644646906301941,0.268166423414622
81.21,0.85,40.6326055072343,0.450575223237367,0.905870269206576,0.642894840672829,0.273308592151402
81.22,0.85,40.5916312177848,0.449300551444383,0.9052127699443,0.643724669651156,0.271272789673726
81.23,0.85,40.5490403573844,0.452488780443363,0.904360894967276,0.642709759328547,0.266683727241929
81.24,0.85,40.5048517219837,0.451897570469252,0.904196557048229,0.644028286605135,0.270422652629452
81.25,0.85,40.4590848469693,0.451435763421248,0.906762708225959,0.643040825555434,0.26916728355331
81.26,0.85,40.411759839924,0.450100573156791,0.906402316233202,0.644072864926442,0.269938268943263
81.27,0.85,40.3628973315967,0.450916156581729,0.90742928553426,0.644120504776307,0.270922752483111
81.28,0.85,40.3125184528988,0.454319564208687,0.908111002206418,0.647244610559804,0.271713235809878
81.29,0.85,40.2606448174837,0.449368890877769,0.906109106218602,0.644867570915098,0.271179634436548
81.3,0.85,40.2072985053907,0.451991581703289,0.908900618274555,0.644887751353389,0.265872386134114
81.31,0.85,40.1525020467669,0.452897294403546,0.907444897081028,0.645814049346534,0.270642292285576
81.32,0.85,40.0962784054616,0.450661255258938,0.908671955309146,0.647888622715421,0.271402481923559
81.33,0.85,40.0386509624613,0.452912707759536,0.906467297736987,0.644641627049086,0.26848433136729
81.34,0.85,39.9796434991711,0.457417829308637,0.909109008085656,0.644520254469887,0.269942174236926
81.35,0.85,39.9192801805564,0.453629352939888,0.90760150407446,0.644527224060436,0.268351493318431
81.36,0.85,39.8575855381628,0.454926087342426,0.90817753218226,0.647116721424197,0.269718114276055
81.37,0.85,39.7945844530282,0.455513487686747,0.909087354043809,0.645810529432346,0.269904890015863
81.38,0.85,39.7303021385061,0.454189876258685,0.908466992455781,0.64609895140224,0.271109241379752
81.39,0.85,39.6647641230155,0.456852905720089,0.907092182823951,0.645200679839132,0.269926934390138
81.4,0.85,39.5979962327332,0.453441390117365,0.906685440802771,0.648167746499682,0.269837181340898
81.41,0.85,39.530024574246,0.456215772215726,0.909872860019167,0.647796508119083,0.271041788520973
81.42,0.85,39.4608755171779,0.455293243266717,0.908933534080284,0.648853883256446,0.27190789433588
81.43,0.85,39.3905756768075,0.45628549667279,0.908981845687516,0.646953208477111,0.269358023100632
81.44,0.85,39.3191518966936,0.455911033470231,0.907492534521234,0.646995619411718,0.26996852691753
81.45,0.85,39.2466312313207,0.459095065302926,0.908894104393051,0.647503153612882,0.270710303520026
81.46,0.85,39.1730409287836,0.45603052561926,0.909923472439531,0.646329531478997,0.270306345144629
81.47,0.85,39.0984084135215,0.45945242899251,0.909760160043625,0.647338767993918,0.270042628043027
81.48,0.85,39.0227612691203,0.45567465132795,0.907824008526147,0.647278884203528,0.271511700246278
81.49,0.85,38.9461272211942,0.460536247261269,0.909495424117549,0.647673885379512,0.270259809370992
81.5,0.85,38.8685341203622,0.457109605153413,0.911929023928716,0.647322207846488,0.269745054678443
81.51,0.85,38.7900099253317,0.460333590389971,0.910727231071939,0.646775483677378,0.268264370857292
81.52,0.85,38.7105826861042,0.46097189030152,0.909881623412725,0.645068849989834,0.271529578797444
81.53,0.85,38.6302805273134,0.461803944325257,0.909805825733415,0.648300088273028,0.2714440757038
81.54,0.85,38.5491316317108,0.460673177849589,0.910543010559851,0.645204261212977,0.271791494357411
81.55,0.85,38.467164223809,0.462223433857828,0.911695172939183,0.648430163255862,0.269802182940638
81.56,0.85,38.3844065536941,0.463140122304056,0.912017559699414,0.647454646550614,0.268566582304976
81.57,0.85,38.3008868810206,0.462355860986364,0.913573785412059,0.648513140393286,0.271994187778459
81.58,0.85,38.2166334591971,0.463147378848085,0.909164566109598,0.646965578832136,0.2702752427802
81.59,0.85,38.1316745197744,0.462549474717135,0.907805534526614,0.648778658144509,0.271885823785573
81.6,0.85,38.0460382570462,0.462913312307125,0.910173687814133,0.649465054330814,0.268859635161103
81.61,0.85,37.9597528128707,0.464977183949625,0.912548958811828,0.649165215058123,0.270195815848011
81.62,0.85,37.8728462617238,0.464615062797631,0.912825636764996,0.6501082629295,0.267503385330964
81.63,0.85,37.7853465959909,0.464500087340234,0.910016623043941,0.649916588618032,0.271662103908264
81.64,0.85,37.6972817115064,0.466521073318291,0.913138778106785,0.64899686173464,0.269180150041008
81.65,0.85,37.6086793933487,0.465455259965426,0.912704190679077,0.646907580013064,0.270172723202797
81.66,0.85,37.5195673018969,0.466135464716893,0.912198434986393,0.650170731128108,0.269115377183811
81.67,0.85,37.4299729591574,0.468572670420644,0.91468776670101,0.651209107945981,0.270894865179121
81.68,0.85,37.3399237353662,0.468546693097907,0.914526172800549,0.649436914791747,0.270587416488995
81.69,0.85,37.2494468358717,0.469936388008903,0.911294989116187,0.651052583116053,0.267022621367591
81.7,0.85,37.1585692883055,0.468215220158619,0.912059324587315,0.650979722124173,0.26824056952233
81.71,0.85,37.0673179300443,0.469574213736526,0.915111005144248,0.65321985894717,0.26991432964301
81.72,0.85,36.9757193959691,0.468326679744323,0.914093816374924,0.650189196712308,0.269861654065197
81.73,0.85,36.8838001065242,0.470217887539642,0.914592582337306,0.650474495635483,0.270782054055337
81.74,0.85,36.7915862560806,0.469764078852188,0.911265186092614,0.651540302663624,0.270393579507736
81.75,0.85,36.6991038016075,0.470094748846117,0.912470756774598,0.651267324711979,0.266217398449818
81.76,0.85,36.6063784516534,0.472939568135073,0.913279331337617,0.64995449451235,0.26953600332378
81.77,0.85,36.5134356556401,0.472607231013516,0.912709017904806,0.651952280980234,0.269631622491156
81.78,0.85,36.4203005934718,0.471858262112567,0.916329100826653,0.647982065520155,0.270513825680699
81.79,0.85,36.3269981654604,0.471314882829618,0.913250658307624,0.65346526372201,0.268189376796016
81.8,0.85,36.2335529825679,0.473382017018861,0.911837788471368,0.652734092720533,0.270311694809543
81.81,0.85,36.1399893569675,0.476168220088234,0.914239238548954,0.653198909050404,0.269549656656429
81.82,0.85,36.0463312929239,0.471459689942618,0.915600775897225,0.649213176019969,0.267726999560492
81.83,0.85,35.9526024779912,0.475148287835497,0.916336122389582,0.652912656314015,0.270441131127536
81.84,0.85,35.8588262745313,0.474277537038764,0.9156027934127,0.651347647906895,0.271737765676909
81.85,0.85,35.7650257115481,0.479091198138932,0.915004762291522,0.654795950237381,0.270993632861787
81.86,0.85,35.6712234768407,0.473234552741446,0.915834753644031,0.653853986307712,0.270281970423204
81.87,0.85,35.577441909471,0.47714028330642,0.91588946053245,0.651409673481756,0.270503873034817
81.88,0.85,35.483702992546,0.481580069579915,0.914738849227795,0.654871274737555,0.271003711218109
81.89,0.85,35.3900283463122,0.476768206689401,0.91653184141259,0.654007583661471,0.270610821321583
81.9,0.85,35.29643922156,0.479865485931312,0.915188888468392,0.653898402478562,0.270190851471024
81.91,0.85,35.2029564933366,0.480102807973467,0.915224682039842,0.652231327885512,0.269780717060853
81.92,0.85,35.1096006549618,0.480736375890599,0.914856729106469,0.653805451842306,0.269963844495332
81.93,0.85,35.0163918123483,0.481179571811113,0.914384179885894,0.654914001753165,0.271386212306428
81.94,0.85,34.9233496786185,0.481836890274789,0.916584384879849,0.653403832538028,0.271454855146084
81.95,0.85,34.830493569018,0.483110787961186,0.914388475766891,0.653152318836147,0.271473988924579
81.96,0.85,34.7378423961204,0.483078757143579,0.915613589735862,0.653514848014919,0.270657354721534
81.97,0.85,34.6454146653195,0.478977982012823,0.917297692225091,0.653787014807341,0.273430429089965
81.98,0.85,34.5532284706059,0.482640318244775,0.918194343891427,0.654494283026869,0.269589150380566
81.99,0.85,34.4613014906228,0.485036158965463,0.918593105485889,0.65375308578974,0.270445488485037
82,0.85,34.3696509849973,0.485794966030888,0.919037513584733,0.654359953569817,0.271454016382796
82.01,0.85,34.2782937909421,0.484791879277664,0.916782961741142,0.654565027797154,0.267630279078497
82.02,0.85,34.1872463201234,0.482728228803812,0.916364953687883,0.653212545566435,0.267545362567464
82.03,0.85,34.0965245557899,0.487138586083892,0.91616702797728,0.653800229577013,0.269528560520941
82.04,0.85,34.0061440501589,0.486124790541321,0.913892595614068,0.653667431624692,0.270618392635755
82.05,0.85,33.9161199220526,0.487130592491014,0.919212446518779,0.653570110708984,0.272148645681394
82.06,0.85,33.8264668547819,0.48756222488306,0.918885401178673,0.650918986625372,0.26847926675804
82.07,0.85,33.7371990942705,0.488522516490375,0.918565403214204,0.655707880112006,0.26908444597115
82.08,0.85,33.6483304474154,0.487601268568398,0.915505964794086,0.653950879043512,0.270230935704249
82.09,0.85,33.559874280678,0.487542983646983,0.918471813205336,0.655778316985557,0.268387193105888
82.1,0.85,33.4718435189007,0.489685943346882,0.918164211536578,0.655250665672165,0.272115552785124
82.11,0.85,33.384250644343,0.492522852272235,0.919480906639284,0.656270564275293,0.271623948175701
82.12,0.85,33.2971076959331,0.491995332508995,0.916088282630371,0.656094879574914,0.270193068788601
82.13,0.85,33.2104262687283,0.492634616180194,0.917360192868856,0.658354533553527,0.265350563751034
82.14,0.85,33.1242175135792,0.490438736757976,0.915868836055571,0.655258108465518,0.269180806372892
82.15,0.85,33.0384921369929,0.490655002239421,0.917453269588432,0.6584329282912,0.269110795868191
82.16,0.85,32.9532604011893,0.492756757583213,0.918771737967945,0.656637620396473,0.271306063149622
82.17,0.85,32.8685321243451,0.492961117211953,0.919237293254619,0.655816463034005,0.270999033710733
82.18,0.85,32.7843166810208,0.49265817749922,0.917101712208456,0.656300476401099,0.27015244772459
82.19,0.85,32.7006230027649,0.491807584014475,0.918218484575944,0.653789949598216,0.268647519376537
82.2,0.85,32.6174595788908,0.493834350651886,0.917646104740063,0.655668563079686,0.270979977072458
82.21,0.85,32.53483445742,0.49573260796974,0.916967593704967,0.658294081588801,0.269463687967304
82.22,0.85,32.4527552461888,0.496993671059178,0.916825695277636,0.657629577313476,0.271300089142799
82.23,0.85,32.3712291141105,0.494226780949265,0.917728262285286,0.655103002873268,0.270373665215175
82.24,0.85,32.2902627925916,0.49822094859951,0.919541166468791,0.65746875262698,0.270474716651497
82.25,0.85,32.2098625770945,0.496288430834503,0.917505214496568,0.655575212306628,0.270795386227851
82.26,0.85,32.130034328843,0.497187885484243,0.918539749197107,0.653178706711604,0.26817523440581
82.27,0.85,32.0507834766672,0.497761481739614,0.919892460474043,0.653594162775951,0.267798476280638
82.28,0.85,31.9721150189806,0.4973183589306,0.918656031829097,0.656837909726859,0.269955883462205
82.29,0.85,31.8940335258883,0.498896370337282,0.917959076210981,0.657610709858845,0.2700139477502
82.3,0.85,31.8165431414191,0.499612786152536,0.916324458344459,0.656904368562405,0.268102764014937
82.31,0.85,31.7396475858794,0.499169783630985,0.915907822799761,0.656403327801439,0.270968194963833
82.32,0.85,31.6633286207557,0.501048854161991,0.917419991982586,0.659214374489245,0.26928606255874
82.33,0.85,31.586308059896,0.502775990090171,0.917469665420428,0.654980614255248,0.271314367718015
82.34,0.85,31.5087431681126,0.501892492190742,0.918113772455805,0.658541011758916,0.269640587489518
82.35,0.85,31.4314793471548,0.503375585817655,0.916930136132622,0.656055003629469,0.268383820550608
82.36,0.85,31.3547712251096,0.501533108415812,0.919766893457548,0.655451674799756,0.270977008543792
82.37,0.85,31.2786798977608,0.503154343418695,0.918590451627058,0.65420907588609,0.269971906488145
82.38,0.85,31.203219518061,0.505288521393803,0.91878979318125,0.654916333730402,0.269642361550524
82.39,0.85,31.1283933653514,0.505751483610559,0.91934159381263,0.660064884838478,0.270182122922639
82.4,0.85,31.0542020041087,0.506434259047799,0.918757307539775,0.658417625711354,0.271300277937652
82.41,0.85,30.980645087836,0.504175510291262,0.918538615772989,0.657808733045033,0.270072883848846
82.42,0.85,30.9077217570966,0.505029369141073,0.92015495587556,0.657238911463079,0.269357560617884
82.43,0.85,30.8354307294225,0.502701545387528,0.917732826959864,0.65603359388481,0.269687241200854
82.44,0.85,30.7637703219722,0.506018974608588,0.919278574244328,0.658719027455496,0.269144843878923
82.45,0.85,30.6927384595814,0.503640614381778,0.918238640744685,0.65760101960015,0.268045619080636
82.46,0.85,30.6223326796894,0.504781558834361,0.918361807890566,0.658600472233077,0.267959219388018
82.47,0.85,30.5525501366419,0.50564663547202,0.91766591933291,0.658042427648822,0.271136872938767
82.48,0.85,30.4833876059135,0.508916776051329,0.916699760576416,0.65597983085919,0.268268553526448
82.49,0.85,30.4148414883653,0.507907834088613,0.916851945301399,0.655035908410078,0.271188874642286
82.5,0.85,30.3469078145628,0.507101144778514,0.920448462964475,0.656383850532051,0.268468122347013
82.51,0.85,30.2795822491586,0.51095757971357,0.918567769306409,0.656417470255724,0.270499802926199
82.52,0.85,30.2128600953389,0.508756320421881,0.91882664194722,0.656554081478414,0.270924428994204
82.53,0.85,30.1467362993339,0.509251311013735,0.919908150466415,0.659164313712345,0.269951024932727
82.54,0.85,30.0812054549913,0.511884850716892,0.91931070868929,0.655091787567111,0.269335419827458
82.55,0.85,30.0162618084115,0.512223157436769,0.918577927861056,0.657418210856927,0.268871803348867
82.56,0.85,29.951899262644,0.510939423114875,0.918147044064249,0.6581206143652,0.270299265526333
82.57,0.85,29.8881113824455,0.511212300483073,0.918432055566853,0.655574007697258,0.269931815406688
82.58,0.85,29.8248913990979,0.51326600885577,0.918912248296946,0.65634383891417,0.270954356421214
82.59,0.85,29.7622322152872,0.512628311236182,0.91988816722532,0.657772915513469,0.267485299382601
82.6,0.85,29.7001264100422,0.512591838236799,0.917030479682119,0.656882160453382,0.270233109302923
82.61,0.85,29.6385662437335,0.517943882281911,0.918668120162682,0.654877868680648,0.268943055412112
82.62,0.85,29.5775436631326,0.514668211973234,0.917264154852067,0.654776719691982,0.26798121163384
82.63,0.85,29.5170503065321,0.513791816668809,0.916468184416909,0.654308738356688,0.271784603792073
82.64,0.85,29.4570775089258,0.514805150492204,0.917621322506721,0.657286327195289,0.268316763341686
82.65,0.85,29.3976163072502,0.516540283169008,0.919735373097407,0.657450985224993,0.269093118564714
82.66,0.85,29.3386574456877,0.514995673171847,0.917945482522721,0.658096815147408,0.272837164766695
82.67,0.85,29.2801913810315,0.51549465858439,0.917718061734546,0.655630391149501,0.269243422660331
82.68,0.85,29.2222082881137,0.514249951407943,0.915658342358126,0.658006685361009,0.267539700707729
82.69,0.85,29.1646980652953,0.516107953054581,0.920223743547717,0.65661698065476,0.26794043928372
82.7,0.85,29.107650340022,0.516923355188212,0.917935212573326,0.653708727275165,0.272974744536176
82.71,0.85,29.051054474443,0.516092388423599,0.918551111169073,0.656862984572464,0.268824537814122
82.72,0.85,28.9948995710966,0.519149126990542,0.917261543370886,0.657593976207113,0.271945348640431
82.73,0.85,28.939174478661,0.517945198583611,0.919386488289707,0.656311141309973,0.267306941632505
82.74,0.85,28.8838677977728,0.518934565206256,0.917076909262963,0.658059432229214,0.271397482226546
82.75,0.85,28.8289678869138,0.520140734933444,0.916367413799682,0.657471116285793,0.271219635500405
82.76,0.85,28.7744628683658,0.518927004606733,0.916714366313247,0.653378752577386,0.271223432167419
82.77,0.85,28.7203406342358,0.518595570468738,0.917554940021832,0.655617423753584,0.270375007703456
82.78,0.85,28.6665888525518,0.520202059211699,0.918571738868949,0.658517668969052,0.269612347009263
82.79,0.85,28.6131949734298,0.516763196722664,0.917842043764616,0.656780314044088,0.269920027092297
82.8,0.85,28.5601462353137,0.521979323911789,0.918824502621551,0.655779041030283,0.271514308476816
82.81,0.85,28.5074296712873,0.521971346169159,0.918466820623299,0.656016961278624,0.271834029857649
82.82,0.85,28.4550321154619,0.522204834097586,0.917914751515398,0.656783922246074,0.270258891394489
82.83,0.85,28.4029402094368,0.521465123816063,0.916651731018055,0.655306861353639,0.272541255351702
82.84,0.85,28.3511404088371,0.522494049361811,0.918581537905677,0.653803859914186,0.267152570046371
82.85,0.85,28.2996189899258,0.524562649965007,0.915438401795771,0.655729932341053,0.273350340515471
82.86,0.85,28.248362056294,0.526650505722643,0.916460839371588,0.655922254463971,0.271134369453072
82.87,0.85,28.1973555456276,0.524576228407042,0.916418022589589,0.655498271481484,0.271759534827876
82.88,0.85,28.1465852365518,0.524059492113131,0.916447779205033,0.656500763689003,0.268771179832405
82.89,0.85,28.0960367555532,0.527044511160216,0.917476571439763,0.6556664042643,0.269577146485289
82.9,0.85,28.0456955839817,0.525714157248302,0.916766826684342,0.655587798067933,0.267863961595968
82.91,0.85,27.9955470651283,0.52278892798829,0.917243554849225,0.654143974029224,0.270248942417837
82.92,0.85,27.945576411384,0.525594687034017,0.918373138327068,0.653881277933234,0.272026121517385
82.93,0.85,27.8957687114758,0.52613412440883,0.915973512304107,0.652608952658427,0.270354641762628
82.94,0.85,27.8461089377811,0.528107373926474,0.91557386975337,0.655593327005071,0.269193407957912
82.95,0.85,27.7965819537203,0.527371475427282,0.91820383083604,0.654758021154419,0.269934528952873
82.96,0.85,27.7471725212276,0.526768072109933,0.917207187250131,0.652745541748981,0.269182896394778
82.97,0.85,27.6978653082981,0.527463252845883,0.91522848719928,0.654140837234793,0.272874778215084
82.98,0.85,27.6486448966113,0.528349425451836,0.918271081124146,0.651959673387016,0.267509358147508
82.99,0.85,27.5994957892314,0.528169889197404,0.915665882792078,0.653881876335498,0.269865981179977
83,0.85,27.5504024183803,0.529619438505974,0.915589991425357,0.654849143403792,0.26896967689309
83.01,0.85,27.5013491532857,0.528383671094136,0.916312456746571,0.653970328753398,0.273393636857071
83.02,0.85,27.4523203081005,0.528656576988032,0.918410203668747,0.655474400400977,0.269686193145027
83.03,0.85,27.4033001498931,0.528328559800764,0.915261969888429,0.651407219368535,0.269844373486828
83.04,0.85,27.3542729067065,0.530182286522354,0.916721517556755,0.652637090054408,0.272089320794844
83.05,0.85,27.3052227756853,0.530319903984651,0.914998646052487,0.653307176897751,0.269968665262804
83.06,0.85,27.2561339312674,0.531448136118172,0.91728741770787,0.652108522664393,0.270122733916346
83.07,0.85,27.2069905334384,0.530742393458581,0.914260183166045,0.650876976948549,0.270925541424342
83.08,0.85,27.1577767360476,0.531655078467817,0.917087087937868,0.653144309220347,0.269512064043981
83.09,0.85,27.1084766951818,0.530245198664297,0.91566738701112,0.65332742835232,0.271118188538487
83.1,0.85,27.0590745775943,0.532400681383167,0.915586981911502,0.650510266630392,0.26750511361056
83.11,0.85,27.0095545691866,0.531707833874364,0.913990716383931,0.650992930866339,0.27158589775369
83.12,0.85,26.9599008835398,0.535352246884367,0.914459043918828,0.653416301527686,0.271554008921697
83.13,0.85,26.9100977704915,0.53279448973007,0.914065078725244,0.649458167440537,0.26705654013472
83.14,0.85,26.860129524756,0.535173040469889,0.915559498671279,0.650657821429055,0.273340070767372
83.15,0.85,26.8099804945827,0.53573746389112,0.913588019279118,0.649696657914652,0.272358689715765
83.16,0.85,26.7596350904504,0.534604669681849,0.913398532625913,0.652433789512699,0.267907554973858
83.17,0.85,26.7090777937918,0.535534448086784,0.916696615465439,0.652651366240236,0.270511358872923
83.18,0.85,26.6582931657449,0.536338664349582,0.912325916054847,0.650631513661298,0.271795913999237
83.19,0.85,26.6072658559272,0.536863923616028,0.914274330658828,0.651917601957689,0.271196104427345
83.2,0.85,26.5559806112267,0.537127914125196,0.915582783278899,0.64934410060826,0.267927303415434
83.21,0.85,26.5044222846061,0.538466005826895,0.916484656668934,0.652128144404487,0.270201835383522
83.22,0.85,26.4525758439147,0.535170085515683,0.914397191103942,0.650059001884466,0.270495379066926
83.23,0.85,26.4004263807027,0.536760634027757,0.917346128418686,0.650826032424917,0.2662277473712
83.24,0.85,26.3479591190334,0.539001611220583,0.914386311188081,0.649985989748574,0.269491389151139
83.25,0.85,26.2951594242857,0.537779818306385,0.915423283741556,0.648705439763138,0.270322496627786
83.26,0.85,26.2420128119438,0.540350709375642,0.913917141163693,0.649287079044226,0.270705354969965
83.27,0.85,26.1885049563664,0.538909673201595,0.913428696375923,0.652479220629786,0.271347520196415
83.28,0.85,26.1346216995303,0.538260315981472,0.913891908902551,0.646928624309527,0.269661665547073
83.29,0.85,26.0803490597412,0.540271300366787,0.915544274294233,0.649775962430216,0.269125161635169
83.3,0.85,26.0256732403069,0.539964154129538,0.914196608213039,0.648762133257675,0.269266730283066
83.31,0.85,25.9705806381645,0.539718469982704,0.914717299861808,0.649075265946708,0.271435417414557
83.32,0.85,25.9150578524577,0.539848544914527,0.913538423949991,0.64816123442956,0.269374343904299
83.33,0.85,25.8590916930542,0.544036011749662,0.912044743097146,0.645904492090542,0.270227836234935
83.34,0.85,25.802669188999,0.540848786096629,0.912361943886901,0.64961756350192,0.268490106101042
83.35,0.85,25.7457775968956,0.544400321583789,0.913394460391528,0.647490667893862,0.271299418363301
83.36,0.85,25.6884044092079,0.542119624541027,0.911723477875237,0.649008822342687,0.269227946279964
83.37,0.85,25.6305373624762,0.543921215447782,0.913055641204491,0.649803620543681,0.271126113072713
83.38,0.85,25.5721644454399,0.542729551241524,0.91274819792197,0.64837746830684,0.268954508261616
83.39,0.85,25.5132739070597,0.542330797459894,0.911889972524731,0.647699753991717,0.270065769936849
83.4,0.85,25.4538542644311,0.547391131305124,0.912220407588209,0.648321707917554,0.272274672159047
83.41,0.85,25.3938943105839,0.544004799030113,0.910259801983566,0.648216635950959,0.270502067375903
83.42,0.85,25.3333831221578,0.54546381807003,0.912037642476813,0.647532830521891,0.267399292914341
83.43,0.85,25.2723100669484,0.549181030469581,0.913647124350847,0.647165054563474,0.270641860328962
83.44,0.85,25.2106648113159,0.548441071479314,0.911232234952787,0.647998045217607,0.269575597176619
83.45,0.85,25.1484373274479,0.547843437604696,0.912401066894831,0.647255185453978,0.271298550663679
83.46,0.85,25.0856179004706,0.547518564093069,0.912748407120034,0.645917806662457,0.271138513218462
83.47,0.85,25.0221971353996,0.549094530350885,0.909676290089067,0.644764316703557,0.268736399228409
83.48,0.85,24.9581659639234,0.547147251052118,0.911616955705352,0.645449585043241,0.270911067460081
83.49,0.85,24.8935156510123,0.548650214935616,0.908594631537235,0.64569399781722,0.270521109543142
83.5,0.85,24.8282378013459,0.551321042950732,0.909916108562861,0.64722990981678,0.270627261587244
83.51,0.85,24.7623243655504,0.550422594285456,0.911015635530063,0.646466256858022,0.270115422955479
83.52,0.85,24.6957676462408,0.551693092014053,0.911086151799149,0.645953650951965,0.273042948138419
83.53,0.85,24.6285603038589,0.551501788271593,0.909765190889783,0.647642306015877,0.270156639764369
83.54,0.85,24.5606953623018,0.553752953016664,0.912369088308433,0.645277071118257,0.270521434610736
83.55,0.85,24.4921662143328,0.550659651046659,0.910211590073293,0.64784425559329,0.269697074890424
83.56,0.85,24.422966626769,0.551672668771868,0.909696412401798,0.646186967563561,0.271059499361895
83.57,0.85,24.3530907454388,0.551084776101957,0.908176683225289,0.646486180941654,0.269696677385222
83.58,0.85,24.2825330999027,0.553574478907967,0.909511528993573,0.646572915435875,0.27029072380437
83.59,0.85,24.2112886079312,0.556494479456353,0.910996040630811,0.64697182676504,0.270867783826342
83.6,0.85,24.1393525797348,0.552868835668404,0.909048818531163,0.645799070364939,0.268180698227757
83.61,0.85,24.0667207219384,0.557075983489871,0.909570200657043,0.646937780158742,0.267494544916731
83.62,0.85,23.9933891412966,0.555182224632153,0.908722490539933,0.647233949874872,0.271401822720144
83.63,0.85,23.9193543481433,0.558840558505672,0.911085269847375,0.646769098904304,0.267530312331457
83.64,0.85,23.8446132595705,0.555476284948558,0.907174235950002,0.643586236634119,0.269207500527766
83.65,0.85,23.769163202332,0.557733955787835,0.908528568980336,0.643831988112397,0.268950852957388
83.66,0.85,23.6930019154671,0.560545556181337,0.909975668375157,0.644387579114172,0.267835174693784
83.67,0.85,23.6161275526396,0.559387518544181,0.905983278167747,0.64521596703848,0.268821289285329
83.68,0.85,23.5385386841885,0.558032514593366,0.908699062635052,0.644330416773798,0.270114482912919
83.69,0.85,23.4602342988868,0.559312720649794,0.910049096670113,0.647852437375339,0.26978852934869
83.7,0.85,23.3812138054039,0.559910903454482,0.907905760637259,0.644339996689509,0.272386543452985
83.71,0.85,23.3014770334696,0.563857821828294,0.905808509668321,0.644180677657025,0.270606588033323
83.72,0.85,23.2210242347359,0.563793074528625,0.908033249163739,0.644629719552591,0.270501744471709
83.73,0.85,23.139856083335,0.562798461258425,0.906038450595256,0.643357953259278,0.271356273987873
83.74,0.85,23.05797367613,0.562263706330585,0.906471982236489,0.642011239398558,0.269305404982929
83.75,0.85,22.9753785326576,0.564741469390073,0.905085688443324,0.645794087875671,0.272843039940897
83.76,0.85,22.8920725947608,0.564905857873458,0.905451121347731,0.641233847222293,0.271076756101485
83.77,0.85,22.8080582259103,0.565312617089528,0.90814698555828,0.643532150635486,0.270276648886419
83.78,0.85,22.7233382102138,0.563818938634182,0.903172239375737,0.646829259700841,0.270362626019097
83.79,0.85,22.6379157511127,0.564111499114261,0.903137031647217,0.643992362709587,0.269520240920016
83.8,0.85,22.5517944697666,0.568867807323418,0.904796802488666,0.645138560664603,0.2690891893654
83.81,0.85,22.464978403125,0.567831773708932,0.904727110290998,0.647516470232989,0.270930922612037
83.82,0.85,22.3774720016872,0.56838024280514,0.905200765290268,0.64245246846616,0.269469942323402
83.83,0.85,22.2892801269521,0.571472200909607,0.901562782401801,0.643047703988331,0.267589824517916
83.84,0.85,22.2004080485574,0.571166726309971,0.904229486922234,0.646099775875639,0.26940455861393
83.85,0.85,22.1108614411122,0.57047520609082,0.903049243942108,0.646002525459661,0.270176020799144
83.86,0.85,22.0206463807239,0.572743028828621,0.9038490279316,0.644085981338496,0.272013848076768
83.87,0.85,21.929769341221,0.572837542768431,0.900826326916715,0.642898139833373,0.268321908358365
83.88,0.85,21.8382371900772,0.576980099149788,0.900493243852023,0.642959381248695,0.270565383064569
83.89,0.85,21.7460571840373,0.574278636661082,0.905070336226173,0.644933589682614,0.270522191667825
83.9,0.85,21.65323696445,0.576418716111396,0.902689612194274,0.645845093227738,0.26816897631065
83.91,0.85,21.5597845523116,0.576494540468568,0.90353553265598,0.643451691759236,0.265723482356722
83.92,0.85,21.4657083430243,0.577668748117689,0.902908496278726,0.641407477813111,0.271631367378412
83.93,0.85,21.3710171008735,0.573796018914063,0.89960805232504,0.641195529175777,0.269478820558632
83.94,0.85,21.2757199532305,0.579608349019305,0.902954122573531,0.643225957451001,0.269278873498838
83.95,0.85,21.1798263844846,0.581330058007035,0.902384914258322,0.641920154455479,0.271187332626866
83.96,0.85,21.0833462297105,0.577917911937508,0.90135131098035,0.641348391376151,0.26879986073461
83.97,0.85,20.986289668078,0.581759562107394,0.901329753970592,0.642999321429081,0.268788490202743
83.98,0.85,20.8886672160088,0.580290546929124,0.901308156957077,0.641007953126663,0.2711558585665
83.99,0.85,20.7904897200887,0.587235202631545,0.90174617997938,0.641870850341576,0.27132481216183
84,0.85,20.6917683497405,0.580564429026409,0.899980166087817,0.64165739960694,0.270474381404483
84.01,0.85,20.5925145896663,0.58549814174341,0.899755151947634,0.642905204128438,0.270581516940225
84.02,0.85,20.4927402320656,0.586799138420536,0.899371338009248,0.641646357067186,0.272980771235703
84.03,0.85,20.392457368638,0.584166917942465,0.901904109333961,0.642834277169237,0.269721670663497
84.04,0.85,20.291678382378,0.585601216126831,0.900127914973539,0.642295858475497,0.268931324030684
84.05,0.85,20.1904159391691,0.587704892970371,0.899908172221075,0.642833112864405,0.270132635794773
84.06,0.85,20.0886829791891,0.588533508283568,0.900465830285419,0.642901261899271,0.268711146192181
84.07,0.85,19.9864927081308,0.589162673460552,0.899056584407855,0.643506298257424,0.271600070496937
84.08,0.85,19.8838585882512,0.591210185889576,0.89670298690333,0.641261110603775,0.27213026020558
84.09,0.85,19.7807943292554,0.593277604732679,0.895902369693896,0.643581881102097,0.270391810919956
84.1,0.85,19.6773138790265,0.590959742176957,0.901421334747484,0.644602443827855,0.270794497296634
84.11,0.85,19.5734314142102,0.595099272278725,0.898764276446846,0.645033446690674,0.27053024796662
84.12,0.85,19.4691613306629,0.594231135667773,0.897985075530767,0.641502809332491,0.268925882191305
84.13,0.85,19.3645182337754,0.596510517284681,0.89845701242955,0.645320926615895,0.271001672674237
84.14,0.85,19.2595169286797,0.596423207567516,0.898785901947877,0.642735618147645,0.272430937043438
84.15,0.85,19.1541724103504,0.598051925429312,0.89773332034836,0.644686009444967,0.272438635196356
84.16,0.85,19.0484998536106,0.600878673620033,0.899858472846005,0.644954497461726,0.271555821095832
84.17,0.85,18.9425146030514,0.600201059087064,0.895872121443943,0.640918409059601,0.271694883600233
84.18,0.85,18.8367661654003,0.600214455481869,0.897438505852885,0.642617716719241,0.270418899631943
84.19,0.85,18.7329531480238,0.602653781531443,0.896765240905017,0.641470044715697,0.271893177061658
84.2,0.85,18.6297018578015,0.603614615545913,0.894634796230419,0.644601182570172,0.269667175609684
84.21,0.85,18.5263539466381,0.603480062628942,0.897128175178825,0.643437615862603,0.270694307985829
84.22,0.85,18.4227869812585,0.60476290580305,0.895026540123482,0.643187560262273,0.271527436078372
84.23,0.85,18.3189932061742,0.60422621229276,0.89393129415289,0.64230036333198,0.268315183924251
84.24,0.85,18.2149845280743,0.604410980246727,0.894692579970396,0.643711738843993,0.270181702092493
84.25,0.85,18.1107759736834,0.607267280281505,0.894219058972553,0.64210202720371,0.268283767500352
84.26,0.85,18.0063830968469,0.606717701625711,0.892727568098917,0.642623033516977,0.270441747739298
84.27,0.85,17.9018215881814,0.608427245328782,0.896202355307856,0.642995873076925,0.268096272042245
84.28,0.85,17.7971072112919,0.610233890567894,0.893029302240823,0.64383192113522,0.268893183321575
84.29,0.85,17.6922557855783,0.612259565280609,0.895382904766543,0.643060810847389,0.2687811518542
84.3,0.85,17.5872831755415,0.613575957814867,0.895349393354196,0.643995624827986,0.269833362140365
84.31,0.85,17.4822052810143,0.614497277600247,0.896759103452238,0.64556857325433,0.269117762930471
84.32,0.85,17.3770380275628,0.614791767478764,0.893080098649881,0.645702576866182,0.269839747209463
84.33,0.85,17.2717973569651,0.615708312531648,0.893894818371823,0.642358344718247,0.270235852194273
84.34,0.85,17.1664992177614,0.617363585560385,0.891456889787745,0.642461735966898,0.269011101754031
84.35,0.85,17.0611595558832,0.618208556012445,0.890541433789408,0.644917502100509,0.269112794989256
84.36,0.85,16.9557943053693,0.62008795252194,0.89193974575124,0.644423092889612,0.268991573970572
84.37,0.85,16.8504193791764,0.62139471671598,0.893221301148143,0.64535547737187,0.272219102703293
84.38,0.85,16.7450506600925,0.621636637599193,0.893059065916744,0.643626966989259,0.27058257207528
84.39,0.85,16.6397039917603,0.621567339171098,0.892505280500832,0.64426155943954,0.26927169725867
84.4,0.85,16.5343951698191,0.623778540599431,0.891362058929241,0.644509552357045,0.271249415525282
84.41,0.85,16.4291399331714,0.624455380722772,0.88932474202139,0.64411015683335,0.271130661642996
84.42,0.85,16.3239539553813,0.624924435230221,0.889310592010967,0.642861209884591,0.271168060277784
84.43,0.85,16.2188528362131,0.626849473703011,0.891001662859232,0.645280540669137,0.268628865216731
84.44,0.85,16.1138520933138,0.628940544020869,0.888612521478019,0.644196101514203,0.27150650661355
84.45,0.85,16.0089671540484,0.631114421472429,0.890236983730228,0.644585685226661,0.268979244228744
84.46,0.85,15.9042133474934,0.632164522928824,0.888334185065682,0.647658757165144,0.270686434126535
84.47,0.85,15.7996058965924,0.629662132588272,0.887605480035318,0.647869283125102,0.273193202319079
84.48,0.85,15.6951599104827,0.631114246782039,0.886934580363757,0.644929185465542,0.272224718899404
84.49,0.85,15.5908903769952,0.632250308027547,0.887741875180112,0.648641014510633,0.272138622531251
84.5,0.85,15.4868121553334,0.635833952289642,0.887580165214811,0.645163472735739,0.268504939207318
84.51,0.85,15.3829399689378,0.639657430433011,0.888628547691736,0.645359881241993,0.268011537212246
84.52,0.85,15.2792883985373,0.636978636409944,0.887739437410888,0.645409366687356,0.268806567318965
84.53,0.85,15.1758718753936,0.637029684280401,0.887327515442044,0.649144273517348,0.270110439488145
84.54,0.85,15.0727046747429,0.64091618808083,0.887199694692247,0.650564203702161,0.268544739061324
84.55,0.85,14.9698009094357,0.643543541981115,0.886793181429363,0.645304932351035,0.272391325044708
84.56,0.85,14.8671745237815,0.643591407935957,0.887144590959455,0.646635631605224,0.269655080762411
84.57,0.85,14.7648392875988,0.642889286256743,0.888607594595754,0.6492888013075,0.270984158055084
84.58,0.85,14.6628087904734,0.642480620890112,0.886266800524975,0.646102641856549,0.269259306965775
84.59,0.85,14.561096436229,0.643307575590905,0.887399528112798,0.645305326391811,0.267724272215981
84.6,0.85,14.4597154376099,0.647232407146062,0.884349807161457,0.645716625768824,0.269923790672271
84.61,0.85,14.3586788111797,0.648562686871354,0.885450355781002,0.646799840374724,0.269862388196814
84.62,0.85,14.257999372435,0.652872654063018,0.883503968211411,0.648386270431934,0.269795135850963
84.63,0.85,14.1576897311388,0.649637367817939,0.888067800672591,0.643101845824242,0.269945082056223
84.64,0.85,14.0577622868709,0.653855896269067,0.8852632624772,0.648303650975887,0.27080388495501
84.65,0.85,13.9582292247982,0.655706884183381,0.885537113646724,0.645503663765067,0.270534237830978
84.66,0.85,13.859102511665,0.652304013829935,0.884594636327743,0.650061291147126,0.27000803256635
84.67,0.85,13.7603938920025,0.654688473361527,0.883698391543579,0.650220477793741,0.268131179919086
84.68,0.85,13.6621148845585,0.658483926703506,0.882788057040706,0.647922180804107,0.271887260255324
84.69,0.85,13.5642767789458,0.662109835071789,0.884531440325295,0.647206384492042,0.269307287420766
84.7,0.85,13.4668906325099,0.661704596670177,0.885715940425245,0.649599688226331,0.267743985600906
84.71,0.85,13.3699672674134,0.662844445474211,0.883331598260064,0.646396316354923,0.27200936401243
84.72,0.85,13.2735172679378,0.661786265633413,0.881203447768125,0.648534638411961,0.269659578617898
84.73,0.85,13.1775509780002,0.661919892012416,0.879795223301527,0.647252784321729,0.269770187499877
84.74,0.85,13.0820784988829,0.664523156340284,0.883292256544125,0.647819415293431,0.269199585889786
84.75,0.85,12.9871096871752,0.665871788407341,0.880363225814786,0.649915084744003,0.26898222886151
84.76,0.85,12.8926541529247,0.668614786543431,0.880412896178014,0.647659230455452,0.271956790956179
84.77,0.85,12.798721257996,0.668929860001174,0.881405010037523,0.648334591176454,0.270436392748208
84.78,0.85,12.7053201146334,0.671892748228714,0.880432075744476,0.647914245518355,0.270083447008207
84.79,0.85,12.6124595842272,0.672257193668457,0.877888680590078,0.647489874550892,0.269133152143682
84.8,0.85,12.5201482762775,0.673758250705051,0.880301052245571,0.648458321500944,0.270615285191301
84.81,0.85,12.4283945475561,0.674179601152645,0.88131296189003,0.649193086607815,0.27166501224069
84.82,0.85,12.3372065014597,0.675539483113084,0.880352592330933,0.649523361804045,0.27112500392355
84.83,0.85,12.246591987554,0.677219639129016,0.879148319241262,0.648844574544573,0.272632323005237
84.84,0.85,12.1565586013036,0.675890251902589,0.880181691524103,0.649252788731269,0.269684650585124
84.85,0.85,12.0671136839837,0.679988698599133,0.876085582937196,0.650570338735342,0.271107179417077
84.86,0.85,11.9782643227718,0.680476679793593,0.877598224292407,0.651279084654419,0.270027830295171
84.87,0.85,11.8900173510125,0.681371472709641,0.880111410022321,0.651219210324799,0.268395169553334
84.88,0.85,11.8023793486547,0.683669754456997,0.877771253191914,0.650117202080544,0.272736180686762
84.89,0.85,11.7153566428537,0.684546420621545,0.876685637241339,0.650925941377436,0.271000382699332
84.9,0.85,11.6289553087366,0.68476306571634,0.876114255724476,0.649757745629553,0.270400532760146
84.91,0.85,11.5431811703255,0.685328902285365,0.878251432381301,0.65268882910305,0.267370288614173
84.92,0.85,11.4580398016134,0.689874853757862,0.876913593444822,0.65019475107362,0.268376968889732
84.93,0.85,11.3735365277896,0.689760177200723,0.876064192406648,0.652776906581709,0.271366721279902
84.94,0.85,11.2896764266095,0.692215697931589,0.877868258826991,0.653351113089447,0.271738632506455
84.95,0.85,11.2064643299037,0.691534147726342,0.876913184416445,0.649751818621288,0.269029921915141
84.96,0.85,11.123904825222,0.694042143584673,0.87514149107349,0.650654209669714,0.270329549857133
84.97,0.85,11.042002257608,0.693704755525979,0.877254512788312,0.649478290845409,0.266748071187509
84.98,0.85,10.9607607314987,0.694434920746484,0.876453953686534,0.653926329753261,0.270752017828511
84.99,0.85,10.8801841127448,0.695998561573119,0.875994268204309,0.650745807010985,0.270463937570453
85,0,10.8002760307466,0.698931171526032,0.874292524446105,0.65625258911397,0.269102415523065
85.01,0,10.7210177703788,0.700501691550332,0.873303208012119,0.651745124640288,0.27194288605573
85.02,0,10.6410523251081,0.69989892649424,0.876989666260699,0.654077557351395,0.26903937066103
85.03,0,10.5606227843433,0.703036786823499,0.875356036794264,0.653858784373926,0.270727630964342
85.04,0,10.4806370228501,0.705919206396047,0.874143626454906,0.651779661082803,0.271966958109872
85.05,0,10.4013275980731,0.703731934157667,0.874099032661434,0.653008077644699,0.269635705029508
85.06,0,10.3227394871681,0.70615950318602,0.871730354429455,0.655072198777163,0.270437885351903
85.07,0,10.2448816113928,0.710198571017985,0.872708265920367,0.653557431663674,0.270362370071072
85.08,0,10.1677566058483,0.707974697250824,0.874667301267533,0.651767135852036,0.268922101022862
85.09,0,10.0913659142129,0.711291893757198,0.875319296290985,0.65609053767602,0.270054656852234
85.1,0,10.0157106104408,0.710285455675769,0.869843031531586,0.658971185069388,0.267433867600907
85.11,0,9.94079152953138,0.71464722841199,0.873732042097965,0.650873128735634,0.268828403191143
85.12,0,9.86660929052472,0.715473284574945,0.871002912918096,0.654905654023584,0.272026795299882
85.13,0,9.79316430306032,0.715451630717946,0.869995410583754,0.653342111030999,0.271988639675663
85.14,0,9.72045677149226,0.716727756531383,0.869835610437085,0.652041580986335,0.269091926661635
85.15,0,9.64848669867313,0.717484627059608,0.869830596054912,0.653943087001028,0.27154955935867
85.16,0,9.57725388971862,0.721369162806224,0.872339843508521,0.653860424765934,0.269498065024281
85.17,0,9.50675795579631,0.719637451675069,0.869253286343196,0.655259909572969,0.268455788069
85.18,0,9.43699831794062,0.723124682332641,0.869457054131958,0.652745665703335,0.271356302977981
85.19,0,9.36797421089066,0.721684478018938,0.869865402699317,0.655267314847819,0.268623558400739
85.2,0,9.29968468694703,0.726516183538584,0.86998356277696,0.655183689926072,0.271010784412337
85.21,0,9.23212861984322,0.728665190948349,0.869456479644509,0.654777824167317,0.269385342482954
85.22,0,9.16530470862756,0.727192027888746,0.86797166227431,0.654871434258471,0.269889128221753
85.23,0,9.10135944891741,0.726893868878448,0.867792125174319,0.656115013216723,0.268097366821633
85.24,0,9.05569233226244,0.731122726242076,0.867927407575689,0.653283530045013,0.270540409290184
85.25,0,9.01917293346587,0.731704561506868,0.865726389859762,0.657268119036103,0.269438698584035
85.26,0,8.984891832511,0.728743923516421,0.869807189526175,0.658191829414189,0.269505089703308
85.27,0,8.95132037935072,0.729624273344533,0.86639661678454,0.656994042863509,0.270929487943729
85.28,0,8.91819153715904,0.732597036994027,0.864810034568533,0.653671064563758,0.271754120703573
85.29,0,8.8854650121189,0.733784325744537,0.865318690560011,0.656275574515527,0.270186899534614
85.3,0,8.85313721591901,0.735592996460204,0.866093453201187,0.656087285258736,0.27100335916968
85.31,0,8.82121011227174,0.732540369787685,0.868827943393432,0.654695125536951,0.267547783973553
85.32,0,8.78968638212671,0.736465999267437,0.865269221861799,0.653730689596715,0.270186132130125
85.33,0,8.75856869604343,0.73548373623439,0.864878904766955,0.65861918782126,0.270183300550078
85.34,0,8.72785960751004,0.736748761705562,0.864528418532703,0.656505251202349,0.266887240204864
85.35,0,8.69756153851292,0.737006869420624,0.866283974726428,0.657870088964517,0.269452003723317
85.36,0,8.66767677869263,0.736053510667886,0.864879265972458,0.657754178998666,0.269938962520942
85.37,0,8.63820748650343,0.737195490375445,0.864847945108357,0.653538981303495,0.269798476097778
85.38,0,8.60915569067875,0.736749276459179,0.864689033874694,0.656156800858504,0.269075687115401
85.39,0,8.58052329175245,0.740278298796208,0.863693717758837,0.658913079333319,0.269851543313301
85.4,0,8.5523120635978,0.737682560712398,0.864175436169109,0.657091538554979,0.269587550439674
85.41,0,8.52452365497617,0.739166131686698,0.863421739842308,0.655727071999386,0.269452006441707
85.42,0,8.49715959109271,0.738090699104327,0.861428409638446,0.655129415274203,0.273795518891518
85.43,0,8.47022127515666,0.739893743116951,0.865049505896647,0.657482611384545,0.267712805838766
85.44,0,8.44370998994426,0.741775465242925,0.862768582582656,0.657017957191729,0.269393217657739
85.45,0,8.41762689936204,0.742803523351202,0.862762293423486,0.655729143371583,0.270988133300072
85.46,0,8.39197305000881,0.741295486946041,0.862802575388932,0.655765667924233,0.268467621892907
85.47,0,8.36674937273422,0.742868878220914,0.859995224069349,0.656950945598593,0.27215464315962
85.48,0,8.34195668419218,0.744132151920726,0.862274002218695,0.658475834679717,0.270106893161106
85.49,0,8.31759568838755,0.745319893328161,0.860253600246199,0.6587344052675,0.272868057875523
85.5,0,8.2936669782141,0.741896249267211,0.861616604898825,0.657674962446759,0.269903687675323
85.51,0,8.27017103698262,0.74236166810462,0.861915703729276,0.657014482990561,0.270107287646899
85.52,0,8.2471082399371,0.745154848774758,0.860666212323989,0.659020689843723,0.271297164404075
85.53,0,8.22447885575813,0.742819614234935,0.859472341493657,0.657842991595946,0.26839000383231
85.54,0,8.20228304805176,0.744154584935338,0.861086149208936,0.6547698674007,0.270907040551364
85.55,0,8.18052087682262,0.745235941537691,0.861415206402215,0.657601980171751,0.270529345618009
85.56,0,8.15919229993032,0.744856129554954,0.86334346057582,0.657509899587223,0.269281868127053
85.57,0,8.13829717452762,0.746372959445107,0.86169360346985,0.657920444766403,0.267565224175043
85.58,0,8.1178352584797,0.746948086634603,0.85873910051984,0.659876770493249,0.270907903242283
85.59,0,8.09780621176328,0.745646713764704,0.8574134974891,0.657225184858304,0.271498697793507
85.6,0,8.07820959784484,0.746320711690033,0.859907934369059,0.658411354377929,0.272570725042563
85.61,0,8.05904488503701,0.747499563786602,0.862121892120488,0.657119362554887,0.270447730863223
85.62,0,8.04031144783255,0.751176501755276,0.858855193752093,0.657105924324336,0.269489046594943
85.63,0,8.02200856821507,0.746658576723526,0.860983641193608,0.656891590784623,0.269925481458471
85.64,0,8.00413543694598,0.74818293895341,0.857813422168729,0.655899738997697,0.27222614861779
85.65,0,7.98669115482716,0.748728332270594,0.857472366787555,0.657185080725558,0.271567486349328
85.66,0,7.96967473393892,0.749865728025635,0.858249328878244,0.654326827414218,0.269140176640496
85.67,0,7.95308509885264,0.750204766600409,0.857482341183122,0.656705253534022,0.270530857704087
85.68,0,7.93692108781832,0.752056071632704,0.85616631824017,0.657341489114843,0.270373724297826
85.69,0,7.92118145392613,0.750756435092677,0.856268454977464,0.656242668052794,0.271013052367686
85.7,0,7.90586486624237,0.749289381805893,0.855213963497262,0.657854720128484,0.269763186540869
85.71,0,7.89096991091942,0.75189105139248,0.854670734523262,0.656753244664517,0.2703494290341
85.72,0,7.87649509227975,0.751963873338609,0.853976846321809,0.655579520123814,0.27025137360228
85.73,0,7.86243883387409,0.751900490943541,0.855752747524454,0.659446800177223,0.268931884548676
85.74,0,7.84879947951379,0.751629398470106,0.854086710903457,0.65427726489595,0.2687514053231
85.75,0,7.83557529427758,0.752809377543138,0.855851837897772,0.656758006259828,0.270680060718617
85.76,0,7.82276446549301,0.752249058550812,0.854479593820005,0.656500159857717,0.270340373233547
85.77,0,7.81036510369275,0.751309363407826,0.854752507677456,0.657245535546852,0.268857957993809
85.78,0,7.79837524354631,0.752556518134312,0.853064019181425,0.65759995323544,0.269533298712836
85.79,0,7.78679284476737,0.751612561529994,0.854714583776535,0.655115033603573,0.267978924701796
85.8,0,7.77561579299745,0.753895439009923,0.854449464589774,0.657576157156106,0.270197519486723
85.81,0,7.76484190066622,0.751229038526219,0.857013597237905,0.657275301165876,0.271092082351062
85.82,0,7.75446890782933,0.753263356697427,0.855555168437719,0.659292390730542,0.26682310556956
85.83,0,7.74449448298411,0.754141350585552,0.852924022974504,0.656077569170388,0.268386787499568
85.84,0,7.73491622386404,0.753613753144855,0.854901012007912,0.6548168109008,0.271342731602326
85.85,0,7.72573165821279,0.754329785904004,0.854149491888026,0.656696615442824,0.269039150152
85.86,0,7.71693824453836,0.753963245580018,0.852915846484725,0.657242017600761,0.2681875157442
85.87,0,7.7085333728486,0.7522563920161,0.849546795314601,0.656864024886321,0.269476221242055
85.88,0,7.70051436536857,0.75337251871397,0.851810486929131,0.657608155745274,0.270740576157347
85.89,0,7.69287847724108,0.750763476369408,0.851963603920764,0.655145675025532,0.270105371388239
85.9,0,7.68562289721108,0.752609953537646,0.851610988084866,0.657378085890205,0.26897781276781
85.91,0,7.67874474829516,0.75692651436323,0.853086306701442,0.653958507704053,0.269101138110466
85.92,0,7.67224108843719,0.753462942899501,0.851543260560819,0.652802333377812,0.270678818436092
85.93,0,7.66610891115106,0.755095169935429,0.848661405548558,0.654064359824829,0.27124770640765
85.94,0,7.66034514615189,0.75353044631577,0.849632795343312,0.649406680643246,0.270498862944927
85.95,0,7.65494665997673,0.75427057413193,0.849935909112946,0.656361034864802,0.271439400259853
85.96,0,7.64991025659603,0.754885866050222,0.853322741278443,0.654895675692737,0.27064981016946
85.97,0,7.64523267801721,0.752598929068291,0.852282023275676,0.653516602900476,0.270162327391595
85.98,0,7.64091060488132,0.755366613006064,0.849208117025917,0.655630459455565,0.271709530603119
85.99,0,7.63694065705451,0.753776165254329,0.851271829985168,0.656500411418368,0.26874205739378
86,0,7.63331939421519,0.754238264542367,0.850071701278063,0.652559973418394,0.270289848778814
86.01,0,7.63004331643859,0.754010801576428,0.849983766897443,0.655822965879591,0.271640405361015
86.02,0,7.62710886477995,0.755557492734066,0.850241665499403,0.654603304308068,0.272763367000276
86.03,0,7.62451242185754,0.757825664349885,0.850820872156403,0.657525442877979,0.271453116787433
86.04,0,7.62223237117426,0.756055557692793,0.847096827914053,0.654613104936478,0.269192815091065
86.05,0,7.6200592691076,0.753609160431341,0.847418781145509,0.656082506178621,0.269968947453198
86.06,0,7.6179413363244,0.75528157109713,0.848408882726128,0.653194658341351,0.270452447872418
86.07,0,7.61587792873862,0.75643088109857,0.84948368720506,0.654869417757265,0.269045557864466
86.08,0,7.61386838591148,0.755155634079117,0.848009528206931,0.653218634836843,0.268784948025517
86.09,0,7.61191203141872,0.754155883390141,0.844530368550634,0.653989403163966,0.270301876196086
86.1,0,7.61000817322489,0.755265130937513,0.846089558081434,0.654579405816778,0.269842969775106
86.11,0,7.60815610406448,0.754103443047814,0.847314421435691,0.652679003816438,0.268517084969438
86.12,0,7.60635510182962,0.758207781061568,0.847272395267548,0.6536184332381,0.270006644650997
86.13,0,7.60460442996413,0.753465651709323,0.84466162246645,0.653493934460377,0.270914863869551
86.14,0,7.60290333786362,0.75370444345541,0.843578056592775,0.652773544476325,0.270896214936819
86.15,0,7.60125106128159,0.75696243530561,0.844876443407462,0.65207396483626,0.266943084214531
86.16,0,7.59964682274096,0.754199101712061,0.844678091381122,0.653545592304269,0.269425383170362
86.17,0,7.59808983195112,0.754059837231947,0.844941161008926,0.652521373961402,0.271933025772314
86.18,0,7.59657928623002,0.755835225073709,0.845957387810393,0.656016152018426,0.269241477344582
86.19,0,7.59511437093111,0.75245030869508,0.843697429817503,0.652001777591399,0.268221944483969
86.2,0,7.59369425987494,0.75263372204789,0.846314955621442,0.652919138046586,0.272487984505849
86.21,0,7.59231811578515,0.754224354305855,0.844277735182034,0.653425828564277,0.272034486698436
86.22,0,7.59098509072845,0.756151647110243,0.845386967860592,0.651842947849063,0.272525880743951
86.23,0,7.58969432655858,0.754438172818192,0.844493000610407,0.651914671304712,0.271021648331456
86.24,0,7.58844495536382,0.756380032396566,0.844249275145021,0.651837832995876,0.269227253340939
86.25,0,7.5872360999178,0.757890917467853,0.844174696716357,0.648889167950632,0.27230278738997
86.26,0,7.58606687413352,0.754787761259368,0.84340514186335,0.650985698201905,0.267829751437488
86.27,0,7.5849363835201,0.754892933481658,0.843295164872477,0.649474659779663,0.270364878259678
86.28,0,7.58384372564217,0.753176043721803,0.844715399939588,0.653406917770522,0.268440508827739
86.29,0,7.60465691890977,0.753947319337732,0.840905051344848,0.651985675587804,0.271223896065857
86.3,0,7.62172941900237,0.755520001805665,0.841151143643893,0.650860868362818,0.270904043940985
86.31,0,7.62966862180389,0.753495101085689,0.843242891009453,0.652101782492074,0.270801641121639
86.32,0,7.63557416653421,0.754161610488191,0.845494041740718,0.651441694350162,0.270180012126233
86.33,0,7.6412436243395,0.754430910262992,0.842388464238461,0.651551767894418,0.269599311460891
86.34,0,7.64703160911539,0.751917682219528,0.844671084967418,0.647315724446032,0.271692308343494
86.35,0,7.65299947895522,0.751246783670316,0.840769307267684,0.650452874232863,0.270020414188721
86.36,0,7.65915403457857,0.752458675424743,0.841911390642953,0.6509638994208,0.266794610076642
86.37,0,7.66549224869461,0.752893562335003,0.843385190003129,0.650197245950642,0.271529465637524
86.38,0,7.67200933005425,0.751264952397418,0.84208027767916,0.651511964613723,0.270379785523531
86.39,0,7.67870015555499,0.75188115265818,0.843507676198928,0.64998313482248,0.268190817969012
86.4,0,7.68555952401625,0.750752109427629,0.843678058224839,0.650383013466835,0.270785988818037
86.41,0,7.69258220211272,0.749275358994096,0.840374772162669,0.650415075917254,0.270972259686854
86.42,0,7.69976293376657,0.750150432356189,0.83905876591336,0.648389186641207,0.268479477002447
86.43,0,7.70709644314695,0.751487381904591,0.841335613608975,0.647950530727502,0.272847008120246
86.44,0,7.71457743657968,0.752219031668692,0.842070557743661,0.651488764151097,0.271673086704227
86.45,0,7.72220060430025,0.751942842901168,0.841785867522759,0.648647556378113,0.271149358340034
86.46,0,7.72996062221438,0.752993968248896,0.840945825736642,0.650501616443491,0.270493434058342
86.47,0,7.73785215369517,0.752413882795745,0.839176482289565,0.649406279839285,0.268072560870998
86.48,0,7.7458698514216,0.749116637739675,0.838775424726806,0.650466921039046,0.271139652233035
86.49,0,7.7540083592591,0.749574494458647,0.838694854992017,0.648479550120843,0.271525769204463
86.5,0,7.7622623141818,0.748967431835705,0.840046331952731,0.650183357301006,0.26860109571536
86.51,0,7.77062634823652,0.750268536844751,0.839740579219008,0.649847164328803,0.269721105201735
86.52,0,7.77909509054725,0.7484647105717,0.840874124974864,0.649479565018573,0.270926013070427
86.53,0,7.7876631693603,0.750518551276324,0.840533214866084,0.647164529015396,0.271709483872086
86.54,0,7.79632521412884,0.750620914131012,0.842711258017556,0.649329771747739,0.269267883019503
86.55,0,7.80507585763641,0.746887434700508,0.839894667803187,0.647142362214336,0.269473245968689
86.56,0,7.8139097381584,0.751240513389429,0.838147660918089,0.648712310771808,0.269930528927583
86.57,0,7.82282150166069,0.745040037466886,0.836137447422595,0.646701553732243,0.269645230616328
86.58,0,7.83180580403427,0.746501299631809,0.837449601016076,0.647330112166527,0.268717123466497
86.59,0,7.84085731336499,0.74739509435842,0.838162278148525,0.645879605850611,0.270991333197525
86.6,0,7.8499707122371,0.748640581683148,0.837177125326489,0.648053624084941,0.270923142759501
86.61,0,7.85914070006936,0.747153980832815,0.838940552973734,0.64920595518973,0.2700211331881
86.62,0,7.86836199548247,0.74667036215793,0.835560575044142,0.645886330951919,0.272801291206954
86.63,0,7.87762933869643,0.747132249982941,0.83878796121168,0.648190045972588,0.268284940693878
86.64,0,7.8869374939562,0.743670049378155,0.837099760543952,0.647306262569894,0.269892354276206
86.65,0,7.89628125198441,0.744889324172969,0.840024069282054,0.647291382223963,0.266711524455087
86.66,0,7.90565543245909,0.74490560264658,0.837177465107865,0.645484914345127,0.270465357184294
86.67,0,7.91505488651522,0.745128304402447,0.836891193796969,0.644741987002677,0.27289828760774
86.68,0,7.92447449926794,0.745223055035467,0.837008120863848,0.645679313749456,0.270414139577195
86.69,0,7.93390919235579,0.746315433175247,0.837185564130759,0.647868454999921,0.270215968500796
86.7,0,7.94335392650205,0.744627354514668,0.835951603541553,0.646497445678134,0.271144977591253
86.71,0,7.95280370409226,0.746066866885262,0.840014684161654,0.64403000971852,0.270959775166531
86.72,0,7.96225357176583,0.745452539585717,0.834745266305332,0.645932747743727,0.268188461497694
86.73,0,7.97169862301987,0.741081927131018,0.834734998813147,0.64536837429773,0.271670799807929
86.74,0,7.98113400082279,0.742637403343568,0.837399787840887,0.646026453240132,0.270648371933127
86.75,0,7.99055490023584,0.743601685499921,0.835256618359445,0.647438218648718,0.269692462629853
86.76,0,7.99995657104018,0.745691260523939,0.833582337064948,0.646234021304854,0.266825154251017
86.77,0,8.00933432036723,0.74149843303596,0.83590469561976,0.645234322274794,0.269986972268858
86.78,0,8.01868351533004,0.744245970645275,0.834522368286322,0.64220895917057,0.270161674959781
86.79,0,8.02799958565336,0.745483440130191,0.837106967884435,0.646008338022575,0.267152564464364
86.8,0,8.03727802629989,0.743606695763105,0.836257020743807,0.643495142021713,0.269857663805615
86.81,0,8.04651440009047,0.743459538345969,0.836480782141683,0.643579799304763,0.268401458877309
86.82,0,8.05570434031564,0.742572320138807,0.834872370686262,0.644781237805084,0.272326626733928
86.83,0,8.06484355333618,0.743832169228326,0.834658505703013,0.645185620257572,0.269446055355975
86.84,0,8.07392782117017,0.743763475404292,0.833730376238474,0.642211661948719,0.270117323058504
86.85,0,8.08295300406393,0.737056343687802,0.834837488659534,0.644363195317163,0.269090915955895
86.86,0,8.09191504304444,0.739779360625973,0.836659730556307,0.647122177957074,0.268888273226446
86.87,0,8.10080996245076,0.742199069741729,0.834227046324893,0.643824880554193,0.269627254943612
86.88,0,8.10963387244179,0.740386575043884,0.833331128942752,0.643536915346332,0.269965916179671
86.89,0,8.11838297147791,0.739514388742596,0.834658284393146,0.64444170506289,0.269488382610036
86.9,0,8.12705354877408,0.739524414892734,0.834779084440772,0.643642721606098,0.270746753501511
86.91,0,8.13564198672168,0.740137523065329,0.835571506570141,0.643404689397227,0.272243285041252
86.92,0,8.14414476327673,0.740115882758923,0.835463171451439,0.643064131654011,0.270894792340188
86.93,0,8.15255845431206,0.740737371477883,0.83370940628608,0.644783690929562,0.269201564237896
86.94,0,8.16087973593073,0.739602941418858,0.833997829785606,0.644491763479824,0.269342409465433
86.95,0,8.16910538673859,0.735261254564172,0.834053269729563,0.646464662670378,0.271344706219982
86.96,0,8.17723229007334,0.737644352919129,0.83299710133587,0.64145296994116,0.270123966836937
86.97,0,8.1852574361877,0.739609555054931,0.832914774741228,0.644093192523806,0.272116838702549
86.98,0,8.19317792438463,0.739220915231704,0.830260409707032,0.646235851739982,0.267906899146603
86.99,0,8.20099096510199,0.738563591947792,0.832047428954719,0.643837331713207,0.2701764198703
87,0,8.20869388194457,0.739645250650201,0.834833106308049,0.640574011095583,0.270437805660649
87.01,0,8.21628411366126,0.737968960096293,0.832591381730229,0.641391150039666,0.269590769165209
87.02,0,8.22375921606527,0.735733634323755,0.833823189826363,0.644234794846614,0.271615483691053
87.03,0,8.23111686389518,0.737097466560793,0.831453534505066,0.642356647705855,0.271767810239087
87.04,0,8.23835485261509,0.738957825099928,0.83237202555474,0.642766975693778,0.269444994515324
87.05,0,8.24547110015146,0.73699127333436,0.83167243666691,0.644037730149591,0.270960437983763
87.06,0,8.25246364856535,0.736780763909438,0.834742336743443,0.642736165506849,0.269802779610873
87.07,0,8.25933066565769,0.738322918616372,0.832438777888798,0.641764690125577,0.270828562013668
87.08,0,8.26607044650623,0.735868533567837,0.830557317751912,0.64255595049073,0.270419405341964
87.09,0,8.27268141493244,0.733277556446366,0.833332843979628,0.643452967647476,0.267987572618576
87.1,0,8.27916212489656,0.734072898791423,0.830844941509875,0.643591521692755,0.268113974480394
87.11,0,8.28551126181977,0.735358256428003,0.831915286854146,0.644106017561256,0.271438534009721
87.12,0,8.29172764383164,0.73528710168446,0.831741473151304,0.641403973961152,0.269001312034481
87.13,0,8.29781022294183,0.735230733656839,0.833546999783514,0.640916694713458,0.267842691692594
87.14,0,8.3037580861348,0.734193544934924,0.830081791915802,0.643968845304369,0.268565152737387
87.15,0,8.3095704563863,0.733401059938079,0.833163266562133,0.642435537440978,0.268606477225514
87.16,0,8.31524669360082,0.735297559335938,0.828338046334197,0.643468598773282,0.269808547833626
87.17,0,8.32078629546888,0.735522458562179,0.833651960228127,0.640399620978824,0.267893338821681
87.18,0,8.3261888982436,0.735738867431758,0.83337099557677,0.642094833491809,0.271499578555863
87.19,0,8.33145427743554,0.734646486280288,0.830648617735965,0.642831014859563,0.270515186025169
87.2,0,8.33658234842556,0.735506754914765,0.832553456600265,0.644194612719348,0.268950922735813
87.21,0,8.34157316699495,0.734764926622822,0.833008086575255,0.646336557973647,0.272851695668878
87.22,0,8.34642692977249,0.73447711315509,0.831781933935173,0.641970089134301,0.271250795438791
87.23,0,8.35114397459832,0.734648527962733,0.832771037553949,0.646239750416817,0.269722326751507
87.24,0,8.3557247808042,0.73317587812211,0.828649344330384,0.641106592073964,0.268343704413908
87.25,0,8.36016996941038,0.734699451875682,0.833390197728553,0.642994011783803,0.267740356830945
87.26,0,8.3644803032389,0.731835492321479,0.827935297048299,0.64122073663733,0.272156128032376
87.27,0,8.3686566869436,0.732962600651558,0.832744051177412,0.64461801258183,0.269963773992193
87.28,0,8.37270016695708,0.730480937855701,0.832232948249104,0.644191478510781,0.269336111680666
87.29,0,8.37661193135498,0.732128846970022,0.832107644135856,0.642895529908315,0.269915530466923
87.3,0,8.38039330963805,0.732835665116611,0.831698546351485,0.641225263856915,0.270088049544358
87.31,0,8.38404577243271,0.73543116623364,0.831982984407576,0.643697253121428,0.267871571278878
87.32,0,8.38757093111055,0.730687782358448,0.832233552766544,0.64557384300809,0.272780289760271
87.33,0,8.39097053732781,0.732937985842325,0.83252850061048,0.644934160484972,0.269501604019096
87.34,0,8.39424648248573,0.730188748018281,0.829724161952995,0.644082146189838,0.269189913679394
87.35,0,8.39740079711251,0.734542803707624,0.831068620543757,0.645314536903522,0.270481538141332
87.36,0,8.40043565016834,0.731070279145145,0.832146349558505,0.644557052147877,0.268210093254306
87.37,0,8.40335334827442,0.731268286451256,0.830459296519235,0.642840505128605,0.268536225279478
87.38,0,8.40615633486737,0.732102775030751,0.830639601888693,0.643014937375094,0.273264314466399
87.39,0,8.40884718928044,0.733497429255369,0.831046002906611,0.644554010687859,0.268245122452351
87.4,0,8.41142862575296,0.733035406783638,0.831201876605751,0.642035220126721,0.270549284403541
87.41,0,8.41390349236956,0.731122471091785,0.830535170527138,0.643073839058322,0.269697784424896
87.42,0,8.41627476993079,0.732698062595349,0.832274519588416,0.644432120591086,0.272066801987092
87.43,0,8.41854557075703,0.731559762925173,0.830630944803037,0.643264938126054,0.270801243479689
87.44,0,8.42071913742715,0.733092488809756,0.833655231349478,0.643260800606756,0.268364136668197
87.45,0,8.42279884145422,0.731824761451504,0.835362825111893,0.643663561093801,0.269487145161735
87.46,0,8.42478818189985,0.73456737894414,0.829629525997674,0.645267274501786,0.268325072485803
87.47,0,8.42669078392936,0.733690176140888,0.830108537722038,0.644913851914306,0.267942554610222
87.48,0,8.42851039730977,0.733076800488331,0.832260938649262,0.645053150843937,0.269520375715246
87.49,0,8.43025089485285,0.732518666681487,0.829310098850762,0.64579152941493,0.270666420531282
87.5,0,8.43191627080519,0.734483764567168,0.832941213852758,0.645100954579995,0.269741924674044
87.51,0,8.43351063918791,0.733101472830129,0.832912903310738,0.644031077209438,0.272868378809271
87.52,0,8.43503823208779,0.730233264707003,0.831560079003576,0.645606116135038,0.268254340851321
87.53,0,8.43650339790264,0.72999765329921,0.832539913634118,0.643688746194419,0.270623133113775
87.54,0,8.43791059954289,0.73141302542091,0.830809373062168,0.645729171113297,0.271227915458028
87.55,0,8.43926441259207,0.731636879341533,0.831560386107456,0.645959676157541,0.268186704087702
87.56,0,8.44056952342843,0.731680867189776,0.830520554665626,0.643745073966653,0.269339324397475
87.57,0,8.44183072731026,0.728838543573829,0.831567717003933,0.645301177562169,0.271880267144576
87.58,0,8.4430529264273,0.729678441240055,0.82966991473468,0.643951654286485,0.270885827964606
87.59,0,8.44424112792084,0.728944337426287,0.833498205141489,0.644243100853246,0.266632352626064
87.6,0,8.44540044187493,0.730786228521904,0.832536456677661,0.644196009006075,0.269812740437862
87.61,0,8.4465360792812,0.73152569304559,0.832259114136789,0.643721989594468,0.271230230047842
87.62,0,8.44765334997988,0.732560325367609,0.831433276272961,0.646711875132398,0.268834285700159
87.63,0,8.44875766057956,0.728109889967815,0.83129165765557,0.644651611170822,0.27070248176141
87.64,0,8.449854512358,0.725486890522527,0.833696969569996,0.645538137869577,0.268365512316959
87.65,0,8.4509494991468,0.730222272093154,0.831331105234548,0.646816701652937,0.268750242097851
87.66,0,8.45204830520213,0.728485416584153,0.832289088293221,0.646587738642771,0.268779346459774
87.67,0,8.45315670306418,0.727821591022327,0.833333418285517,0.645314675279928,0.271820140816613
87.68,0,8.45428055140771,0.731525959311769,0.833191051648596,0.646811737228154,0.268263104666387
87.69,0,8.45542579288616,0.727632957719595,0.832483417857575,0.647504387474968,0.270469409301395
87.7,0,8.45659845197163,0.730303485963753,0.829738176468148,0.649362424382449,0.268109619137034
87.71,0,8.45780463279324,0.729350320596797,0.832721122455688,0.647361577260199,0.271286623736953
87.72,0,8.45905051697603,0.730403709614114,0.83378720118027,0.646851328699729,0.272190125602308
87.73,0,8.46034236148291,0.727808781582957,0.833332940006801,0.646968637060665,0.271455900625057
87.74,0,8.46168649646159,0.728408238792846,0.833020119401748,0.64971933703647,0.269492796820333
87.75,0,8.46308932309896,0.730080981818686,0.830111015079571,0.647011544394799,0.272331830124233
87.76,0,8.46455731148501,0.728451292776243,0.830571302205999,0.647487407582759,0.270422148879492
87.77,0,8.46609699848823,0.730100716216668,0.832433205937703,0.648405148927588,0.269605085149909
87.78,0,8.46771498564471,0.729042338221263,0.831611355162276,0.648734454987328,0.269956520559385
87.79,0,8.46941793706285,0.728500608904377,0.831405672272218,0.6492297197616,0.271980640955086
87.8,0,8.47121257734551,0.728515760783372,0.834990739764497,0.6465887179948,0.270282521025263
87.81,0,8.47310568953157,0.726589266615774,0.833428625686966,0.649029227686929,0.270480005798887
87.82,0,8.47510411305866,0.727535415894594,0.831852501588798,0.646541433497091,0.26923058742352
87.83,0,8.47721474174866,0.728814255920254,0.831083477654518,0.646551292142214,0.26873164951327
87.84,0,8.47944452181774,0.72907850847396,0.83263795131919,0.649660865838952,0.27035730759167
87.85,0,8.48180044991249,0.725130655808665,0.833665548889202,0.647836176137359,0.269483227446885
87.86,0,8.48428957117349,0.729256709522543,0.829963601843934,0.648493336582449,0.269446245322257
87.87,0,8.48691897732788,0.728604124976582,0.831140025280211,0.649943375879348,0.266750974845628
87.88,0,8.48969580481227,0.726842007278452,0.832342201844057,0.648238111187664,0.27140597488434
87.89,0,8.49262723292706,0.728142516144309,0.833569478351169,0.647260040809743,0.268696945350569
87.9,0,8.49572048202351,0.72895986863233,0.834207760219445,0.651455921170809,0.266852756396324
87.91,0,8.49898281172459,0.727315662254705,0.83236702332811,0.649361607095076,0.269127268005401
87.92,0,8.50242151918061,0.727402755651629,0.832739154005242,0.650718566535907,0.270375051275348
87.93,0,8.5060439373605,0.729224160110583,0.831344187351537,0.648672796688258,0.271816355159738
87.94,0,8.50985743337956,0.72843788434359,0.833428424074652,0.650158573715648,0.27008649432424
87.95,0,8.51386940686462,0.727841306612612,0.833341267363739,0.650457749985283,0.270372167182149
87.96,0,8.51808728835683,0.728784782294427,0.831850656659348,0.651788586533719,0.271294870226819
87.97,0,8.52251853775317,0.725667478177753,0.832652887466041,0.650738943345699,0.269615218742135
87.98,0,8.52717064278669,0.727806551821232,0.836864965726699,0.650699789044322,0.269505385958671
87.99,0,8.53205111754619,0.727396757171212,0.833022580959025,0.651925206093581,0.27173980033395
88,0,8.53716750103545,0.725707396018724,0.83478813171959,0.650206955806372,0.269516270393734
88.01,0,8.54252735577228,0.724384212289921,0.835195207896349,0.649681554003724,0.270514740092374
88.02,0,8.54813826642753,0.727103498534042,0.834363342646125,0.651010863055894,0.269628655065206
88.03,0,8.55400783850406,0.723963669544991,0.830730622524772,0.651493791776867,0.268121950030204
88.04,0,8.56014369705565,0.726541928556025,0.834369520765621,0.652833063986839,0.269259152461597
88.05,0,8.56655348544564,0.725494919998365,0.833318603874793,0.652361809074713,0.269852626839657
88.06,0,8.57324486414519,0.725899795240369,0.833026834399145,0.652678770172927,0.267419760095673
88.07,0,8.58022550957072,0.725249323006026,0.835143050598836,0.652697092331511,0.271395826853344
88.08,0,8.58750311296023,0.726900978482646,0.833777128923771,0.650110441972982,0.270133405157127
88.09,0,8.59508537928797,0.7250548868282,0.835001251199982,0.653135774267822,0.269762956372261
88.1,0,8.602980026217,0.725067335334353,0.835581310639097,0.651692658257035,0.268367049603305
88.11,0,8.61119478308884,0.722560275526685,0.833554033177597,0.652094202222844,0.271445456186645
88.12,0,8.61973738994958,0.723462730160572,0.834145443084582,0.653176320450275,0.268332843952007
88.13,0,8.62861559661171,0.724093093501077,0.835219683452853,0.651673823790581,0.271014967177236
88.14,0,8.63783716175068,0.723971370475547,0.832330398564061,0.652960794551948,0.271696892684629
88.15,0,8.6474098520354,0.721425627315147,0.835523269345022,0.652577860886918,0.270084853645373
88.16,0,8.65734144129144,0.723232313976351,0.832974846454911,0.655482651722087,0.270012446422712
88.17,0,8.66763970969611,0.723552069504318,0.833750878392605,0.651058686360917,0.268119072817974
88.18,0,8.67831244300397,0.724328753652812,0.835088733077001,0.654027886299905,0.266875413731975
88.19,0,8.68936743180186,0.7219372515158,0.835665033555003,0.652163584021109,0.269544106373234
88.2,0,8.70081247079186,0.722346171440541,0.835720670375454,0.655069862429375,0.270044111228608
88.21,0,8.71265535810103,0.724372410694197,0.835950617296554,0.652258751986986,0.26968263950453
88.22,0,8.72490389461642,0.721304548392603,0.836921789513544,0.652370896229466,0.270627015902483
88.23,0,8.73756588334392,0.720647603200623,0.833544119636161,0.649647935611139,0.267455720324249
88.24,0,8.75064912878929,0.720607617864592,0.837551039334837,0.654249792991942,0.270687794554557
88.25,0,8.76416143636011,0.721850989097526,0.836118756564523,0.654564352756247,0.268177332359447
88.26,0,8.77811061178651,0.719947771516583,0.835608958707031,0.654653260515981,0.268405759713342
88.27,0,8.79250446055945,0.718742580900979,0.838908340217259,0.653534944445489,0.268161162890339
88.28,0,8.80735078738453,0.719419901000898,0.834386923176067,0.653497488528919,0.270564725756968
88.29,0,8.82265739564962,0.720876190707712,0.835398786058563,0.653030910395765,0.271437164091814
88.3,0,8.83843208690458,0.718964210764377,0.833424522731741,0.655092037000018,0.270283443678224
88.31,0,8.85468266035098,0.719999736816004,0.837800327080248,0.65419876786843,0.269469957936411
88.32,0,8.87141691234009,0.718242903011253,0.841341559939314,0.655153486861411,0.268110133730181
88.33,0,8.88864263587709,0.718635599674271,0.835520321853613,0.654433269239462,0.269657661321901
88.34,0,8.9063676201296,0.718390132113431,0.837550661866211,0.654189749665065,0.271062509371761
88.35,0,8.92459964993838,0.717364055183947,0.838024129935787,0.656261364583041,0.270242719584441
88.36,0,8.94334650532835,0.716655963791698,0.8375336751234,0.654929992184195,0.267718871022248
88.37,0,8.96261596101758,0.718084043589265,0.835751930051252,0.65170661559355,0.271394416207837
88.38,0,8.98241578592243,0.71471385929253,0.837526434821906,0.65542422732144,0.270979127915378
88.39,0,9.00275374265651,0.714545923001625,0.839667108961836,0.653975041823212,0.269536749772039
88.4,0,9.02363758702147,0.714227386387095,0.837518509171065,0.654886878400865,0.271112823920221
88.41,0,9.0450750674873,0.716451771232712,0.840836705082638,0.654455033134571,0.27015385641826
88.42,0,9.06707392466016,0.714793770155758,0.84026572504251,0.658183409397341,0.268767175940088
88.43,0,9.08964189073525,0.712668559078501,0.841687367955331,0.65452628826072,0.268736738750695
88.44,0,9.11278668893291,0.713656681694438,0.841102432537649,0.653031481158808,0.268693900542395
88.45,0,9.13651603291548,0.71294821075536,0.838717740787021,0.654194397841358,0.269459007372892
88.46,0,9.16083762618267,0.712206110038385,0.840299992425358,0.654894936895626,0.272155997985319
88.47,0,9.18575916144351,0.710066388315139,0.838034113640293,0.655470287613591,0.268087082050657
88.48,0,9.21128831996226,0.713984324648768,0.839793753685008,0.653847703999088,0.270896974054164
88.49,0,9.23743277087654,0.710671064184311,0.839120738618665,0.653910150359585,0.272989342060484
88.5,0,9.26420017048504,0.709454433457711,0.838962351559544,0.654083095513913,0.271583154519035
88.51,0,9.29159816150285,0.713847288240805,0.841552630486812,0.655997916270807,0.269241053532469
88.52,0,9.31963437228224,0.710443712424336,0.840172694953494,0.656469032220515,0.268458845144303
88.53,0,9.34831641599658,0.707364579575974,0.838699281726364,0.656278868181373,0.268538621117276
88.54,0,9.37765188978536,0.710086733884842,0.836931296959707,0.658795023697254,0.269147520493845
88.55,0,9.40764837385804,0.706505452406214,0.841318861434927,0.654703927644325,0.270870083390649
88.56,0,9.43831343055492,0.708365094470231,0.837906483951739,0.655081843410177,0.273884897858652
88.57,0,9.46965460336236,0.707396456041609,0.840184895437613,0.655061133104404,0.269738431544369
88.58,0,9.50167941588107,0.706365496929576,0.83897203413857,0.657806738975957,0.269423466226564
88.59,0,9.53439537074468,0.705675899730735,0.842009750181294,0.655041851972208,0.269800138271792
88.6,0,9.56780994848702,0.703069192498444,0.841102762410252,0.654891467227312,0.270334733683348
88.61,0,9.60193060635616,0.705984262757236,0.841248092853329,0.659727545220733,0.268855395577977
88.62,0,9.63676477707302,0.703657542336796,0.843474375910242,0.651115031719425,0.27115220367097
88.63,0,9.67231986753277,0.703550769093986,0.840805685808198,0.65834139190645,0.270668346698227
88.64,0,9.70860325744746,0.702161155854183,0.84100290266947,0.656609017033019,0.268871918636918
88.65,0,9.74562229792749,0.700945160722196,0.845001683701483,0.655891681805876,0.27057390750813
88.66,0,9.78338431000088,0.700368757919193,0.842349177942075,0.657300296438138,0.266635995042002
88.67,0,9.82188671979453,0.700975668567223,0.841081616530184,0.65789895449036,0.269921139772035
88.68,0,9.86054820540001,0.698842844314647,0.841335076835543,0.657229152741508,0.270085911372351
88.69,0,9.89943784316011,0.698087483809274,0.844086787907009,0.657320177475473,0.268996659269154
88.7,0,9.9389354301372,0.697123898365408,0.841783854337101,0.658402226831494,0.27239255044149
88.71,0,9.97915357312582,0.695341349140635,0.842591116545755,0.65863461804001,0.269945993451402
88.72,0,10.0201219926334,0.696831455095292,0.84238993286342,0.656802823394206,0.269807835257301
88.73,0,10.0618519332153,0.695914932904107,0.844538461940856,0.658717456779788,0.271716566258288
88.74,0,10.1043508242946,0.693314046045181,0.843855509637038,0.657168307029224,0.271016834813656
88.75,0,10.1476252950837,0.693032900983832,0.844059835136115,0.658965407616869,0.271437613448836
88.76,0,10.1916817733146,0.693685102968979,0.84548882868824,0.657532580344645,0.270122943309401
88.77,0,10.2365266013845,0.691893370223012,0.844185226353411,0.657979689090367,0.26869968579721
88.78,0,10.2821660573159,0.691397338074817,0.843890106705636,0.657508993654267,0.267618674865986
88.79,0,10.3286063569757,0.691153406387452,0.845816043291927,0.657599528543623,0.270484352612759
88.8,0,10.3758536525624,0.691332179324666,0.84470622021215,0.656695755002093,0.26772458449556
88.81,0,10.4239140303024,0.68748155102945,0.846061474600558,0.656781791529923,0.270220254660016
88.82,0,10.4727935079341,0.689379934646503,0.84577545848748,0.657030717000278,0.268444180224321
88.83,0,10.5224980320899,0.689422710211448,0.845177931705429,0.658397432574533,0.271736605368456
88.84,0,10.5730334756018,0.685591578504987,0.849137978264127,0.657014544851123,0.270372631864035
88.85,0,10.6244056347309,0.684263710309605,0.843567435991343,0.656725751104763,0.267931322894309
88.86,0,10.6766202263253,0.686049878369578,0.843696487571723,0.657254244641352,0.270662593976489
88.87,0,10.7296828849044,0.684921479537439,0.847979834434667,0.65816211931804,0.269670579227884
88.88,0,10.7835991596708,0.684305021379744,0.848053708747832,0.654903307308352,0.267996946401341
88.89,0,10.8383745114497,0.684145346784245,0.845706928492747,0.657190853529631,0.26876290326163
88.9,0,10.8940143095574,0.679036764277355,0.846670741457613,0.656164766884328,0.268469718775688
88.91,0,10.9505238285983,0.682372633211687,0.850676045450953,0.65548995688116,0.270446747796892
88.92,0,11.0079082451912,0.678321767991968,0.847097113635727,0.655362230977497,0.266354584111212
88.93,0,11.0661726346271,0.678934238833321,0.850176219538695,0.657260969363911,0.270698478151953
88.94,0,11.1253219674575,0.675089872288373,0.846965906251436,0.65677592548591,0.271256544545608
88.95,0,11.1853611060166,0.675402777536863,0.84641241091381,0.657644409434483,0.271808003042501
88.96,0,11.2462948008758,0.675877011749463,0.846898080926043,0.655097370058791,0.271456981540366
88.97,0,11.3081276872351,0.675617227763606,0.847442190802845,0.65793373985038,0.268613433089543
88.98,0,11.3708642812504,0.676493931294958,0.84950708878778,0.656257951216271,0.268897820474268
88.99,0,11.4345089762991,0.674579760609479,0.850373920964938,0.655782820877567,0.268357239481423
89,0,11.4990660391867,0.673750883983697,0.85177105382015,0.654679604523208,0.270365583985813
89.01,0,11.5645396062948,0.671937727446469,0.8493459506562,0.656053765088111,0.269772970982349
89.02,0,11.6309336796737,0.671774885513799,0.849352046406082,0.656296706935226,0.269426283513633
89.03,0,11.6982521230813,0.668630644986089,0.849644080861806,0.654941380408294,0.268771449247421
89.04,0,11.7664986579707,0.665611855141215,0.848373794601509,0.657021920571879,0.26907765615926
89.05,0,11.8356768594294,0.668530865130423,0.849736346035408,0.65627265074889,0.266672309470246
89.06,0,11.9057901520717,0.663137060392129,0.85057268389971,0.656667222807826,0.272511291976795
89.07,0,11.9768418058885,0.668772864352139,0.851402152571201,0.656187803017731,0.272073638080445
89.08,0,12.0488349320562,0.664053063698729,0.851008090887081,0.655053468489002,0.268292990533824
89.09,0,12.1217724787083,0.663408504946922,0.850821918768669,0.657890385437871,0.270953477637618
89.1,0,12.1956572266729,0.662883107470788,0.853305129308471,0.655627299652371,0.268349533016348
89.11,0,12.2704917851798,0.659335892293377,0.852011291912326,0.656653895936693,0.271343278556877
89.12,0,12.3462785875396,0.659982080272408,0.85287569457779,0.655589218814274,0.271793555097773
89.13,0,12.4230198867996,0.657010711368573,0.850615085234252,0.656175973488746,0.268946257660848
89.14,0,12.5007177513797,0.657929044740423,0.852109903411205,0.654365257101627,0.270055268993
89.15,0,12.5793740606927,0.656626904964547,0.852177906313382,0.655011210682206,0.270037035892545
89.16,0,12.6589905007521,0.657576643280141,0.854275887238373,0.656479081390384,0.268939518131904
89.17,0,12.7395685597728,0.655235487857492,0.853999506981455,0.654947352281159,0.268682126775863
89.18,0,12.8211095237684,0.655183577607767,0.855220409674555,0.653902659935802,0.268923471105364
89.19,0,12.9036144721496,0.651432357844067,0.852265956864926,0.653320279149502,0.269858779055187
89.2,0,12.9870842733283,0.649261568074244,0.854573348014545,0.653806736638762,0.267620367983392
89.21,0,13.0715195803324,0.648646960428362,0.852356730467361,0.654863898009989,0.271679821724976
89.22,0,13.1569208264357,0.648493094730243,0.853370427584421,0.65393208456444,0.268934564471593
89.23,0,13.2432882208092,0.649118484726348,0.853610769998351,0.656706787462417,0.270987588622791
89.24,0,13.3306217441962,0.645115035045452,0.855640583510087,0.65263826835653,0.270121388973994
89.25,0,13.4189211446201,0.646043387350053,0.85494225334796,0.655206892152277,0.269607785850182
89.26,0,13.5081859331266,0.640416358690532,0.85543448070458,0.655561895931076,0.269481755016556
89.27,0,13.5984153795685,0.646813177127415,0.856892317930374,0.653441533719044,0.270057739087412
89.28,0,13.6896085084376,0.645028808804816,0.856516248091882,0.652004490189691,0.269847730757312
89.29,0,13.7817640947485,0.641966250425965,0.856037151820727,0.655165611359978,0.270642838438117
89.3,0,13.8748806599821,0.638399954984828,0.857561447546142,0.654088787113576,0.269966129005212
89.31,0,13.9689564680925,0.64006294149793,0.856245771363619,0.652926647724654,0.271291084747576
89.32,0,14.063989521585,0.636419256259012,0.857606106785912,0.654040181576695,0.268038054682755
89.33,0,14.1599775576692,0.636144719476101,0.859194096514451,0.654918155129721,0.270005539929747
89.34,0,14.2569180444963,0.635125350187387,0.857590361741215,0.651682849146717,0.271191999880482
89.35,0,14.3548081774826,0.63222474169248,0.859072702179033,0.653301309908845,0.268358897813175
89.36,0,14.4536448757298,0.633633208077124,0.859297386661415,0.652783964599306,0.269521801645757
89.37,0,14.5534247785448,0.631038615246223,0.858344866947166,0.650943583446559,0.268913181091406
89.38,0,14.6541442420671,0.630095185564594,0.85727451666283,0.654010815595198,0.269940368176843
89.39,0,14.7557993360101,0.628578658424089,0.857312885130829,0.652270221080581,0.271639599348834
89.4,0,14.8583858405211,0.628458342127521,0.860640998176177,0.651215531817588,0.270872709332272
89.41,0,14.9618992431691,0.627761889294561,0.861775220461981,0.650662459103054,0.269661812173671
89.42,0,15.0663347360635,0.625583790457964,0.86206932527028,0.652204512151697,0.268390883275532
89.43,0,15.1716872131126,0.627640667213554,0.859744956885063,0.650268570376679,0.27050667621553
89.44,0,15.2779512674273,0.621513995426941,0.859078646859516,0.652840183217159,0.269253846903351
89.45,0,15.3851211888757,0.624100202730076,0.858981913609186,0.653966401087794,0.270172309781865
89.46,0,15.4931909617965,0.62312508220039,0.862720605115514,0.653561070341549,0.271875283258705
89.47,0,15.6021542628759,0.623715480585473,0.860052801375425,0.651671038702992,0.268063324550664
89.48,0,15.7120044591944,0.619001915129245,0.8588905290622,0.650735268574729,0.268245820881019
89.49,0,15.8227346064513,0.616866651490525,0.86101811832234,0.652259169654905,0.270332645236872
89.5,0,15.9343374473704,0.617238058268633,0.863006414829086,0.650855647876649,0.270941322155941
89.51,0,16.0468054102951,0.616853825886871,0.862906126898547,0.649113710178962,0.269810461327399
89.52,0,16.1601306079775,0.614205013787905,0.863453453714352,0.651139340263868,0.2703790347958
89.53,0,16.2743048365681,0.609885056458402,0.861680750822245,0.649289136048006,0.272173618649114
89.54,0,16.3893195748111,0.613375022148287,0.861514768732166,0.648641099075203,0.266824958402843
89.55,0,16.505165983451,0.608045492886326,0.86383298107054,0.652152679102861,0.269948475970836
89.56,0,16.6218349048572,0.607323825846238,0.864332448915055,0.649493081627783,0.266921134376741
89.57,0,16.7393168628693,0.605526538147633,0.862340013582923,0.648557662189646,0.269004347334429
89.58,0,16.8576020628711,0.605693066960362,0.863797043475979,0.647433926393919,0.27058948840328
89.59,0,16.9766803920959,0.607053343770455,0.864157129312561,0.650217157486476,0.270730706297062
89.6,0,17.0965414201696,0.602721495334111,0.86250839701029,0.647661916061536,0.271599498163011
89.61,0,17.2171743998953,0.602423228119202,0.862108559363772,0.650234856827473,0.270547465803911
89.62,0,17.3385682682839,0.598704449493006,0.867721202553634,0.648909976839543,0.268983493970373
89.63,0,17.4607116478348,0.604506753095947,0.865746704613789,0.647986213786456,0.270271063585726
89.64,0,17.584753605445,0.59701473072704,0.86445548864512,0.648249355696325,0.272291623451356
89.65,0,17.711578464695,0.597975701439203,0.864091967080934,0.647096074549773,0.271053210663982
89.66,0,17.8398340672191,0.595029398279659,0.866124251222392,0.648938537756678,0.268905687722577
89.67,0,17.9690106840713,0.593510348445839,0.864223623048181,0.647794606007542,0.269328619568787
89.68,0,18.0989680795595,0.594853657601724,0.86636113708777,0.648565049623322,0.270844600967246
89.69,0,18.2296626205377,0.593766115263999,0.866744112174105,0.646670150320876,0.269769444397867
89.7,0,18.3610735481798,0.590940241225202,0.866651840968102,0.649579127021289,0.26866117559667
89.71,0,18.4931852100118,0.589840805785651,0.863835770025659,0.64548312423527,0.268518850774145
89.72,0,18.6259828990977,0.587599661861196,0.866963339178428,0.647770383862158,0.270733552521944
89.73,0,18.759451889289,0.587956894707236,0.866278585596209,0.645960317714229,0.269002535404834
89.74,0,18.8935772144888,0.582652496645847,0.866834890573711,0.647067200784053,0.268241876529239
89.75,0,19.0283436208836,0.58647836803858,0.870238400054884,0.647795687730222,0.26950863422824
89.76,0,19.1637355595449,0.582313853310086,0.866979002260138,0.647762533357735,0.273108532587443
89.77,0,19.2997371886334,0.581984011265894,0.868736427992098,0.64863169455512,0.269334012317933
89.78,0,19.4363323780658,0.581298988925117,0.869292400388077,0.646730147327746,0.269089005828411
89.79,0,19.5735047149872,0.579648202446139,0.867786292800057,0.646872786688566,0.269672003439513
89.8,0,19.7112375096643,0.578877326864619,0.870286606546703,0.647895338157038,0.270885649412992
89.81,0,19.8495138017095,0.580550667313986,0.869430902165749,0.647358212000222,0.26613874772543
89.82,0,19.9883163666134,0.575030053148875,0.869494366169611,0.646633839398621,0.269723244184901
89.83,0,20.1276277225792,0.574941056936108,0.869102028578825,0.643918077398661,0.270728104928945
89.84,0,20.2674301376573,0.575650644802097,0.870138272925375,0.648299041889864,0.270116967271102
89.85,0,20.4077056371753,0.574033252124573,0.872204614822227,0.645436555683056,0.269178654170056
89.86,0,20.5484360114623,0.571211428359955,0.8746615506187,0.644833936967631,0.2697600908499
89.87,0,20.6896028238629,0.567889867441591,0.87174026136778,0.648098192074582,0.26761857197312
89.88,0,20.8311874190391,0.569160892381393,0.872206485676293,0.646710487380047,0.268992058531897
89.89,0,20.9731709315534,0.568278689848721,0.874445132099841,0.64553101471123,0.270229456742319
89.9,0,21.1155342947313,0.567880142488299,0.871608368769105,0.646091281888767,0.270405212815945
89.91,0,21.2582582497963,0.564629497394124,0.87113943967159,0.645887684471481,0.268593006112669
89.92,0,21.4013233552737,0.564486054074709,0.872848932747861,0.644629316646362,0.269469939583149
89.93,0,21.5447099966563,0.564303699564596,0.874965737361678,0.642932207788576,0.269728402462322
89.94,0,21.6883983963261,0.56097901931091,0.870586011945657,0.646403840811784,0.269269978014027
89.95,0,21.8323686237266,0.560738476800833,0.873656886807668,0.645120823893734,0.269313532498596
89.96,0,21.9766006057768,0.559930821710987,0.875734517330463,0.64634381358235,0.26826594300433
89.97,0,22.121074137522,0.557932003558676,0.87366229980949,0.643134010512053,0.269109467930198
89.98,0,22.2657688930116,0.559656000581596,0.87292777177937,0.642838970711138,0.271770118205729
89.99,0,22.4106644363969,0.55670139544884,0.875001338397859,0.64598323822466,0.271829926558201
90,0.85,22.5557402332406,0.553364883353496,0.87674269078577,0.644617875792028,0.268913757159015
90.01,0.85,22.7009756620287,0.552968558865655,0.877340158463278,0.643922623361192,0.268916826510766
90.02,0.85,22.8463500258759,0.554775242975219,0.876948316199371,0.643916152075876,0.270908644631547
90.03,0.85,22.991842564415,0.553376178724216,0.876154231382671,0.642551832605887,0.271191997970071
90.04,0.85,23.1374324658605,0.553435482154903,0.873911671088328,0.645763484747953,0.269651371392832
90.05,0.85,23.2830988792364,0.551066418842594,0.875960646941981,0.644820736886144,0.27060425091656
90.06,0.85,23.4288209267573,0.547476038533716,0.87742194963204,0.646111221171018,0.267554048440997
90.07,0.85,23.5745777163528,0.544899910753398,0.877355836519992,0.644010101176023,0.270180448828346
90.08,0.85,23.7203483543232,0.544289446367853,0.876177916002145,0.644784829210905,0.269879312809306
90.09,0.85,23.8661119581166,0.545762853406188,0.879574667683528,0.64076203831185,0.268302940048409
90.1,0.85,24.0118476692139,0.545379839439949,0.881079889482591,0.643236642647939,0.269104275428927
90.11,0.85,24.1575346661123,0.543406106970409,0.878677489134353,0.646636472528794,0.271220836462477
90.12,0.85,24.3031521773929,0.542453794580145,0.877907234906278,0.644133745041761,0.269841401321844
90.13,0.85,24.4486794948626,0.539243101877855,0.880486879900499,0.643773239111937,0.269839064072467
90.14,0.85,24.5940959867551,0.53971974289259,0.880401084436973,0.641505768805022,0.271331559760289
90.15,0.85,24.7393811109817,0.540144887582913,0.877436798841418,0.645901028653517,0.270168629452225
90.16,0.85,24.8845144284161,0.537358791469386,0.880400315827702,0.647350113610275,0.269757803728359
90.17,0.85,25.0294756162024,0.537517255231281,0.881716624429205,0.643322035545387,0.269869622803219
90.18,0.85,25.1742444810728,0.53620680318602,0.882239853479844,0.642985223138754,0.268639027610105
90.19,0.85,25.3188009726613,0.535345554455582,0.878775441375449,0.645916845847682,0.269770099581476
90.2,0.85,25.4631251968012,0.535377416652797,0.879752494519005,0.641468225536396,0.270120061671683
90.21,0.85,25.6071974287922,0.53417921706942,0.881581772418794,0.644233831590386,0.272169694777626
90.22,0.85,25.7509981266253,0.53125421401656,0.883792840625525,0.641464266804752,0.269491691670095
90.23,0.85,25.8945079441504,0.53158980224011,0.882198589246713,0.64411413797809,0.266774382132803
90.24,0.85,26.0377077441751,0.53269749555712,0.881055347100145,0.644392349662442,0.266743721599555
90.25,0.85,26.1805786114802,0.531058125132676,0.88219804221961,0.642029627040266,0.269585479050051
90.26,0.85,26.323101865739,0.528726074777266,0.882265810198942,0.642786071940239,0.270209007815419
90.27,0.85,26.4652590743283,0.525959348763648,0.882021222708456,0.643576528563176,0.270545853805446
90.28,0.85,26.607032065016,0.523971355444821,0.882146420592665,0.644856989618094,0.270530883873804
90.29,0.85,26.7484029385146,0.524478999679975,0.883887690491814,0.643127797700878,0.269607296059097
90.3,0.85,26.889354080886,0.523971689957772,0.882906171081432,0.642490176218078,0.270051005582094
90.31,0.85,27.029868175786,0.522199103303897,0.88319914480208,0.644720263859618,0.268497967068989
90.32,0.85,27.169928216535,0.523535040329228,0.884597400711365,0.642467737040642,0.270714014355155
90.33,0.85,27.3095175180045,0.520264487882767,0.885811249312959,0.643157535004963,0.269729191438744
90.34,0.85,27.4486197283038,0.518378539881488,0.886910245080268,0.643246685933707,0.270696388645734
90.35,0.85,27.5872188402589,0.516940803064144,0.882283744769098,0.642981711032779,0.270624538402174
90.36,0.85,27.7252992026694,0.519298945072128,0.884040760644144,0.642495023569012,0.270780191361462
90.37,0.85,27.8628455313319,0.516389914259025,0.884024797199398,0.646748215402921,0.271870194715971
90.38,0.85,27.9998429198208,0.514984600331948,0.882207116240717,0.64131663124933,0.272073521401319
90.39,0.85,28.1362768500128,0.515766558632364,0.884059992070729,0.642867116236741,0.26933777509543
90.4,0.85,28.272133202347,0.514344014373587,0.886856702792338,0.64510838450383,0.268520587217748
90.41,0.85,28.4073982658088,0.51324506567935,0.889753064504721,0.640011518349994,0.269184947424032
90.42,0.85,28.5420587476282,0.513791725771222,0.886035092967212,0.6445160128779,0.273455322611192
90.43,0.85,28.6761017826826,0.512468565816594,0.886405260972666,0.641997398786154,0.269485418571128
90.44,0.85,28.8095149425954,0.513219094030365,0.887876312966096,0.641938361364774,0.27086611411908
90.45,0.85,28.9422862445214,0.511619401683284,0.888258682014905,0.643216779371938,0.270366072390594
90.46,0.85,29.07440415961,0.510437485643112,0.886655498026692,0.644770062752692,0.271376626460521
90.47,0.85,29.2058576211386,0.508132836060726,0.886106882890819,0.644824621843403,0.27338614356687
90.48,0.85,29.3366360323086,0.507383577788843,0.891062439378046,0.642845890175671,0.271661713818856
90.49,0.85,29.4667292736964,0.50494468182689,0.890839641940857,0.644533563481943,0.268665020124223
90.5,0.85,29.596127710353,0.50440843050352,0.884905098672381,0.643614445241026,0.271289298618998
90.51,0.85,29.7248221985456,0.506549339495114,0.890510732995689,0.645963794207886,0.270241631310625
90.52,0.85,29.852804092135,0.50643163817445,0.890644626398068,0.643420614217701,0.269994832744077
90.53,0.85,29.9800652485838,0.502468091347598,0.889525732695142,0.642758531249199,0.268142700503899
90.54,0.85,30.1065980345902,0.501376593412012,0.890344848913065,0.644038932603266,0.269910007307573
90.55,0.85,30.2323953313429,0.502603554396052,0.890442369966665,0.646426303607761,0.270475286563645
90.56,0.85,30.3574505393922,0.501765369289853,0.892218296142875,0.643375661981595,0.266969205901608
90.57,0.85,30.4817575831356,0.499778661190218,0.890649835141585,0.643243283955522,0.269866251537686
90.58,0.85,30.605310914912,0.501028494275453,0.891492333796876,0.642247715387964,0.269295791882105
90.59,0.85,30.7281055187047,0.501511352496868,0.888621040637927,0.641949634170702,0.266452208167874
90.6,0.85,30.8496144277479,0.499872326163169,0.890624344986765,0.645069099287622,0.272319605540782
90.61,0.85,30.9681178759979,0.49909442297265,0.888631673214927,0.643464573613553,0.267488770505115
90.62,0.85,31.0771494496928,0.499525613232398,0.890645878772627,0.643849511544471,0.272551233302136
90.63,0.85,31.1194136681673,0.500091802622274,0.888894713148284,0.642920164222892,0.270191275008607
90.64,0.85,31.1306925766928,0.496910538303338,0.890776935819103,0.644084061963962,0.270041336436655
90.65,0.85,31.1412579380801,0.497976810404677,0.88981583031681,0.643786270709823,0.270284478203157
90.66,0.85,31.1516375919105,0.499043407043492,0.890921197824665,0.641883851251877,0.26861653968282
90.67,0.85,31.1618332771315,0.497291019803851,0.892995019767536,0.644195020042595,0.269424149182212
90.68,0.85,31.1718467835758,0.496260680254445,0.893305057712372,0.644434048594316,0.26734624907738
90.69,0.85,31.1816799511153,0.497198019287665,0.892737926336149,0.645894779846543,0.270201602087116
90.7,0.85,31.1913346687983,0.498364500014962,0.894195346647214,0.640247052050571,0.271192615864137
90.71,0.85,31.2008128739708,0.498844506512117,0.894314309356515,0.644726904362504,0.268930663477452
90.72,0.85,31.2101165513811,0.49790778826663,0.89337408664595,0.647174051628603,0.270831061942943
90.73,0.85,31.2192477322684,0.500139877460408,0.894020486218193,0.645954300540034,0.273421035205065
90.74,0.85,31.228208493436,0.495719203767323,0.89340752455798,0.647922589047956,0.271411444214031
90.75,0.85,31.2370009563086,0.500221943769873,0.897419895684964,0.645269362961379,0.270838993345906
90.76,0.85,31.245627285974,0.497607205040424,0.894227821340365,0.646918291887255,0.268481241839765
90.77,0.85,31.2540896902103,0.49921904975646,0.895012116677507,0.646776775123047,0.269840932583683
90.78,0.85,31.262390418498,0.499249154748844,0.892500585532395,0.646188410099604,0.269423452501256
90.79,0.85,31.1829759000523,0.499862699510779,0.893876825613602,0.644732329504513,0.272085874518067
90.8,0.85,31.0796138102218,0.495986719699629,0.897579737952639,0.646527961133969,0.269095722216774
90.81,0.85,31.0344311190689,0.500608676425296,0.895992039809708,0.648054021859516,0.270664582962769
90.82,0.85,31.0048745269493,0.500511410755085,0.89590900571084,0.647183717314814,0.272373799650037
90.83,0.85,30.9781666838548,0.498558151295106,0.896511734696401,0.645893170071424,0.269348671719909
90.84,0.85,30.950795409321,0.499197204573258,0.89968940467702,0.647834548051841,0.27032907519753
90.85,0.85,30.9222752175113,0.497404449279908,0.897831727939278,0.647196544370282,0.271096392855569
90.86,0.85,30.8928174595111,0.501383279575266,0.89917756522938,0.647684947975282,0.271578659791292
90.87,0.85,30.8625091695167,0.502003544538967,0.897939438099149,0.649872975428242,0.270514052341633
90.88,0.85,30.8313866936982,0.501726107766551,0.896344500364008,0.645296808853843,0.270279486939524
90.89,0.85,30.7994733337019,0.501260812959604,0.896586442262042,0.646851446611911,0.267995346377612
90.9,0.85,30.7667894057982,0.501370824521938,0.900378672069907,0.649570266546034,0.268040871138695
90.91,0.85,30.7333546534127,0.502451764963857,0.898477075092617,0.646690864449231,0.26826531746319
90.92,0.85,30.6991888030101,0.502045190294736,0.899429441654627,0.646625199333902,0.269711237333846
90.93,0.85,30.6643116836245,0.504039130359505,0.898850551285114,0.645365791674701,0.268396554307076
90.94,0.85,30.6287432448241,0.501616940255545,0.902761171739809,0.6458683454624,0.271195620587959
90.95,0.85,30.5925035511488,0.502042364303788,0.899193535367262,0.648106793835993,0.270870011502166
90.96,0.85,30.5556127711452,0.500420339163863,0.899025611191039,0.647391638395847,0.270579755775342
90.97,0.85,30.5180911652094,0.502242453032843,0.899276624096957,0.647078059283259,0.269020389224007
90.98,0.85,30.4799590732175,0.501408192933677,0.900892898932729,0.649069170306912,0.267940588674576
90.99,0.85,30.4412369021777,0.502070058471963,0.9012097010226,0.646850593595242,0.269091962183158
91,0.85,30.4019451139655,0.502304977739369,0.898405587820801,0.648530030970977,0.270068507195178
91.01,0.85,30.362104213162,0.506457741186516,0.902922419146986,0.646042129426042,0.270494073880853
91.02,0.85,30.3217347350067,0.507371879219457,0.903124151999628,0.649115776339588,0.271179404876362
91.03,0.85,30.2808572334729,0.503766769949106,0.902822040632666,0.65013703679941,0.270683215166111
91.04,0.85,30.2394922694742,0.505984903845197,0.900569638834347,0.648093239405444,0.273052084709474
91.05,0.85,30.197660399209,0.505253686787344,0.90090194249559,0.648091383392993,0.271601225984243
91.06,0.85,30.1553821626502,0.505987647991183,0.898964196410225,0.64768236035067,0.268742313968432
91.07,0.85,30.1126780721868,0.503894759269463,0.899159992739241,0.648744077367088,0.268700921424268
91.08,0.85,30.0695686014236,0.50626380182971,0.902097477223896,0.650158795184391,0.266845930814743
91.09,0.85,30.0260741741455,0.506972106452234,0.902945101816755,0.649325452008244,0.269945760737082
91.1,0.85,29.9822151534515,0.505386473385987,0.902712812713345,0.650843097021,0.269211594773723
91.11,0.85,29.9380118310647,0.508569075389417,0.902695226183941,0.648933610394679,0.269456224578342
91.12,0.85,29.8934844168218,0.507307839796594,0.903793111128927,0.651308477634842,0.269680667257528
91.13,0.85,29.8486530283488,0.51028715003123,0.902963748645533,0.650824169155163,0.269477171704219
91.14,0.85,29.8035376809255,0.510305520169232,0.905610710317064,0.650529539147885,0.270439160766331
91.15,0.85,29.7581582775441,0.509795193961479,0.904423700835864,0.650583122752702,0.268504571151127
91.16,0.85,29.7125345991648,0.509261212986371,0.903967959172352,0.653673729137112,0.271967787282411
91.17,0.85,29.6666862951725,0.511017381640398,0.904626734741008,0.651674566556765,0.268644023192925
91.18,0.85,29.6206328740372,0.509498595461193,0.903973158423299,0.651928569874024,0.266993777879034
91.19,0.85,29.574393694181,0.511118555562255,0.905284002623108,0.654853505157144,0.268016649704146
91.2,0.85,29.5279879550537,0.511355125479666,0.903908638019024,0.649299279017689,0.272551006861923
91.21,0.85,29.4814346884211,0.511824368464317,0.905079549117956,0.651108321486454,0.27150086650924
91.22,0.85,29.4347527498642,0.510973177481491,0.906264825156771,0.651056850851483,0.269218160596949
91.23,0.85,29.3879608104952,0.513410332732764,0.906066363532915,0.651029630021439,0.271316565329864
91.24,0.85,29.3410773488874,0.510867086262374,0.90342467022813,0.650613757128461,0.269875902973341
91.25,0.85,29.2941206432238,0.512829095480638,0.907121176693757,0.652745211715415,0.270250635086302
91.26,0.85,29.2471087636613,0.51449963025265,0.905074150064213,0.653604922491813,0.270364038479131
91.27,0.85,29.2000595649148,0.512700192371608,0.905579497788318,0.652719952828654,0.26892979703578
91.28,0.85,29.1529906790575,0.514141521237643,0.907049917570936,0.651570858095749,0.266927167867076
91.29,0.85,29.105919508541,0.515423453155416,0.905856320637968,0.653849091835527,0.270183408183225
91.3,0.85,29.0588632194317,0.513863477500439,0.905439608503379,0.650981476441531,0.271123351888194
91.31,0.85,29.0118387348651,0.51516856333491,0.90710343718189,0.653907155025703,0.269077233174808
91.32,0.85,28.9648627287157,0.515968065561737,0.906695237892724,0.653271436164113,0.268808006247187
91.33,0.85,28.9179516194828,0.516083132103491,0.905486105617752,0.653987393074392,0.269629788218707
91.34,0.85,28.8711215643902,0.514435724369164,0.909218721919328,0.652302721670871,0.269935479914774
91.35,0.85,28.8243884536979,0.516190058572259,0.90941209247928,0.651952697623976,0.27000680296098
91.36,0.85,28.7777679052248,0.516110229435692,0.908737349551268,0.653009902038027,0.273389121866677
91.37,0.85,28.7312752590816,0.517141242993514,0.908914953260885,0.64942706256733,0.270464206933746
91.38,0.85,28.684925572609,0.515753673881392,0.910060172809692,0.653139520765933,0.272582068713143
91.39,0.85,28.6387336155222,0.517757271436635,0.91031987938814,0.653402118303141,0.270614000993192
91.4,0.85,28.5927138652569,0.51670028048752,0.90966585927563,0.65340925168562,0.26814958018616
91.41,0.85,28.5468805025166,0.518742939220059,0.909151712877842,0.655395807932004,0.270605452532142
91.42,0.85,28.5012474070163,0.518010634818903,0.909181779559776,0.653665551910376,0.265987960231145
91.43,0.85,28.4558281534213,0.521286649842818,0.909207149845829,0.654781823727348,0.271069461830287
91.44,0.85,28.4106360074787,0.518467850107871,0.909086004623978,0.654864961801545,0.269991835892501
91.45,0.85,28.365683922336,0.520871057272373,0.909033008543288,0.65469941506256,0.271007285438399
91.46,0.85,28.320984535048,0.521002783342949,0.909614925024747,0.657118524297607,0.272138600255027
91.47,0.85,28.2765501632643,0.520386456768261,0.909038765679282,0.652233216035142,0.270600858580636
91.48,0.85,28.2323928020976,0.524057557420739,0.910236583711828,0.653947716484112,0.272906122941659
91.49,0.85,28.1885241211682,0.520316817339406,0.907229179009619,0.65539409736821,0.269120351148278
91.5,0.85,28.1449554618208,0.521491948627391,0.910268312619492,0.656652814838884,0.272030257219124
91.51,0.85,28.101697834511,0.521114745174197,0.911091049724633,0.652772988811529,0.270058677418656
91.52,0.85,28.0587619163585,0.522635338970387,0.91161235324662,0.650395561329438,0.270124191821857
91.53,0.85,28.0161580488622,0.521811249826583,0.911954051045158,0.656260511601521,0.270517991900487
91.54,0.85,27.9738962357748,0.519665698648498,0.910978199365856,0.653749770319925,0.271950886243301
91.55,0.85,27.9319861411329,0.524250628601192,0.910485915026456,0.658320499679855,0.270576249443098
91.56,0.85,27.8904370874388,0.524428611358373,0.912591934179653,0.6571089344975,0.269503580041088
91.57,0.85,27.849258053992,0.523478248726976,0.913850731169172,0.65477442609673,0.271131288819137
91.58,0.85,27.8084576753647,0.524879363289716,0.910447506686081,0.655059223797408,0.268970308696898
91.59,0.85,27.7680442400196,0.523516454748898,0.911292362070438,0.655052166452944,0.270752758227836
91.6,0.85,27.7280256890651,0.521736520587131,0.912681934590733,0.655540821034875,0.269157175668395
91.61,0.85,27.6884096151465,0.524029020464226,0.915077464571627,0.656443466345343,0.268458419925741
91.62,0.85,27.6492032614675,0.52512987624816,0.910252624833851,0.655580941598227,0.269388106478283
91.63,0.85,27.6104135209401,0.526566827284591,0.911829502426606,0.659552763878244,0.269872668580565
91.64,0.85,27.5720469354594,0.52780277259188,0.9128854963486,0.656855820011941,0.271816149045114
91.65,0.85,27.5341096952996,0.527872302471933,0.915389336141684,0.654899019862537,0.269089865525084
91.66,0.85,27.4966076386288,0.526286685516084,0.91146937771087,0.6547525155623,0.269217146310458
91.67,0.85,27.4595462511391,0.523558801177502,0.910899767559995,0.657759101826231,0.271208468116737
91.68,0.85,27.4229306657886,0.526982631975382,0.912897931601428,0.655165762571167,0.270573692848401
91.69,0.85,27.3867656626531,0.527909685023999,0.913232658180041,0.657151468464067,0.271934168946728
91.7,0.85,27.3510556688847,0.527436010231142,0.911601557347581,0.654847478139643,0.266677543662983
91.71,0.85,27.3158047587733,0.525781514371581,0.911870946976781,0.655134861187428,0.269765602187143
91.72,0.85,27.2810166539104,0.52882034593889,0.91390517560963,0.656381524049369,0.272053786383446
91.73,0.85,27.246694723451,0.526800626699011,0.913993496118979,0.656817634931093,0.270935764426949
91.74,0.85,27.2128419844716,0.530421500849924,0.913871224356856,0.656844087119266,0.268832746292785
91.75,0.85,27.1794611024223,0.529648980970091,0.914267421913578,0.65755151093294,0.272240992660721
91.76,0.85,27.1465543916709,0.529528131530481,0.913858988755021,0.657811031764802,0.270990237521554
91.77,0.85,27.1141238161361,0.529071089088954,0.911338106249709,0.656743520193169,0.269320032991548
91.78,0.85,27.0821709900084,0.531407398114619,0.914359778259617,0.655980577562512,0.269898414496577
91.79,0.85,27.0506971785575,0.531092158393911,0.913504714861996,0.657780893596633,0.27102015613537
91.8,0.85,27.0197032990225,0.529302174413217,0.916464983864948,0.657991364913088,0.269060354857549
91.81,0.85,26.9891899215856,0.530345782664172,0.913519932358481,0.65911596275578,0.272463815128125
91.82,0.85,26.9591572704265,0.531550864193155,0.913452447399376,0.656003904441404,0.271184072479317
91.83,0.85,26.9296052248557,0.529537171902325,0.917268295215576,0.653612733031507,0.270931588706015
91.84,0.85,26.9005333205273,0.52930205191006,0.91511920284261,0.655719386178954,0.269271128344049
91.85,0.85,26.8719407507282,0.530252076376061,0.912725325962818,0.658477325441464,0.265711377625136
91.86,0.85,26.8438263677442,0.531519302928844,0.915355241354812,0.656219335813962,0.268713641847003
91.87,0.85,26.8161886843007,0.529756867618444,0.916155739334744,0.65551359258019,0.271052025605621
91.88,0.85,26.7890258750793,0.530819098816119,0.91342965171332,0.65846265063799,0.270670528822623
91.89,0.85,26.7623357783078,0.532542204642179,0.917730165819349,0.657186429418932,0.270910597257578
91.9,0.85,26.7361158974239,0.533253193594952,0.917153206146172,0.655511923431684,0.269593905523442
91.91,0.85,26.7103634028127,0.531037125157982,0.915623630413265,0.654012503751362,0.270612206103779
91.92,0.85,26.685075133617,0.532274615809112,0.914588278396279,0.657572912429431,0.270050899201095
91.93,0.85,26.6602475996211,0.531637567757179,0.915522889374993,0.655310262027486,0.271513282379859
91.94,0.85,26.635876983207,0.535135500246815,0.915024957741145,0.655473752202486,0.272427949070126
91.95,0.85,26.6119591413851,0.533798786717193,0.91494043468535,0.656162705222463,0.269613579359328
91.96,0.85,26.5884896078972,0.534176930248658,0.91717044627652,0.658357749368002,0.267869434987067
91.97,0.85,26.5654635953942,0.535957812652444,0.915411749276435,0.656570746081625,0.268398915832124
91.98,0.85,26.5428759976883,0.536054774772712,0.915753687931949,0.654697827949028,0.270665536336228
91.99,0.85,26.5207213920801,0.53536307071676,0.915731183643,0.65632827257683,0.269075249538762
92,0.85,26.4989940417613,0.535255498890644,0.91632946486827,0.65737698754543,0.26926065730722
92.01,0.85,26.4776878982945,0.534871133070312,0.916002010525488,0.659638658431698,0.269124630955805
92.02,0.85,26.4567966041703,0.533915908217434,0.914397383150839,0.655390424614105,0.270139309630615
92.03,0.85,26.4363134954431,0.535064578249249,0.916591037151904,0.655465165118184,0.269203107524295
92.04,0.85,26.4162316044463,0.534383559777099,0.917266655368309,0.656491713731563,0.270546638356963
92.05,0.85,26.3965436625883,0.53760686366586,0.914561906976006,0.655643417435762,0.270626300431923
92.06,0.85,26.3772421032313,0.536671166217476,0.917772860474779,0.654740516874205,0.269627984360506
92.07,0.85,26.3583190646531,0.535165885303124,0.916581008869518,0.65767939426532,0.271915765960407
92.08,0.85,26.3397663930931,0.536240731285154,0.918306649423547,0.656159153793884,0.271193898296714
92.09,0.85,26.321575645886,0.536196393723758,0.918026121955935,0.657796916262797,0.269937428894252
92.1,0.85,26.3037380946822,0.535216301041664,0.917299875013693,0.65516301437181,0.270640199343332
92.11,0.85,26.2862447287582,0.536524645587024,0.917344138814149,0.655165596267451,0.268860148477016
92.12,0.85,26.2690862584184,0.537888650146475,0.918216215050424,0.656456733617505,0.268080619911618
92.13,0.85,26.2522531184886,0.540406446627858,0.917836065790888,0.655259885975987,0.269528817642624
92.14,0.85,26.2357354719052,0.534351416334938,0.918342285796706,0.655516250879373,0.272122616055819
92.15,0.85,26.2195232133995,0.536543499300475,0.918061970549811,0.657249378730874,0.269705474044192
92.16,0.85,26.2036059732809,0.538213888531245,0.918372194299344,0.656053225338986,0.270423856754849
92.17,0.85,26.1879731213195,0.53565072015028,0.916165851082244,0.657834984569285,0.269267925512343
92.18,0.85,26.1726137707296,0.537075313202453,0.918003758598828,0.653652285424487,0.26997296691143
92.19,0.85,26.1575167822577,0.539072466559193,0.919053815094995,0.655683821277845,0.268637174901832
92.2,0.85,26.1426707683742,0.538342434160004,0.916544767119401,0.655777502864068,0.271042353373927
92.21,0.85,26.1280640975732,0.537500803897704,0.918379906343644,0.656708994063093,0.270910402987585
92.22,0.85,26.11368489878,0.542367143796656,0.916682200791101,0.6539769388864,0.270737207594059
92.23,0.85,26.0995210658692,0.538323618079268,0.917896556970656,0.654010238635868,0.271345541536419
92.24,0.85,26.0855602622951,0.54010121674442,0.918191487925967,0.657056911446379,0.270169571164436
92.25,0.85,26.0717899258345,0.536114218120632,0.920695604374797,0.653654021112053,0.269879651278054
92.26,0.85,26.0581972734467,0.540423834295781,0.918130762553552,0.654459978486632,0.269551164998381
92.27,0.85,26.0447693062478,0.540282861568439,0.91720577067313,0.655534705343718,0.269876636926918
92.28,0.85,26.0314928146056,0.539817290039942,0.919751581054551,0.654672636998,0.27291199056701
92.29,0.85,26.0183543833519,0.539325666498285,0.918515509872836,0.65270893456123,0.270764496596066
92.3,0.85,26.0053403971173,0.540209884280277,0.919595458130304,0.655765939151453,0.271169665460097
92.31,0.85,25.9924370457873,0.540089229438421,0.919788351677208,0.655915027181845,0.269515892951904
92.32,0.85,25.9796303300815,0.541183946082323,0.91837397357946,0.656109737546748,0.270041390799213
92.33,0.85,25.9669060672579,0.541329043448702,0.918643628678419,0.654347140212057,0.272604133444857
92.34,0.85,25.9542498969415,0.540952979955826,0.918864023193952,0.65514175747847,0.270870546055877
92.35,0.85,25.9416472870789,0.540980606523744,0.918762761826173,0.653797512528148,0.270376112692071
92.36,0.85,25.9290835400206,0.541757702119479,0.920303324876291,0.65542368057551,0.271660909125523
92.37,0.85,25.9165437987287,0.54073894751833,0.918155602562619,0.652647112376974,0.269521272791095
92.38,0.85,25.9040130531141,0.540176872389734,0.919366322641555,0.656437749854742,0.267230495069292
92.39,0.85,25.8914761465,0.541125100511377,0.91693030656257,0.654369443302376,0.269125286760808
92.4,0.85,25.8789177822143,0.540444226763471,0.919589092249142,0.652281511036297,0.270558914698523
92.41,0.85,25.8663225303092,0.542636772724399,0.918753448620909,0.650359025078308,0.272120466757121
92.42,0.85,25.8536748344091,0.542513128446844,0.919203763245315,0.653052349272638,0.269622426838923
92.43,0.85,25.8409590186855,0.540367330010598,0.918506231357779,0.652434010400257,0.269816939613989
92.44,0.85,25.8281592949582,0.5426445667226,0.918983528200776,0.653831437012492,0.270519444861941
92.45,0.85,25.8152597699231,0.541424217885694,0.918818995615216,0.654480022844149,0.269305641884448
92.46,0.85,25.8022444525047,0.541634258340303,0.919428596297617,0.652626888507656,0.271225350748517
92.47,0.85,25.7890972613327,0.543119502226562,0.917734283484434,0.651304197657668,0.270115241502006
92.48,0.85,25.7758020323405,0.542399104111554,0.918325734595422,0.653448086639384,0.269754681726116
92.49,0.85,25.7623425264852,0.539869405010142,0.917201003195257,0.651527680027993,0.269686793043974
92.5,0.85,25.7487024375872,0.542347632869998,0.920246497548004,0.651277720484153,0.268112157200915
92.51,0.85,25.7348654002863,0.541716799093459,0.919372321583505,0.649652490102351,0.270839019920968
92.52,0.85,25.7208149981134,0.544374786556564,0.918009118749301,0.65329531504359,0.268813761509044
92.53,0.85,25.7065347716746,0.542175193252858,0.916384837642973,0.648443527577425,0.271941958780039
92.54,0.85,25.6920082269459,0.5426217264223,0.917449823801105,0.652944291429888,0.268792608508298
92.55,0.85,25.6772188436746,0.541895221317747,0.917206631165508,0.653024009187511,0.269637075543526
92.56,0.85,25.6621500838853,0.543865707011161,0.919791493625163,0.650385910757057,0.268027216108744
92.57,0.85,25.6467854004864,0.546149304727826,0.920772429332501,0.653510332177163,0.273465173416461
92.58,0.85,25.6311082459745,0.546781883916657,0.920539915763972,0.653501606016071,0.270387516903619
92.59,0.85,25.6151020812316,0.544592653470822,0.917512248341229,0.652695351566984,0.269615571209715
92.6,0.85,25.5987503844126,0.545342157697659,0.917377938280823,0.6489209174488,0.271293903620165
92.61,0.85,25.5820366599179,0.543255961224442,0.916905485755782,0.648491804949547,0.269398240067628
92.62,0.85,25.5649444474468,0.544930641297633,0.92087128226541,0.654277159453941,0.271124213252111
92.63,0.85,25.5474573311272,0.548845069195399,0.919293361162769,0.650997271093686,0.269585530616431
92.64,0.85,25.5295589487165,0.545017689558102,0.916914285228342,0.650559914146799,0.269087304683802
92.65,0.85,25.5112330008687,0.546364336331719,0.919791218546003,0.650468499683906,0.271585980646454
92.66,0.85,25.4924632604626,0.546529790705457,0.918407077033152,0.649773331529271,0.267998805678693
92.67,0.85,25.4732335819839,0.546065252721084,0.919599838141511,0.648703170287996,0.268674003078334
92.68,0.85,25.4535279109581,0.548071078469995,0.920639034677854,0.649808436196062,0.269272357823171
92.69,0.85,25.4333302934259,0.548123508927848,0.918638771258143,0.646729822941737,0.272110012074708
92.7,0.85,25.4126248854557,0.547524715361664,0.919054858156953,0.648771425251852,0.271157819625241
92.71,0.85,25.3913959626865,0.544642653947392,0.918522729174864,0.648906842984249,0.268893603423442
92.72,0.85,25.3696279298948,0.54626682210571,0.919471966837838,0.650540055508502,0.272184981488596
92.73,0.85,25.3473053305788,0.546862908168347,0.91548206546432,0.647361785885699,0.269067478070516
92.74,0.85,25.3244128565518,0.548299278027541,0.918398520340007,0.649799672083415,0.270210862694293
92.75,0.85,25.3009353575391,0.548667158881486,0.919512381145276,0.649081139587023,0.271375248178502
92.76,0.85,25.2768578507695,0.548301871705183,0.918655766394547,0.649957807217749,0.269342859210401
92.77,0.85,25.2521655305551,0.550178546731828,0.917133642982785,0.646818486237363,0.26981686761164
92.78,0.85,25.2268437778502,0.549701724751948,0.918713977228391,0.649062070994075,0.268410269127041
92.79,0.85,25.200878169783,0.550598073997114,0.917678224371756,0.649514064788472,0.269679043082178
92.8,0.85,25.1742544891511,0.54886529423356,0.915095629222172,0.64921770423612,0.269106683782175
92.81,0.85,25.146958733872,0.547982962568589,0.917650451242722,0.647724760292799,0.271533745073999
92.82,0.85,25.1189771263822,0.548256024287778,0.916728747839403,0.647636128093263,0.268116566414998
92.83,0.85,25.0902961229746,0.548914315352298,0.9181752124234,0.648076647811031,0.270810803283402
92.84,0.85,25.0609024230665,0.546974647513494,0.914167803701322,0.648266417190538,0.269362960129439
92.85,0.85,25.0307829783896,0.55079450433735,0.917566504432171,0.64767110801325,0.273202819257798
92.86,0.85,24.9999250020929,0.550293903881391,0.918778119237257,0.646768659317503,0.270211829860907
92.87,0.85,24.9683159777505,0.549373214588631,0.918075739579715,0.648327706789119,0.268315021607772
92.88,0.85,24.9359436682643,0.549694902285357,0.918920058396226,0.646093463752387,0.270317068273698
92.89,0.85,24.9027961246542,0.551355949537266,0.916430113389621,0.645996224760805,0.270523931811741
92.9,0.85,24.8688616947248,0.550608548417957,0.919577034120955,0.647332590522298,0.270393996953791
92.91,0.85,24.8341290316026,0.552336790780525,0.916726560150396,0.646435397691972,0.268408946137866
92.92,0.85,24.7985871021318,0.553209031125467,0.917520037460075,0.647491119831005,0.269564172040104
92.93,0.85,24.7622251951216,0.552329191878439,0.914722799415831,0.647576843090784,0.269544978377922
92.94,0.85,24.725032929436,0.551242301471927,0.915575143339603,0.646074257667135,0.27117682590341
92.95,0.85,24.6870002619162,0.55479939607991,0.91662475040421,0.648881421158051,0.269006989656877
92.96,0.85,24.6481174951277,0.553999563595549,0.917457634735283,0.645633327405247,0.268442442944671
92.97,0.85,24.6083752849233,0.552893964321294,0.915868331531982,0.646994716654907,0.269519355786017
92.98,0.85,24.5677646478136,0.555796634920932,0.91754793727455,0.646200222669,0.271410863398047
92.99,0.85,24.5262769681344,0.552931313590696,0.915074294200324,0.644539707736935,0.268302875207826
93,0.85,24.4839040050065,0.55531311000468,0.916833860290154,0.64582831200989,0.269611198431049
93.01,0.85,24.4406378990752,0.554887623742042,0.918399229525414,0.644926012068418,0.269037611988037
93.02,0.85,24.3964711790249,0.555951994327778,0.917228089426608,0.647736556249037,0.269628802465152
93.03,0.85,24.351396767858,0.555436222399135,0.916327749136735,0.643048600072906,0.27101483222493
93.04,0.85,24.3054079889325,0.555096370804301,0.913584483513415,0.646535148294144,0.271314787029521
93.05,0.85,24.2584985717491,0.557809654848963,0.914988899242614,0.645672530284595,0.272822891231102
93.06,0.85,24.2106626574813,0.555877694337629,0.9156545663521,0.643741433006698,0.268504021330318
93.07,0.85,24.16189480424,0.55855380789991,0.915150939572826,0.645542531275606,0.269200878592208
93.08,0.85,24.1121899920673,0.559050957362607,0.914475911451645,0.642986127156849,0.271176024196393
93.09,0.85,24.0615436276511,0.560420764514932,0.917885307257435,0.647363013533658,0.267843799818558
93.1,0.85,24.0099515487552,0.557888805375229,0.916438804781837,0.644504297107344,0.269922815666242
93.11,0.85,23.9574100283573,0.558036534852005,0.916227461449364,0.644881112250909,0.271500263683362
93.12,0.85,23.9039157784905,0.55640913155006,0.91404666830486,0.644291670550672,0.271889543838649
93.13,0.85,23.8494659537815,0.561990693746087,0.914962610690562,0.645719448491354,0.27212158795046
93.14,0.85,23.7940581546799,0.559063166828164,0.917831537022489,0.642242379845172,0.270722890436049
93.15,0.85,23.7376904303746,0.562752337535278,0.915842609893708,0.644036938740578,0.269462912603649
93.16,0.85,23.6803612813914,0.561826715645495,0.915430088131797,0.642007961520855,0.267710348568798
93.17,0.85,23.6220696618689,0.558813633454252,0.913703678550872,0.641921790002053,0.270373582000077
93.18,0.85,23.5628149815061,0.564827978482639,0.911128753436202,0.643509938931047,0.269961238444269
93.19,0.85,23.5025971071812,0.561550720344986,0.914809453808709,0.646485320629388,0.268425463856396
93.2,0.85,23.4414163642349,0.561505722003155,0.915577039733397,0.644124843661181,0.27082364713175
93.21,0.85,23.3792735374187,0.56510288321682,0.914310777840703,0.642132848779411,0.271645769733571
93.22,0.85,23.3161698715022,0.562515469425979,0.916742201277575,0.641753543584156,0.269741905565496
93.23,0.85,23.2521070715399,0.566960342274739,0.914404649552536,0.643789708736905,0.26830199467174
93.24,0.85,23.1870873027938,0.566396677657286,0.913427276213137,0.642446557602703,0.271306425726827
93.25,0.85,23.121113190312,0.564256102784963,0.914888075483201,0.642640379267319,0.270417558598884
93.26,0.85,23.0541878181608,0.565717282089782,0.912883195726251,0.64408022804545,0.26988211328775
93.27,0.85,22.9863147283106,0.56740726129542,0.912438082215077,0.642807813948358,0.269781785587944
93.28,0.85,22.9174979191758,0.565439704708761,0.914464093120393,0.643643780488887,0.26985372023985
93.29,0.85,22.8477418438071,0.568125877437419,0.914435990391721,0.644760421803493,0.272133295227546
93.3,0.85,22.7770514077394,0.570802057600837,0.914115362367394,0.641070370424359,0.270927955390782
93.31,0.85,22.7054319664944,0.568867243898508,0.910946690979769,0.645923312943032,0.268694851993563
93.32,0.85,22.6328893227404,0.568858121620342,0.914303640274234,0.643519706134356,0.270312376132015
93.33,0.85,22.5594297231105,0.571912399541526,0.915085205868447,0.644449393694799,0.269828546019965
93.34,0.85,22.4850598546825,0.572050766929934,0.913935277526316,0.645383398584364,0.273574360381611
93.35,0.85,22.4097868411224,0.570373187788515,0.914055892727173,0.640610712161052,0.268544446197917
93.36,0.85,22.3336182384953,0.573365078250871,0.913505558949789,0.642554383419122,0.269581038165608
93.37,0.85,22.2565620307466,0.57354057244002,0.911395182431268,0.644347113278796,0.267704979876838
93.38,0.85,22.178626624858,0.575491814922289,0.914198710118928,0.644132416406519,0.2726109174494
93.39,0.85,22.0998208456831,0.575388363720939,0.910483177793205,0.644485326926309,0.271029406661767
93.4,0.85,22.0201539304664,0.574598106533107,0.910113736210259,0.642489526986474,0.26939408291623
93.41,0.85,21.9396355230512,0.572496963043975,0.911815380233891,0.641508357737731,0.270499064191702
93.42,0.85,21.8582756677831,0.57615457272989,0.910557659849644,0.642570932264233,0.273880746536728
93.43,0.85,21.7760848031129,0.57916040366198,0.908275839104356,0.643821411846241,0.270382233126605
93.44,0.85,21.6930737549079,0.578782560350801,0.911492087449599,0.641357863081917,0.266732054708349
93.45,0.85,21.6092537294756,0.577614130995824,0.912866209252202,0.645663205719763,0.269632360035789
93.46,0.85,21.5246363063088,0.577304378878854,0.912245166620863,0.643470130095686,0.269607024998739
93.47,0.85,21.4392334305587,0.580828285832674,0.909573316482161,0.642963777917695,0.267031960246694
93.48,0.85,21.3530574052433,0.579130945327268,0.911773400784723,0.64503466402551,0.270968196865887
93.49,0.85,21.2661208832008,0.581098821130279,0.910164454392209,0.642527863762729,0.27181914132485
93.5,0.85,21.1784368587936,0.58420650642315,0.908928132411659,0.643578795403297,0.271760697963129
93.51,0.85,21.0900186593744,0.582589935955359,0.908955953870622,0.643502158439601,0.27170044575879
93.52,0.85,21.000879936521,0.584732972685993,0.910059772096016,0.643155563436841,0.269684442045279
93.53,0.85,20.9110346570508,0.58521651281517,0.910254490477235,0.642695199674934,0.269433927130594
93.54,0.85,20.820497093823,0.583944063405083,0.91034862125318,0.643023002951776,0.271407693088751
93.55,0.85,20.7292818163389,0.585813377190456,0.907305717582249,0.643480597904282,0.27077595922318
93.56,0.85,20.6374036811497,0.58798707455508,0.907957586903851,0.644055336514651,0.269186606011182
93.57,0.85,20.5448778220827,0.587195568526695,0.907763216255081,0.645461311496476,0.26951595423565
93.58,0.85,20.4517196402956,0.590786174977299,0.908997241482389,0.644300735086056,0.272965791323235
93.59,0.85,20.3579447941688,0.587795698419739,0.908812796500549,0.643352613859771,0.272361902875903
93.6,0.85,20.2635691890474,0.591513691538443,0.906933356706949,0.645544025083125,0.270172998828338
93.61,0.85,20.1686089668432,0.592699088079764,0.90880663330122,0.642712975189633,0.269372782590395
93.62,0.85,20.0730804955072,0.592407142371348,0.910298871406955,0.641304844178506,0.272775303144572
93.63,0.85,19.9770003583839,0.594059845791237,0.909539159550942,0.644677446867338,0.271394174252185
93.64,0.85,19.8803853434589,0.594384211868734,0.909097934005537,0.640440001571783,0.270340047376052
93.65,0.85,19.78325243251,0.594424107252998,0.908037481051073,0.644226606632456,0.270115789738608
93.66,0.85,19.6856187901736,0.59543854929758,0.9079770504784,0.645259860002382,0.270996405930712
93.67,0.85,19.5875017529372,0.597476285178651,0.908064795368084,0.643902003127998,0.272247010356679
93.68,0.85,19.488918818071,0.599757302967691,0.905242118389377,0.645436508756993,0.273945057776778
93.69,0.85,19.3898876325059,0.598501342987378,0.909706086952815,0.64407107270629,0.271885237025169
93.7,0.85,19.2904259816741,0.599850892805159,0.906381823107236,0.64548350490399,0.267101316240611
93.71,0.85,19.1911528936005,0.602039664689593,0.905435450850025,0.643058822285887,0.26988101994021
93.72,0.85,19.0936207510018,0.60106509160837,0.907510733198631,0.645175614206596,0.269983090831018
93.73,0.85,18.9964489478144,0.602816237157221,0.907444100859388,0.644794912815881,0.269859235774824
93.74,0.85,18.8990502367125,0.605034893657971,0.9063722975321,0.645576312393846,0.270616114663258
93.75,0.85,18.8013260794165,0.604144667041519,0.905474821378677,0.643060297957517,0.271807526554784
93.76,0.85,18.7032760203668,0.607758124284073,0.905239240680492,0.643454336359624,0.269225936005443
93.77,0.85,18.6049151226102,0.605745865126089,0.906721252191027,0.64354874644488,0.269293157335248
93.78,0.85,18.5062606627272,0.608692036522555,0.906322518966587,0.643178950429779,0.270687699603317
93.79,0.85,18.4073302411978,0.6078758570138,0.906523206029255,0.645853536891547,0.270358551917189
93.8,0.85,18.3081415281923,0.608976850497733,0.903077565293486,0.64569171644855,0.268991548290549
93.81,0.85,18.208712223731,0.610066674156878,0.908149436695654,0.644422368288049,0.269348462355801
93.82,0.85,18.1090600441268,0.610271205531216,0.906515003876763,0.645328478194661,0.269625123518421
93.83,0.85,18.009202711524,0.608831398502573,0.904240698067689,0.644507563674461,0.270166803229581
93.84,0.85,17.9091579438531,0.614132986871508,0.905600644762599,0.646437487686037,0.270270710852958
93.85,0.85,17.8089434449178,0.614473577494628,0.902187338392056,0.645750012425136,0.270568836026455
93.86,0.85,17.708576894594,0.616322368939704,0.9044086726375,0.644963246362045,0.269955702175369
93.87,0.85,17.6080759391444,0.616081904766595,0.902565172496189,0.646900526803946,0.270711267438622
93.88,0.85,17.5074581816585,0.61733569606722,0.906015444794922,0.643981581963625,0.269785531624831
93.89,0.85,17.4067411726241,0.618177288175409,0.903101042732538,0.644661308804143,0.268926610120401
93.9,0.85,17.3059424006379,0.620149689105208,0.901557139471493,0.646747057424289,0.270698547334005
93.91,0.85,17.2050792832641,0.61856963551542,0.905122844268134,0.646094412551036,0.270085932726747
93.92,0.85,17.1041691580454,0.620371941066468,0.900399841961339,0.645772427450997,0.269142851368985
93.93,0.85,17.0032292736748,0.621751576394501,0.903961946640191,0.644100261169463,0.270630192740045
93.94,0.85,16.9022767813343,0.625124014719399,0.904011790822552,0.64334556485047,0.267590695580732
93.95,0.85,16.8013287262054,0.624245151130213,0.903681170748694,0.645453058249204,0.271620555543711
93.96,0.85,16.7004020391597,0.626681930386063,0.901723363902339,0.644631492325191,0.269581484642342
93.97,0.85,16.5995135286322,0.625842498172484,0.902928049171148,0.642776554160253,0.270424127325738
93.98,0.85,16.498679872684,0.628160500832696,0.898224484868951,0.646449218631965,0.269958641270983
93.99,0.85,16.3979176112604,0.629326549832581,0.900192773307606,0.646234235068161,0.271027614279172
94,0.85,16.2972431386459,0.628658252648177,0.902123144056995,0.645721652216898,0.271966596367419
94.01,0.85,16.196672696124,0.630751286152128,0.900446664395223,0.648597902208682,0.27009289452075
94.02,0.85,16.0962223648429,0.632631551124267,0.902376362708084,0.647941880092144,0.273227433166267
94.03,0.85,15.9959080588922,0.632384561540057,0.900532860742168,0.645384254243233,0.271695132791679
94.04,0.85,15.895745518594,0.631746395554056,0.898944145383761,0.645715029719027,0.26882598999689
94.05,0.85,15.795750304011,0.634692533576771,0.900080687561256,0.649306610239896,0.269638680781183
94.06,0.85,15.6959377886742,0.635624608078501,0.900150094101624,0.647527011488964,0.270823850299101
94.07,0.85,15.5963231535332,0.638308638852531,0.898069638786921,0.646287501952329,0.271057534915367
94.08,0.85,15.4969213811311,0.637944417640595,0.900014282283509,0.644811079720907,0.271284134081965
94.09,0.85,15.3977472500054,0.637003824129841,0.897541981603959,0.646031523423407,0.267670241476141
94.1,0.85,15.2988153293171,0.638457693680504,0.898969921266124,0.648582607991056,0.271210907934455
94.11,0.85,15.2001399737084,0.642147390054156,0.898956278019877,0.647851426702164,0.269208979010117
94.12,0.85,15.1017353183908,0.643722883283397,0.897223740379216,0.646188794672725,0.268641751389581
94.13,0.85,15.0036152744636,0.64023194234411,0.896895751463741,0.649913694317891,0.270850916157237
94.14,0.85,14.905793524464,0.645567484186095,0.899590560885469,0.651265784621013,0.270170135903497
94.15,0.85,14.808283518147,0.646071052800305,0.897899452995423,0.650097552538965,0.269635078415146
94.16,0.85,14.7110984684981,0.646610649539969,0.89611885925208,0.648460926459019,0.270322071051511
94.17,0.85,14.6142513479744,0.651395692858959,0.898374873989631,0.649181905291532,0.271203212708563
94.18,0.85,14.5177548849771,0.650698335806069,0.89685026846661,0.64472070835791,0.27107911004651
94.19,0.85,14.4216215605518,0.650601458003655,0.895108399032328,0.648897441723598,0.268965731511177
94.2,0.85,14.3258636053162,0.651533223391797,0.895810076282681,0.649777834927263,0.26722762832782
94.21,0.85,14.2304929966147,0.652998308347966,0.896332285420803,0.650403298904568,0.268558894044403
94.22,0.85,14.1355214558962,0.65485252921542,0.896681601619104,0.649863963503832,0.272688728524996
94.23,0.85,14.040960446315,0.656427144560973,0.896886191469606,0.648431283582406,0.270653277228874
94.24,0.85,13.9468211705513,0.658261557593905,0.894439727071418,0.649825858968457,0.270998967759267
94.25,0.85,13.85311456885,0.656214387513539,0.89441055229644,0.649768248359019,0.268314743936989
94.26,0.85,13.7598513172741,0.661642837059965,0.894730684468518,0.650691450950642,0.268212610343666
94.27,0.85,13.6670418261712,0.660691683231781,0.895462815524444,0.651039622055103,0.270179154250165
94.28,0.85,13.5746962388483,0.661754488058953,0.895060352279366,0.650439808400001,0.268037882066692
94.29,0.85,13.4828244304542,0.664594580412606,0.893713551534107,0.649257948510323,0.267446679043802
94.3,0.85,13.3914360070636,0.665313160947559,0.895035123403909,0.650742112477572,0.269783631221781
94.31,0.85,13.3005403049613,0.665812094674578,0.896641243772604,0.649188993531543,0.270485195015581
94.32,0.85,13.2101463901219,0.665995143586384,0.893709036300863,0.65329175988864,0.272058726043026
94.33,0.85,13.120263057881,0.668518040368802,0.895269154075532,0.649651550620166,0.269384355253501
94.34,0.85,13.0308988327957,0.668187824386854,0.892697951858882,0.650663046432696,0.27149035071642
94.35,0.85,12.9420619686874,0.672680647386397,0.892648888486893,0.653959721324516,0.269112363740611
94.36,0.85,12.8537604488651,0.672797081422803,0.892308742833614,0.648939887069397,0.269697899657411
94.37,0.85,12.7660019865247,0.671697838334445,0.889870433631079,0.64972541021397,0.27013107589798
94.38,0.85,12.6787940253181,0.672903660852622,0.890554991253548,0.65145152898956,0.269008320557154
94.39,0.85,12.5921437400898,0.674064868098259,0.890356308592546,0.650693357660257,0.270068079740456
94.4,0.85,12.5060580377751,0.67702490575487,0.890209838655274,0.652002496595882,0.270122744619867
94.41,0.85,12.4205435584554,0.677569098029266,0.891178046897235,0.652714195516212,0.269125266225464
94.42,0.85,12.3356066765668,0.678923227537479,0.887570803928245,0.651717112418781,0.267052752608562
94.43,0.85,12.2512535022554,0.682285438224085,0.890500901592256,0.650442150966617,0.270743055091689
94.44,0.85,12.1674898828766,0.682813141840171,0.889351872619377,0.653619828477715,0.269333863505293
94.45,0.85,12.0843214046317,0.685279574323861,0.888348146088775,0.651386974840402,0.269088673432662
94.46,0.85,12.0017533943384,0.685710899093597,0.888592006226096,0.651489117287993,0.269029172785526
94.47,0.85,11.9197909213289,0.688749690823535,0.888657335816342,0.651920867468774,0.269492330002961
94.48,0.85,11.8384387994713,0.685699989488676,0.8898871791611,0.653504645245654,0.268965841126339
94.49,0.85,11.7577015893103,0.688774887196691,0.890145162974505,0.652421083316677,0.271045460452078
94.5,0.85,11.6775836003198,0.688151222046415,0.886456393544175,0.655152898630381,0.270157544860072
94.51,0.85,11.5980888932646,0.691197973863625,0.888056919267609,0.651626848564239,0.271043923342905
94.52,0.85,11.5192212826661,0.691901338887608,0.888741962925412,0.656460320762167,0.266902644469254
94.53,0.85,11.4409843393652,0.691691990726121,0.88885286702799,0.652803007738805,0.26816722600073
94.54,0.85,11.3633813931799,0.694544211787306,0.88803454512922,0.651496384952141,0.269637675481595
94.55,0.85,11.286415535651,0.694988022310802,0.88580959055658,0.651207280857946,0.271365604367013
94.56,0.85,11.2100896228714,0.698617450368438,0.888182027092065,0.655342463560554,0.269517481297784
94.57,0.85,11.1344062783953,0.697456531276489,0.887471433639183,0.655126337983815,0.269969436390393
94.58,0.85,11.0593678962207,0.697041814041107,0.888435967304386,0.655532109183564,0.268883749032779
94.59,0.85,10.9849766438421,0.698289698817917,0.888731423717269,0.653145675527945,0.267798455912832
94.6,0.85,10.9108043279274,0.702987596386268,0.885080915623571,0.654261614561853,0.269622175796292
94.61,0.85,10.8356569299582,0.703676899316511,0.885693976736429,0.655469888995676,0.270422911592944
94.62,0.85,10.760603902616,0.704024281683717,0.887054159319842,0.653954394682869,0.272727694294439
94.63,0.85,10.6861315429625,0.702910601503184,0.885281742563635,0.654951979022793,0.267613665898495
94.64,0.85,10.6123369522362,0.704284663810937,0.887120364332131,0.654733053878563,0.270419997279858
94.65,0.85,10.5392362906108,0.705785531019437,0.88459413399516,0.657264079627215,0.271949479139067
94.66,0.85,10.4668321830824,0.707008140452338,0.883647688055788,0.655287788885891,0.269811394581955
94.67,0.85,10.3951250687858,0.707564293835664,0.885268920262509,0.654195404551514,0.268558372232471
94.68,0.85,10.32411490692,0.710550581241796,0.88518260555518,0.653140794162646,0.270799789346408
94.69,0.85,10.2538014193809,0.711932193604134,0.883433525616028,0.653923995288475,0.269080896367163
94.7,0.85,10.1841841266718,0.714870692944798,0.883655978602098,0.655882849717926,0.26959487406129
94.71,0.85,10.1152623559861,0.71549695054942,0.884704417801456,0.655114525064027,0.267948195261095
94.72,0.85,10.0470352456823,0.713606495624069,0.88226436666385,0.655236455859574,0.26972309858353
94.73,0.85,9.97950174930818,0.718569086073182,0.879253710438235,0.656352537264504,0.267685258946986
94.74,0.85,9.91266063957074,0.717846729816847,0.882568978519642,0.656416960658847,0.268772592266777
94.75,0.85,9.84651051229775,0.717869209674072,0.878545003765647,0.654784066194997,0.271916101652101
94.76,0.85,9.78104979039351,0.719676859706683,0.881022139921198,0.654185720237861,0.270553588582605
94.77,0.85,9.71627672778612,0.723340715324905,0.877981932604729,0.657821864421728,0.269976559575109
94.78,0.85,9.65218941336317,0.721951108668492,0.881051232343222,0.657292772981517,0.274105786460107
94.79,0.85,9.58878577489303,0.722436030797802,0.881270362780007,0.658963171290465,0.272009140750145
94.8,0.85,9.5260635829284,0.725172068611525,0.88276168750036,0.657783325988569,0.270610520870809
94.81,0.85,9.46402045468968,0.728288669465455,0.880022538116389,0.655898066883965,0.27046551714566
94.82,0.85,9.40265385792538,0.727131642504604,0.880440288139801,0.6533427203658,0.271665949986966
94.83,0.85,9.3419611147469,0.728604518561729,0.880586121160353,0.658343617388317,0.269930188092684
94.84,0.85,9.28193940543545,0.730302126158776,0.879077719650256,0.655797952304948,0.269183150341463
94.85,0.85,9.22258577221864,0.731679083847241,0.87877779165633,0.656261636526578,0.267054032951929
94.86,0.85,9.16389712301457,0.732683544166904,0.877947581473229,0.656510305786897,0.269159851553466
94.87,0.85,9.10587023514164,0.730879218005832,0.876760254231352,0.657374327128391,0.26992939983662
94.88,0.85,9.04850175899158,0.733317477279248,0.878755909163261,0.656312571262194,0.269874045408942
94.89,0.85,8.99178822166453,0.733142830886578,0.877330237419433,0.658468521172733,0.26850330832538
94.9,0.85,8.93572603056408,0.736152405907338,0.875462353169711,0.658584756981866,0.271196257026507
94.91,0.85,8.88031147695067,0.736412912556475,0.87816469784586,0.657480364342922,0.27160519812251
94.92,0.85,8.82554073945205,0.736626320262588,0.876858232017939,0.655304447301111,0.271445803999141
94.93,0.85,8.77140988752952,0.738880891605818,0.878235814680523,0.656220159810482,0.270846141326048
94.94,0.85,8.71791488489832,0.742644374162433,0.87656721620347,0.656657521607636,0.269316420367708
94.95,0.85,8.66505159290156,0.741132233496401,0.87554750468741,0.656397725580439,0.272148736589893
94.96,0.85,8.61281577383625,0.744531392920609,0.877132469416521,0.658373163765606,0.271909945355557
94.97,0.85,8.56120309423067,0.743921575690535,0.874076622164181,0.657038059613574,0.269704105247957
94.98,0.85,8.5102091280724,0.744801437428889,0.875223885690057,0.659559920471537,0.268315430174144
94.99,0.85,8.45982935998605,0.745465596145206,0.876768533842644,0.656193062088732,0.270045898660946
95,0,8.41005918836015,0.747191738628378,0.875873702836855,0.658012839244304,0.270472100540568
95.01,0,8.36089392842294,0.746879967675392,0.874112889518214,0.656649686737409,0.268673385367581
95.02,0,8.31232881526627,0.750177006893699,0.876240424312726,0.658044781017694,0.268552187712779
95.03,0,8.26435900681739,0.750592633182135,0.876185690693066,0.656182233381022,0.270243469762742
95.04,0,8.21697958675866,0.748400741277911,0.874861695292005,0.656284048413992,0.269479413570524
95.05,0,8.17018556739459,0.751567321085675,0.872788542039185,0.657442963209886,0.270967193401931
95.06,0,8.12397189246645,0.752848578592263,0.875411282880776,0.660010407116509,0.271562967505964
95.07,0,8.07833343991439,0.752453794004696,0.873062187174524,0.659166004859335,0.271465832792816
95.08,0,8.03326502458712,0.754060313881917,0.871393614075805,0.656471387173475,0.270203695479202
95.09,0,7.98876140089926,0.756501919878756,0.873083309706348,0.6534127694926,0.271701870849652
95.1,0,7.94481726543685,0.755988158007602,0.872169536016743,0.658235225980213,0.269228451085993
95.11,0,7.90142725951093,0.757635360678207,0.872942019359787,0.654324968686378,0.268776543879272
95.12,0,7.85858597165995,0.758258712122032,0.871902498278126,0.657990320233357,0.268465246877714
95.13,0,7.81628794010121,0.759301359656143,0.871178067807915,0.657117410916644,0.268496941518872
95.14,0,7.7745276551319,0.762104099554247,0.871347995955268,0.656265530817892,0.270991192665191
95.15,0,7.7332995614804,0.760159568639047,0.872209293013011,0.657582583406187,0.266491980962932
95.16,0,7.69259806060824,0.765792818887201,0.870215315266974,0.657681366280622,0.271872933091431
95.17,0,7.65314144617522,0.764695248314673,0.868959644739161,0.657651813233642,0.269974989587693
95.18,0,7.62005920702506,0.764156808371128,0.872083334415531,0.65548821860143,0.267995257498329
95.19,0,7.59020076091526,0.763802863517451,0.870635805757406,0.657431687424085,0.271259508012199
95.2,0,7.56129573228407,0.765329480287116,0.870335196644986,0.65709740729147,0.270144662502549
95.21,0,7.53776678170696,0.767247260977062,0.86901236366214,0.657350427183823,0.270928765157251
95.22,0,7.52196291504229,0.769279431819848,0.869378806792383,0.656563386218891,0.267337385762014
95.23,0,7.50834096822508,0.76637782797374,0.870297925970795,0.656142290718787,0.27025135012992
95.24,0,7.4953471081618,0.765960937340744,0.870661783347275,0.657072299884653,0.270527795423963
95.25,0,7.48270994653441,0.766884256608458,0.868591088327814,0.656471594235432,0.268764980089825
95.26,0,7.47038834590819,0.766461827459589,0.868138002994054,0.658272521707885,0.269423041960321
95.27,0,7.4583749880146,0.766029240176276,0.865308470282133,0.65893707281571,0.27212285259246
95.28,0,7.44666692217831,0.767421484754883,0.867812251937085,0.658206294769042,0.269289825284317
95.29,0,7.43526165776641,0.76931766316495,0.863916919450923,0.65491985949787,0.270948909939666
95.3,0,7.42415669073354,0.767025856521331,0.864275714025322,0.655752120802196,0.269418870248459
95.31,0,7.41334945136605,0.768800766411911,0.866583225757653,0.65487625516667,0.271708226619164
95.32,0,7.40283729975658,0.769701107120623,0.865607928232722,0.654870311004033,0.270407036903004
95.33,0,7.39261752626556,0.770296765990261,0.863682004550303,0.656136997472126,0.268720153609682
95.34,0,7.38268735245177,0.768511186440047,0.866051512796943,0.655279340570512,0.269281840719827
95.35,0,7.37304393203731,0.768424267740682,0.863354410628867,0.655915056409573,0.271047918157316
95.36,0,7.36368435187152,0.770155356779423,0.864199311164903,0.653980472843946,0.270656803954335
95.37,0,7.35460563289205,0.770028189107218,0.865905383610748,0.654363331958291,0.271072918392551
95.38,0,7.34580473108404,0.768772136822062,0.867023303650748,0.653217758049386,0.268320542332649
95.39,0,7.33727853843826,0.767811265646169,0.863545213658229,0.655458503231983,0.270357490900654
95.4,0,7.32902388390918,0.769610825858778,0.86319327410356,0.656682932748262,0.271160961400027
95.41,0,7.32103753437381,0.772226675658843,0.865432201658916,0.655693828626187,0.269106366078106
95.42,0,7.31331619559231,0.768466990647991,0.864380714356549,0.655988375432118,0.270804616055792
95.43,0,7.30585651317139,0.77019979011975,0.861421870361506,0.655024002014376,0.269760894555868
95.44,0,7.29865507353134,0.773958247115146,0.860698034103722,0.656073495402148,0.268121741220553
95.45,0,7.29170840487778,0.769665367233224,0.863210415758401,0.65487419577382,0.269262465529615
95.46,0,7.28501297817911,0.770655183425462,0.86279251496248,0.655679130446804,0.269987702349758
95.47,0,7.27856520815058,0.773570127916895,0.86264369169488,0.655265923795416,0.268075899684109
95.48,0,7.27236145424611,0.770223508527659,0.862354165670804,0.655760211448452,0.273126474611961
95.49,0,7.2663980216588,0.771895867720642,0.862317135205792,0.65310732942651,0.272081606663443
95.5,0,7.26067116233114,0.77009126819277,0.86326878332812,0.656536880992724,0.270078681213196
95.51,0,7.25517707597594,0.768197704173905,0.863140938963262,0.652198113564222,0.269623494469378
95.52,0,7.24991191110899,0.771288994551465,0.861716690903478,0.655568736401133,0.269715315653192
95.53,0,7.24487176609444,0.772223070732658,0.859502511949077,0.653089028265412,0.267181885391821
95.54,0,7.24005269020392,0.772857419514536,0.861172490777446,0.651863076907234,0.268346088877801
95.55,0,7.2354506846903,0.773391442476007,0.860003172409902,0.65368525607034,0.270864586071803
95.56,0,7.23106170387718,0.771629398787836,0.859803986933237,0.654772063393911,0.269397864369346
95.57,0,7.22688165626492,0.774269966684237,0.859312017452244,0.652767993294867,0.269989318653657
95.58,0,7.22290640565427,0.772233842653173,0.859233244905954,0.654426129093768,0.268539599765073
95.59,0,7.21913177228847,0.771682417793913,0.860221205277033,0.655335650171071,0.266882929970279
95.6,0,7.21555353401466,0.77132072012344,0.858554385182135,0.653724806482492,0.270587565470306
95.61,0,7.21216742746553,0.773118509992319,0.856998682409281,0.652847196075892,0.270417308588653
95.62,0,7.20896914926208,0.770313552222888,0.858304027028766,0.653845943432904,0.268749701212036
95.63,0,7.20595435723822,0.770585056501878,0.856218601306559,0.653062484173938,0.266305705026805
95.64,0,7.20311867168801,0.773500163260676,0.85702718115766,0.652359911125396,0.268887154584002
95.65,0,7.20045767663647,0.770728442054828,0.857637502971544,0.651247044859026,0.270786786710217
95.66,0,7.19796692113431,0.771309700307573,0.855484085765052,0.651649237010606,0.269108488172008
95.67,0,7.19564192057764,0.775328035499722,0.856762694304167,0.654398411380962,0.267907516723514
95.68,0,7.19347815805311,0.772874816257853,0.858176754175856,0.652898898561158,0.270617402181069
95.69,0,7.19145027929571,0.773221642151938,0.857833802032592,0.653418358626341,0.271422455078291
95.7,0,7.1894586146758,0.772238811088365,0.857086033349435,0.65250026818166,0.270626445705018
95.71,0,7.18749087418667,0.768744358536814,0.856515956065193,0.65077414522246,0.269082433805066
95.72,0,7.18554629126249,0.771805269777415,0.854123370195058,0.650575638545916,0.26937586566368
95.73,0,7.18362409352266,0.772293006693327,0.853645301538149,0.651954131257029,0.269756472619112
95.74,0,7.18172350316693,0.774387525831428,0.854683116646155,0.652105809956862,0.268490518028599
95.75,0,7.17984373737213,0.772819371772575,0.856705914047052,0.652339774001412,0.271372645304197
95.76,0,7.17798400869036,0.771996255859947,0.854486806833784,0.652791162742161,0.270250080841876
95.77,0,7.17614352544831,0.77069217235373,0.856209366291719,0.651983306562607,0.268197691047635
95.78,0,7.17432149214774,0.770187578620108,0.855278243624787,0.651080862928454,0.270435063666235
95.79,0,7.17251710986669,0.773727060678943,0.853573349088458,0.65160582987188,0.268426693003407
95.8,0,7.17072957666139,0.770170482407662,0.852349622703025,0.650117380660392,0.270366563678717
95.81,0,7.16895808796861,0.772236097778658,0.853184324331858,0.650673156200745,0.270494234102267
95.82,0,7.16720183700828,0.77465589813194,0.854738983312855,0.651026462543307,0.268959315876725
95.83,0,7.16546001518621,0.768543486563315,0.852831038463617,0.649150456297895,0.270234983545762
95.84,0,7.16373181249669,0.7723108177905,0.855445598021053,0.650160055300144,0.272438419923055
95.85,0,7.16201641792478,0.770973211919476,0.851227765414164,0.650973334427388,0.270882977194299
95.86,0,7.16031301984826,0.772638252403544,0.853546432201338,0.649739412171325,0.271393872822956
95.87,0,7.15862080643875,0.771190251189823,0.851388768119163,0.652010827242691,0.268822248389961
95.88,0,7.1569389660622,0.771261140839594,0.851098738217083,0.650689867316247,0.269474939425177
95.89,0,7.15526668767828,0.770093721839753,0.852962475309479,0.649096883482515,0.268262792057497
95.9,0,7.15360316123865,0.77059028272649,0.851393818076225,0.648793894750892,0.269787008702053
95.91,0,7.15194757808391,0.774155836239414,0.850255116089791,0.647798759028613,0.269548623374432
95.92,0,7.15029913133907,0.770106380637552,0.851419470951762,0.647173019609388,0.268871170204094
95.93,0,7.14865701630733,0.772848163007229,0.85302838449483,0.650499053955588,0.270329551582848
95.94,0,7.14702043086212,0.772867963428195,0.848693275341357,0.648416488390581,0.270480982522506
95.95,0,7.1453885758371,0.771083701232502,0.851295783171587,0.646433115614395,0.271618503818937
95.96,0,7.14376065541409,0.770867375155696,0.850461167935534,0.647351278817031,0.267913129005683
95.97,0,7.14213587750874,0.772475087397604,0.849533760457618,0.649951921555241,0.272116192200772
95.98,0,7.14051345415371,0.772731009866744,0.850581660247993,0.645774376295074,0.269362823443403
95.99,0,7.13889260187939,0.774228319981408,0.850098181101089,0.64865147624148,0.269164971322785
96,0,7.13727254209184,0.772048247334709,0.849324230867068,0.646103154464457,0.268854627305064
96.01,0,7.13565250144788,0.773050444192006,0.848918621480539,0.647138511442435,0.272432524066649
96.02,0,7.1340317122273,0.772138613810319,0.847638902330971,0.646958293808362,0.27130925753062
96.03,0,7.13240941270185,0.770623458739019,0.848335597254306,0.645696751451863,0.272030508780797
96.04,0,7.13078484750101,0.77237336111002,0.848197967510001,0.645631158025602,0.270129348436686
96.05,0,7.12915726797445,0.774906541569663,0.849216531116044,0.647962964575183,0.270877199390282
96.06,0,7.13611697590305,0.771346497243704,0.848839388214735,0.646174037505192,0.268824938883847
96.07,0,7.1435466813849,0.772828353515635,0.846285922978861,0.647905930768455,0.271671661051037
96.08,0,7.14547206340988,0.771806538212918,0.847702581260788,0.647372033921289,0.264850963592414
96.09,0,7.14610863149018,0.771732275688561,0.846409469454931,0.64514083386815,0.269874449897338
96.1,0,7.14649015323351,0.77012947860433,0.847806994839425,0.647251461119459,0.269642197220158
96.11,0,7.14679766599574,0.77160972900092,0.847942680688191,0.646945499649297,0.273739812715917
96.12,0,7.14705623777328,0.773159775183117,0.846211397279313,0.645652399804723,0.269489547800107
96.13,0,7.14726608070868,0.770883164529009,0.848426719324195,0.647235523980246,0.268880603314934
96.14,0,7.14742375157677,0.770680518655071,0.846410761801752,0.646865068637194,0.270532486158923
96.15,0,7.14752533482151,0.770393036613874,0.846582278774091,0.645715991966023,0.267634493660056
96.16,0,7.14756690185901,0.770994245114281,0.846882484633154,0.642272668792177,0.270569407388696
96.17,0,7.14754457721232,0.772041274482446,0.845988448597904,0.645822188622357,0.272067602566221
96.18,0,7.1474545494945,0.770537378888235,0.842450182450558,0.646697784922543,0.269640668415205
96.19,0,7.14729307478694,0.773234043549303,0.845995670735553,0.644502195476984,0.271732925345703
96.2,0,7.14705647896779,0.768829985132062,0.846031845588668,0.645659036192278,0.270988037777854
96.21,0,7.1467411598809,0.770083265398382,0.843573508868501,0.643741570608289,0.270774577474085
96.22,0,7.14634358946369,0.770630140224631,0.844820482435124,0.646220957591515,0.273163959654074
96.23,0,7.14586031584768,0.770119578627488,0.845858636675425,0.645865313194434,0.272997270923198
96.24,0,7.14528796543222,0.770234448390479,0.843446218391262,0.646616769401938,0.27186743277146
96.25,0,7.14462324492905,0.77080223717132,0.84702022816905,0.644671541749478,0.270044105544988
96.26,0,7.14386294337612,0.773071023680737,0.843353446712738,0.644437240916909,0.270335908008957
96.27,0,7.14300393411819,0.772868370156424,0.845359029280127,0.644472082147071,0.272157584547531
96.28,0,7.14204317675241,0.767683063421985,0.842345205389285,0.646189446869663,0.269428097457473
96.29,0,7.1409777190366,0.772092786205188,0.844426798379946,0.645855509114686,0.270424494762923
96.3,0,7.13980469875827,0.773310297213217,0.841458158968888,0.645935825583982,0.269098196311884
96.31,0,7.13852134556236,0.774045656715964,0.842086317832265,0.645607528213098,0.269537026410639
96.32,0,7.13712498273573,0.768992511316601,0.841743506208176,0.642555202742421,0.271181384136369
96.33,0,7.13561302894616,0.771687717166311,0.842199059236179,0.643438739799414,0.268584916035833
96.34,0,7.13398299993438,0.771543158128582,0.843265138445247,0.642428822021372,0.270771173800222
96.35,0,7.1322325101568,0.769864795262954,0.843553973341669,0.643305264795379,0.269301512594855
96.36,0,7.13035927437729,0.770298484091757,0.839470154622577,0.644136921407414,0.270574607309413
96.37,0,7.12836110920613,0.768913069864322,0.84068636215054,0.641263508280336,0.26826340527454
96.38,0,7.1262645395604,0.771020406088548,0.838438991712501,0.645126792059502,0.268139432006486
96.39,0,7.12414195380013,0.770797174497587,0.841845430731017,0.644524670106382,0.269019185580341
96.4,0,7.12199670886479,0.772410483863409,0.841786190816821,0.643862305036639,0.268686300892815
96.41,0,7.1198284999419,0.772189969276832,0.842217158036166,0.639810213997266,0.270036991695953
96.42,0,7.11763703920668,0.770727322209873,0.840506272745523,0.644573623053271,0.267648376820417
96.43,0,7.11542205599017,0.767912069316099,0.840539216473545,0.640736437401157,0.270638764220493
96.44,0,7.11318329694087,0.770778687761464,0.842749380994143,0.643376800023289,0.270399863899658
96.45,0,7.11092052617999,0.771342884187056,0.84147998900277,0.64137267358099,0.268331193840643
96.46,0,7.1086335254502,0.769312523506857,0.837504948763519,0.645474288705959,0.272278469963526
96.47,0,7.10632209425788,0.770012752092382,0.83801031666905,0.640477440157459,0.267977888385603
96.48,0,7.1039860500088,0.771886099402909,0.837944177811266,0.642687195595608,0.269318286210493
96.49,0,7.10162522813723,0.770346901580337,0.840235790504251,0.641701868742067,0.270654100086553
96.5,0,7.09923948222845,0.77130903101903,0.838721756623496,0.643846725768744,0.269429328687137
96.51,0,7.0968286841346,0.769267625165277,0.839682430403149,0.642260652219468,0.266342843015301
96.52,0,7.09439272408381,0.770114505069944,0.838805334793535,0.642411672467764,0.269626439940174
96.53,0,7.09193151078265,0.771254993171435,0.841046684428673,0.643554713721884,0.267879421033922
96.54,0,7.08944497151189,0.770103328124307,0.839517911663931,0.642608040700563,0.269485609508173
96.55,0,7.08693305221537,0.768665735315174,0.838052432707065,0.641432756477295,0.269732123559806
96.56,0,7.08439571758215,0.771580201766007,0.839250842920357,0.642648648379328,0.268594702060582
96.57,0,7.08183295112185,0.771514907099969,0.837072382564796,0.644898284054589,0.270978173845836
96.58,0,7.07924475523305,0.770265577140139,0.839331911031831,0.643155286244709,0.269807083727999
96.59,0,7.07663115126492,0.770664379226185,0.840003764072019,0.643263257683567,0.267933732336781
96.6,0,7.0739921795718,0.771164467728464,0.839074394270378,0.640774515387564,0.269756476388663
96.61,0,7.07132789956101,0.769314006853872,0.836973471463478,0.644168893229622,0.266734074732854
96.62,0,7.06863838973359,0.771874162970984,0.841674909507238,0.645266587218748,0.272932355532739
96.63,0,7.06592374771809,0.771746944573558,0.837578995184058,0.64292875631838,0.273300036121119
96.64,0,7.06318409029737,0.767646037284381,0.8350676875941,0.64186183602482,0.268294003440482
96.65,0,7.06041955342841,0.774746230949096,0.837322406275079,0.641945914588369,0.268897766217536
96.66,0,7.05763029225496,0.77244608052973,0.837407784624548,0.642681038879787,0.271076371991639
96.67,0,7.05481648111325,0.771779674291637,0.837033301724934,0.641711048145915,0.26922931245033
96.68,0,7.05197831353056,0.772050293320488,0.837046402502669,0.64422783556429,0.272483573683311
96.69,0,7.04911600221669,0.769949763893424,0.833226572908942,0.644506530740404,0.269756918974667
96.7,0,7.04622977904826,0.770030224524762,0.836121699669428,0.644127189388516,0.268780716521779
96.71,0,7.02485149434656,0.770337186487701,0.834068542090299,0.6445960801493,0.270249731053268
96.72,0,7.01107876375037,0.772958220165262,0.83865289787488,0.642983720256179,0.269177181541462
96.73,0,7.00260493792194,0.771056923850165,0.835286209912422,0.643793549232665,0.270642109001796
96.74,0,6.9951773636418,0.772188345614595,0.836855721231302,0.642514519201298,0.271662405461856
96.75,0,6.98783698944258,0.772185556568066,0.833021413584949,0.645318461010625,0.269376618780279
96.76,0,6.98041004835063,0.772657389199318,0.836428832713736,0.642734876618546,0.271609110101999
96.77,0,6.97286917339136,0.773155566341525,0.834920903184077,0.642744001548505,0.269316308601649
96.78,0,6.9652120246209,0.771159505236736,0.837600020819537,0.641068696651665,0.273050143673127
96.79,0,6.9574404439007,0.773378715217983,0.835639925331498,0.644374365943357,0.269650487046205
96.8,0,6.94955703097994,0.775037435050039,0.836730722223597,0.643319544567899,0.269525920596007
96.81,0,6.94156459214127,0.771588825903413,0.83368489732499,0.64557140594201,0.269179317815953
96.82,0,6.9334660512575,0.771808854206024,0.83275842904286,0.644004516156564,0.267916911452573
96.83,0,6.92526443438059,0.774052215134448,0.835805621654057,0.64392278456893,0.268961119643122
96.84,0,6.91696286592475,0.771232021054474,0.837299656304197,0.644521309523461,0.269208335060705
96.85,0,6.90856456664,0.77357272278337,0.835510734875098,0.642170943438384,0.273189142717466
96.86,0,6.90007285183001,0.771442455625289,0.835754596540973,0.641437337624869,0.272088680774152
96.87,0,6.89149112957167,0.772327583354727,0.83485582217143,0.644152869865997,0.269664575706962
96.88,0,6.88282289890012,0.773716768388548,0.83593421242054,0.645112479257971,0.270278859625676
96.89,0,6.87407174795519,0.773248239358991,0.833964944180888,0.644541294825497,0.271327347704075
96.9,0,6.86524135209073,0.774596055681765,0.834724623536711,0.643660324246688,0.269651149437369
96.91,0,6.8563354719488,0.773901762849198,0.837245971698041,0.643363187066408,0.27152642586344
96.92,0,6.84735795150086,0.774348093530429,0.833061211469734,0.646076579358335,0.270909397741026
96.93,0,6.83831271605876,0.775272307498448,0.834799870825655,0.644401293296473,0.270591823526382
96.94,0,6.82920377025733,0.773398420369044,0.832487570746043,0.645645487383846,0.269178631616334
96.95,0,6.82003519601119,0.775829969353939,0.832795854399768,0.647218084635283,0.269476066032619
96.96,0,6.81081115044837,0.775371015711187,0.832729738603753,0.644737486420925,0.269826838211463
96.97,0,6.80153586382258,0.776904800081669,0.83393796442171,0.643744902961879,0.272288862003092
96.98,0,6.7922136374072,0.776700641611783,0.832763230139223,0.644740585357116,0.271863527747358
96.99,0,6.7828488413727,0.775546470106357,0.833843731601998,0.644656023910903,0.269396126553277
97,0,6.7734459126505,0.775688184913817,0.834839960517613,0.643879920311423,0.26938965739335
97.01,0,6.76400935278523,0.776960526942168,0.832722218501164,0.645738539125657,0.269449885158809
97.02,0,6.75454372577798,0.7773925148028,0.832858658814438,0.646641341335279,0.270976866756099
97.03,0,6.74505365592282,0.774805571693402,0.833954526076556,0.645542208837221,0.269751502423754
97.04,0,6.73554382563898,0.77723029737399,0.831606195066339,0.644165318365984,0.270684631872083
97.05,0,6.72601897330103,0.774886497629182,0.834014909331454,0.643447003142778,0.270562785481362
97.06,0,6.71648389106925,0.777463740634541,0.834625561588569,0.645371599785468,0.270530985298777
97.07,0,6.70694342272264,0.777940147101421,0.836472990920911,0.646970984837315,0.269354478136771
97.08,0,6.69740246149673,0.776935494676332,0.83186028102216,0.644741916570632,0.269102170933356
97.09,0,6.68786594792825,0.776410977984183,0.832334675716885,0.6467101080156,0.272124157770877
97.1,0,6.67833886770923,0.776888475902111,0.832458341998567,0.647428013437599,0.268680758020746
97.11,0,6.66882624955215,0.779938348773233,0.830232268548872,0.64737803487279,0.268443945842587
97.12,0,6.65933316306867,0.780325713601474,0.832170874747261,0.645259035916843,0.271662244526243
97.13,0,6.64986471666367,0.779363308840023,0.833158467671499,0.646132316368553,0.269590133144475
97.14,0,6.64042605544681,0.776674025706239,0.832404760273481,0.646458242839016,0.270122401018727
97.15,0,6.63102235916344,0.777834158833796,0.833916300706396,0.648064422846689,0.269207125118342
97.16,0,6.62165884014672,0.779962101773508,0.827981935037215,0.64614072256283,0.269653598273121
97.17,0,6.61234074129283,0.778271035338998,0.831490199319621,0.648108039367971,0.269923293835051
97.18,0,6.60307333406108,0.779568817372514,0.830487293025072,0.644485422026609,0.268689556721683
97.19,0,6.59386191650051,0.779745336596654,0.830907200760034,0.64598453192932,0.27035953555839
97.2,0,6.58471181130474,0.778592278870874,0.836371411832973,0.645729202332879,0.270897231533772
97.21,0,6.57562836389657,0.780504845376993,0.833425820816619,0.648550698758533,0.270027874386586
97.22,0,6.56661694054382,0.780886373560251,0.832380115663407,0.649137478042863,0.270282860961531
97.23,0,6.55768292650801,0.777298911502893,0.832789008037679,0.646839450689293,0.269173884088673
97.24,0,6.54883172422705,0.778378995858914,0.831267666493124,0.648243947069023,0.271108217424394
97.25,0,6.54006875153336,0.781158970815459,0.831068024071927,0.647562527559151,0.272811234589467
97.26,0,6.53139943990859,0.781552917229917,0.832086743197749,0.650052092377246,0.26978005985892
97.27,0,6.52282923277617,0.779163602106936,0.831913516603703,0.649988275702666,0.272325887420049
97.28,0,6.51436358383265,0.780996989640351,0.82957408401217,0.644600879684428,0.270022180647745
97.29,0,6.506007955419,0.779075484333332,0.833031895345296,0.64987499669632,0.269518305936114
97.3,0,6.49776781693258,0.778493594607359,0.829872381423149,0.650740088418353,0.267125819518877
97.31,0,6.48964864328077,0.782261427547567,0.830730000297732,0.651893556577574,0.269223835654384
97.32,0,6.48165591337712,0.781996581548481,0.83332642711975,0.648495216711266,0.268907352847524
97.33,0,6.47379510868045,0.780782539567104,0.832732922030339,0.649024792771773,0.273127994617423
97.34,0,6.46607171177773,0.783289170353039,0.831897429639378,0.64725054809857,0.26788754431003
97.35,0,6.45849120501125,0.780652601671103,0.833115725260375,0.64762298540123,0.269166408236527
97.36,0,6.45105906915043,0.784074727929936,0.831523447659017,0.649866255675456,0.269879543392711
97.37,0,6.44378078210882,0.782082831835329,0.831812281618742,0.650121557160408,0.269133000144725
97.38,0,6.43666181770641,0.782128476894601,0.831950511907191,0.651358355002922,0.270091082191344
97.39,0,6.42970764447763,0.783732113425485,0.833274657964528,0.651001194350312,0.27226459881741
97.4,0,6.42292372452519,0.783977817154731,0.831174701120842,0.646790641483612,0.269857874339296
97.41,0,6.41631551241966,0.783123157165858,0.834651153833376,0.650351869384741,0.271614449928304
97.42,0,6.40988845414502,0.78366816707036,0.82980271089301,0.651960632339455,0.270403202425902
97.43,0,6.40364798608998,0.782441497350906,0.828103008374035,0.64909572926312,0.271417099594069
97.44,0,6.39759953408498,0.782266875885328,0.830167680714385,0.652340098742339,0.267135954503126
97.45,0,6.39174851248459,0.784190684856319,0.831112549814934,0.651368461089136,0.269439233398962
97.46,0,6.38610032329507,0.782304812474517,0.828730480830628,0.651144416171349,0.271809132610945
97.47,0,6.38066035534681,0.783002980579229,0.832278132348504,0.651826798303652,0.271694541948965
97.48,0,6.37543398351102,0.783254696171546,0.832905342625972,0.652948281859179,0.270383773133975
97.49,0,6.37042656796042,0.785540963269035,0.831908687824871,0.651413100193852,0.270057180225243
97.5,0,6.3656434534732,0.781200153157253,0.832133691985719,0.652765719965044,0.272381514980923
97.51,0,6.36108996877968,0.782889606809565,0.831135191104641,0.651879070038199,0.27030704099967
97.52,0,6.35677142595106,0.784533480836982,0.834312527785283,0.651715370644036,0.267603448084489
97.53,0,6.3526931198294,0.786423202416717,0.828891561692678,0.652961281734442,0.271953780244399
97.54,0,6.34886032749809,0.784462668925419,0.83243841107503,0.651368269127596,0.272454902153792
97.55,0,6.34527830779201,0.783349623715969,0.829154799941565,0.654031126148665,0.269842223626854
97.56,0,6.34195230084625,0.783808705165992,0.829185722577174,0.65377204983842,0.269997861901235
97.57,0,6.33888752768276,0.784318353259976,0.831711972106416,0.652255967318412,0.2702874588195
97.58,0,6.33608918983355,0.785179172601716,0.831021210890936,0.654107092102577,0.270957752186649
97.59,0,6.33356246899964,0.78015987226622,0.82892880397834,0.653372058869406,0.271229731566716
97.6,0,6.3313125267445,0.785206196218584,0.828886857143526,0.652608492705819,0.269293719447917
97.61,0,6.32933092380266,0.784357191577625,0.829797486148877,0.654276811658261,0.271722853698121
97.62,0,6.32744758031241,0.782016315527426,0.829912018044546,0.650760215343013,0.272448318901012
97.63,0,6.32561638509078,0.782439817430402,0.833269023771168,0.652926312914798,0.269830748810674
97.64,0,6.32383825431383,0.785973272490953,0.831427199654876,0.653438928560041,0.269900504844024
97.65,0,6.32211409345272,0.782666639979157,0.8306339289568,0.653964180769983,0.268208913515922
97.66,0,6.32044479683171,0.784795102914412,0.832600189372893,0.653172317028726,0.268291896170123
97.67,0,6.31883124718948,0.779429267290754,0.833312047916445,0.654105339026927,0.272283079562674
97.68,0,6.31727431524407,0.784351231802431,0.832717149465477,0.65469702869951,0.269644892683154
97.69,0,6.31577485926165,0.784309223932408,0.831431769397755,0.655477065334838,0.269617068871332
97.7,0,6.31433372462932,0.782289163102659,0.831536188918985,0.65437627632875,0.27185771357224
97.71,0,6.31295174343249,0.783451152995567,0.830085764714722,0.656166691111606,0.271638826711823
97.72,0,6.31162973403679,0.783878263617159,0.830541433863247,0.653514581325419,0.268593234058821
97.73,0,6.31036850067506,0.781030124862056,0.830064981302668,0.657862267396386,0.272151431620354
97.74,0,6.30916883303958,0.78393085025465,0.830493382132206,0.655111123095256,0.267043458659976
97.75,0,6.30803150587981,0.783212681989955,0.829258913957427,0.655717999424287,0.269382157208127
97.76,0,6.30695727860594,0.783888484781643,0.831923779729239,0.652131773791956,0.270791776973846
97.77,0,6.3059468948986,0.783370031196909,0.833713663939537,0.656698591410425,0.273189536906292
97.78,0,6.30500108232485,0.782818214474162,0.8307222515316,0.656226404620917,0.270097590995949
97.79,0,6.30412055196089,0.786322102101631,0.833103975057592,0.654743183306205,0.267859280815739
97.8,0,6.30330599802162,0.782935011895217,0.831490841210225,0.655073493120708,0.269754277019283
97.81,0,6.30255809749746,0.781472086287483,0.832972801646591,0.655349681692204,0.271530976791617
97.82,0,6.3018775097985,0.782619033747729,0.832895984301521,0.656891101871026,0.267522080934212
97.83,0,6.3012648764065,0.781583549654808,0.832740259671002,0.651866023449747,0.268334544165431
97.84,0,6.32252095070134,0.782794756208055,0.832068371236599,0.655904091209643,0.271835200997745
97.85,0,6.34090242444314,0.781945558174176,0.831007483823455,0.656003364003841,0.271413431548452
97.86,0,6.35043237987019,0.7839097575897,0.832423145465416,0.656041686101009,0.270406441572321
97.87,0,6.35807440641375,0.78237535946159,0.831852404687094,0.652882358921171,0.266026281679775
97.88,0,6.36565732170367,0.782481170621614,0.835268136384684,0.654393081890881,0.270699598732002
97.89,0,6.37356466678178,0.782257447001965,0.832973396905261,0.656869651729969,0.268616714817678
97.9,0,6.3818744043313,0.780972102256349,0.832681795967775,0.658598426372198,0.27165712369943
97.91,0,6.39060490749088,0.779581291988402,0.83358187482102,0.656305592593356,0.269768165992282
97.92,0,6.39976324384032,0.780666643604437,0.83208982038413,0.656838728493309,0.27140226452843
97.93,0,6.40935434510278,0.780466000478926,0.831349089921105,0.65711278577948,0.270230769465833
97.94,0,6.41938272763014,0.781414698188056,0.83154270479646,0.655199322875942,0.267314104092911
97.95,0,6.42985281384912,0.779376773872297,0.832901130817573,0.656694563498619,0.271506473462341
97.96,0,6.44076899221548,0.779651818149148,0.833278451199473,0.657000689879361,0.268984374958
97.97,0,6.45213562833998,0.780145425082949,0.833115297994417,0.655821101704018,0.271354630741392
97.98,0,6.46395706697841,0.778210881549156,0.833474883678604,0.656495049133041,0.265412543761183
97.99,0,6.47623763229311,0.778230810857821,0.833530542199732,0.657179178193601,0.27077424764848
98,0,6.48898162776872,0.780977636180084,0.832188383890838,0.657498642615323,0.269740888579164
98.01,0,6.50219333603906,0.777504207531054,0.831347074255785,0.658242583311774,0.27054826596458
98.02,0,6.51587701867255,0.772467019506192,0.833712210384225,0.657046856871429,0.272053905770594
98.03,0,6.53003691592356,0.776262514655962,0.833377634367685,0.654959317267149,0.269819104535259
98.04,0,6.5446772464501,0.775904966546218,0.83469535324857,0.655426998469627,0.271687201757632
98.05,0,6.55980220699686,0.775319293895869,0.833249124870483,0.655543842588718,0.271281367278015
98.06,0,6.57541597204228,0.775841851634383,0.834906354882496,0.656307294141676,0.270330104331673
98.07,0,6.59152269340847,0.775404424602542,0.834211362076584,0.657974980237892,0.269664080467868
98.08,0,6.60812649983268,0.773888863504026,0.833559591161843,0.657158438782827,0.26995799508144
98.09,0,6.62523149649914,0.773215923843518,0.835577644105629,0.656394847618826,0.269878341663836
98.1,0,6.64284176453016,0.773913287365014,0.833674510936605,0.656267160971578,0.268191365021245
98.11,0,6.66096136043526,0.769954026597419,0.834254291475082,0.658070568793763,0.269328655512049
98.12,0,6.67959431551741,0.77616834147031,0.832347005237541,0.657565736701323,0.269983719210182
98.13,0,6.69874463523515,0.772363615506009,0.83780550125928,0.656371335054621,0.270127027653663
98.14,0,6.71841629851989,0.771212013700541,0.833526384274086,0.655728645027032,0.269970110851972
98.15,0,6.73861325704709,0.771547232311814,0.834559993002511,0.656122270535376,0.269857747915661
98.16,0,6.75933943446083,0.770110335273713,0.837034737570172,0.659681704004895,0.272895318169643
98.17,0,6.78059872555058,0.769313381235836,0.835367825233868,0.658046756124137,0.270674618947765
98.18,0,6.8023949953796,0.767353984604765,0.834616659104543,0.6554801344977,0.270327461021036
98.19,0,6.82473207836423,0.768227184502931,0.836336493246903,0.659398479237549,0.270946472832262
98.2,0,6.84761377730328,0.767146869094888,0.835582239729733,0.656149478086696,0.268643999178223
98.21,0,6.87104386235706,0.767260869756433,0.835770022028068,0.657686583930027,0.269825244288761
98.22,0,6.89502606997525,0.770420665057597,0.834727493204355,0.655498300741017,0.267495987177698
98.23,0,6.91956410177349,0.765193667013254,0.836176043588147,0.656551566864046,0.270741385032813
98.24,0,6.94466162335786,0.766228063945111,0.837278289999919,0.657127350466485,0.27222695840309
98.25,0,6.97032226309718,0.764090139009532,0.838701963807489,0.655547699552192,0.26999662508184
98.26,0,6.99654961084259,0.765680141274804,0.834476575747706,0.65810297125447,0.269063538646372
98.27,0,7.02334721659432,0.763733254964394,0.834604607506417,0.655564217686273,0.26686661130755
98.28,0,7.05071858911561,0.763171442227881,0.836527047328408,0.655917182545802,0.268538429493296
98.29,0,7.07866719449317,0.76197743503962,0.834565863962402,0.657156835212704,0.271562984299425
98.3,0,7.10719645464478,0.761062563065755,0.836917830091635,0.653755580059592,0.270240906336412
98.31,0,7.13630974577371,0.760545212195899,0.833997415311411,0.655520540387053,0.268669840591334
98.32,0,7.16601039677009,0.757679031379823,0.837510460428548,0.657333946619124,0.269396092745943
98.33,0,7.19630168755952,0.76133416420867,0.836533065783367,0.657473998577869,0.271105324631923
98.34,0,7.22718684739923,0.75945525924018,0.834363194577205,0.657900353866374,0.269744923785411
98.35,0,7.25866905312193,0.752761543336137,0.837553266133227,0.657638355039192,0.268115305112328
98.36,0,7.29075142732808,0.757297607809604,0.834905445510387,0.656085842552883,0.269792709349054
98.37,0,7.32343703652675,0.754811873132584,0.837492412439105,0.656440227450187,0.270031701893624
98.38,0,7.35672888922605,0.754605578013973,0.839418151632191,0.657816140132773,0.269701750719949
98.39,0,7.39062993397344,0.753933660216001,0.838021899164707,0.656284822254865,0.267020005068559
98.4,0,7.4251430573469,0.752911727777222,0.840113494898137,0.658031734552455,0.27015447140127
98.41,0,7.46027108189779,0.753143757949605,0.839369951472274,0.654104632074394,0.271527521858884
98.42,0,7.49601676404634,0.753261338007077,0.839888848857558,0.657440128640536,0.268015302536303
98.43,0,7.53238279193064,0.749856463837065,0.836579455816502,0.656419924006592,0.271754200285034
98.44,0,7.56937178321046,0.75189429980069,0.840789614715312,0.657527097130671,0.26950115482453
98.45,0,7.60698628282712,0.748353369902582,0.838434355418657,0.657460430445685,0.269862158961541
98.46,0,7.64522876072036,0.749336768766073,0.839008045755615,0.655281693011001,0.270840642984439
98.47,0,7.68410160950413,0.746533220248878,0.841241397685787,0.655386835750081,0.27167260664023
98.48,0,7.72360714210229,0.748247006423317,0.838889490748777,0.654941895151777,0.269078808121097
98.49,0,7.76374758934619,0.745282478655852,0.839833905643187,0.654544891281178,0.270372462928063
98.5,0,7.80452509753551,0.74574298443815,0.839689909796383,0.659762488406139,0.269839967285841
98.51,0,7.84594172596432,0.743228297137031,0.838908084667706,0.652980400716736,0.267083356045862
98.52,0,7.88799944441407,0.744493794665278,0.840879743095288,0.654992909190182,0.269297849804711
98.53,0,7.93070013061568,0.741609588983765,0.838602197404862,0.655939594847428,0.270858766651022
98.54,0,7.9740455676825,0.741755387368849,0.841322957037461,0.657469147715006,0.268946971008076
98.55,0,8.01803744151654,0.742197625548065,0.842039661113396,0.656025397203776,0.271810979810861
98.56,0,8.06267733819007,0.739168096075993,0.838129088182253,0.653059256210625,0.270356729696449
98.57,0,8.10796674130494,0.739547528491348,0.841932163037798,0.655235625788524,0.271622123687935
98.58,0,8.15390702933215,0.738244525336177,0.840611099033456,0.655545524812121,0.270565963522617
98.59,0,8.20049947293401,0.736857177144528,0.840682878047636,0.653612075813731,0.271123617995346
98.6,0,8.2477452322717,0.736908088072705,0.842656474164203,0.653442253157174,0.268581083347211
98.61,0,8.29564535430082,0.736096642045616,0.840643968060356,0.6570669232261,0.269844342790753
98.62,0,8.34420077005771,0.731740855608602,0.840938270674913,0.654790494118341,0.271103690960136
98.63,0,8.39341229193953,0.734177977241014,0.844188057439893,0.653391209045363,0.270832913241418
98.64,0,8.44328061098104,0.733753833515242,0.844150878514741,0.653090658087474,0.269783517337762
98.65,0,8.49380629413101,0.728808300313623,0.841693517411082,0.652121107499944,0.269973005628396
98.66,0,8.54498978153163,0.728540501492918,0.842104666596102,0.655593124021585,0.269920642242365
98.67,0,8.59683138380398,0.729358745723214,0.841485057653922,0.653586218090081,0.271157984946445
98.68,0,8.64933127934285,0.725941036949728,0.841454151578749,0.653262525757872,0.269028774390379
98.69,0,8.70248951162454,0.726833982265845,0.843507700634506,0.654157259107267,0.267667868131463
98.7,0,8.75630598653074,0.726149208265154,0.843251756179006,0.654693508636134,0.271079264617847
98.71,0,8.81078046969231,0.724132517584073,0.841947267927415,0.651568127444739,0.269917882205446
98.72,0,8.86591258385644,0.721745536265692,0.844701982894636,0.650789462964886,0.269195674872931
98.73,0,8.92170180628092,0.720882096445872,0.84378690643518,0.653655888523485,0.269626536470392
98.74,0,8.9781474661591,0.721776365749107,0.843687702351246,0.651896891364572,0.267790608537517
98.75,0,9.03524874207964,0.720081013493732,0.843069169411528,0.651025920825261,0.268949020998069
98.76,0,9.09300465952454,0.716227898121056,0.844374461936545,0.651596135274773,0.269660506414822
98.77,0,9.15141408840966,0.717312088700157,0.844648610543394,0.652763705508556,0.270510814919855
98.78,0,9.21047574067146,0.716715730716458,0.845587234614719,0.652088429392948,0.270273511876593
98.79,0,9.27018816790402,0.714877133893048,0.844040868228194,0.652492502742483,0.271090691091872
98.8,0,9.33054975905057,0.714460463526276,0.845395883741557,0.651087512300199,0.270773368850224
98.81,0,9.39155873815326,0.714121097727972,0.844563624706508,0.653174625267977,0.269353662453972
98.82,0,9.4532131621654,0.710477576139345,0.848260311282389,0.651282711981506,0.269052830138841
98.83,0,9.51551091883064,0.711812223772644,0.847173367610952,0.651493629215241,0.271712890882251
98.84,0,9.57844972463254,0.709214737422441,0.845202992203694,0.65182375835928,0.268539614409024
98.85,0,9.64202712281932,0.707534335303979,0.847932691110153,0.652486087870789,0.268539138839273
98.86,0,9.70624048150772,0.709478080621422,0.845628857813253,0.650553318820064,0.269208737974133
98.87,0,9.77108699186998,0.703201854186739,0.847832061402041,0.652063187976967,0.270587872176034
98.88,0,9.83656366640844,0.705874126032039,0.844878649899239,0.649559028196521,0.271791040896628
98.89,0,9.90266733732172,0.704090074490626,0.845343219524955,0.652846985691674,0.270189281731782
98.9,0,9.96939465496647,0.702217957442257,0.844997780950409,0.650426750808768,0.269800692684986
98.91,0,10.0367420864193,0.703901636400407,0.847934681378727,0.652462471651736,0.269732343022206
98.92,0,10.1047059141425,0.701267399862736,0.847119487456784,0.650312952075555,0.271078063412266
98.93,0,10.1726544605893,0.696929995229865,0.844515094164472,0.650371757833029,0.269505953296273
98.94,0,10.2399791198579,0.695968742584372,0.846565519827062,0.649084801141626,0.270668011095082
98.95,0,10.3075103902038,0.696025846672947,0.845742492149998,0.650700292708658,0.269366872257484
98.96,0,10.3755310406586,0.694920865452607,0.847560297015869,0.651254623337303,0.267603563627964
98.97,0,10.4440973779445,0.696007396544501,0.845428651575821,0.649063628598479,0.271367785136095
98.98,0,10.5132159225004,0.692617732391865,0.848929573910233,0.65095470798071,0.270818126996124
98.99,0,10.582883588602,0.695050856980967,0.849975657892818,0.651302351597246,0.270411622614288
99,0,10.653095412192,0.693020645557462,0.850669407194435,0.648626416204774,0.268638405020272
99.01,0,10.7238459504742,0.692792807650528,0.847245431508787,0.649944396469608,0.268961877348861
99.02,0,10.7951295293057,0.688022907074872,0.85065558871951,0.650682006126952,0.271751695944135
99.03,0,10.8669402867048,0.688666326493576,0.84779844953133,0.649368806383517,0.271552766460489
99.04,0,10.9392721808088,0.687414542177322,0.852499641706321,0.647053790711111,0.268874390223113
99.05,0,11.0121189917632,0.684589607993099,0.847604601939523,0.648156024173137,0.271448953395102
99.06,0,11.0854743226771,0.682410091876054,0.849812304037897,0.646735951010836,0.269797409641754
99.07,0,11.1593316005384,0.68189611367626,0.850700599394316,0.646422377107358,0.26822279285669
99.08,0,11.2336840772475,0.681712067124329,0.850046685010583,0.651161437328664,0.266355570457332
99.09,0,11.3085248307977,0.680606248042295,0.850216322411994,0.649437366847429,0.270085825155599
99.1,0,11.3838467666081,0.68057403306155,0.852517321958304,0.648896392296493,0.272505351904744
99.11,0,11.4596426190137,0.677026230562484,0.852689094719378,0.645338242356029,0.271847102771175
99.12,0,11.5359049529126,0.680460344368929,0.850889222941764,0.646527901805591,0.270908187578252
99.13,0,11.6126261655727,0.678382160036715,0.852151052401831,0.645098666490621,0.270836743498383
99.14,0,11.6897984885997,0.673044870541235,0.853158289306885,0.648217271920258,0.268811331477801
99.15,0,11.7674139900661,0.673101056250859,0.852537504647038,0.650006844362005,0.268980697337951
99.16,0,11.8454645768038,0.670424259721165,0.854081263114839,0.64693948090278,0.26968006659725
99.17,0,11.9239419968601,0.671336218701463,0.852127952690552,0.647500373870188,0.269893043966794
99.18,0,12.002837842118,0.668759083723996,0.852926600405476,0.645031857500329,0.272621017321344
99.19,0,12.0821435510817,0.670187996697875,0.852231432646065,0.648443230217223,0.269472838329349
99.2,0,12.1618504118261,0.667358154391636,0.852799342651039,0.642673182673988,0.268709532354484
99.21,0,12.2419495651122,0.666766449827006,0.854561684442513,0.644718128110723,0.270231181261494
99.22,0,12.3224320076668,0.66741456191067,0.855680191096896,0.644202965529295,0.269155521786974
99.23,0,12.4032885956268,0.664283993753815,0.856008840001311,0.645929799373133,0.271385588054848
99.24,0,12.4845100481474,0.662175404510486,0.855738202570272,0.644403050661564,0.269714567094515
99.25,0,12.5660869511725,0.663425414174666,0.855980244496481,0.646737286844236,0.27022197394743
99.26,0,12.6480097613685,0.660190272981325,0.853923548627276,0.647252128254595,0.270113956098591
99.27,0,12.7302688102175,0.658858080702422,0.854939393240725,0.64629198206494,0.270200993772573
99.28,0,12.8128543082702,0.660257917507273,0.854982264121398,0.647931748036648,0.267384065317549
99.29,0,12.8957563495567,0.657816144229975,0.856534827917627,0.64487409339881,0.270150374294862
99.3,0,12.9789649161526,0.655630221088158,0.855321837226256,0.645071642857401,0.270050687476109
99.31,0,13.0624698828985,0.658001329712308,0.854149305116892,0.64440559827807,0.269613860223457
99.32,0,13.146261022271,0.653670863448699,0.856674260890301,0.6447749559416,0.267806521145576
99.33,0,13.2303280094025,0.652597711099501,0.856343022871939,0.644851776591654,0.272824549000887
99.34,0,13.3146604272462,0.655147579176639,0.855164481120818,0.643101052820045,0.270319854593287
99.35,0,13.3992477718849,0.651590695313085,0.855727278111045,0.64466138574219,0.267209158558823
99.36,0,13.484079457978,0.649975640750685,0.857048417710547,0.643920923457257,0.270793971715406
99.37,0,13.5691448243465,0.647701285254294,0.859616020861068,0.641661139480897,0.271776387037789
99.38,0,13.6544331396891,0.650240710244647,0.859536771681352,0.645354714110726,0.26860611765615
99.39,0,13.7399336084279,0.644976542684332,0.857421273541248,0.644648522823184,0.272277688217056
99.4,0,13.8256353766777,0.645505974449414,0.855735766004803,0.644284705878698,0.270702206600138
99.41,0,13.9115275383374,0.64237370225775,0.862210374716562,0.644594036242032,0.269016779722598
99.42,0,13.9975991412956,0.643337315112382,0.861933075925776,0.644060533809892,0.269577446265228
99.43,0,14.0838391937485,0.643661115671196,0.860322289476066,0.644330000359608,0.269124644293263
99.44,0,14.1702366706236,0.639819848319927,0.860727968750678,0.643790875522431,0.268554263126733
99.45,0,14.2567805201057,0.640169327797174,0.859288756489328,0.643289852104165,0.269042889090462
99.46,0,14.3434596702584,0.637352955840721,0.858597607107497,0.643132713322971,0.2717225834809
99.47,0,14.4302630357364,0.638606940217339,0.861254869746776,0.643206437159077,0.269910161362641
99.48,0,14.5171795245834,0.638166065647197,0.860179296085355,0.645701001991081,0.271736472886992
99.49,0,14.60419804511,0.635972168873635,0.860587386895391,0.644448350390524,0.268124265003243
99.5,0,14.6913075128444,0.631770192145181,0.859657191577628,0.643314111445351,0.270476807775063
99.51,0,14.7784968575516,0.634454136661522,0.860940879489744,0.642540798696816,0.269615886890805
99.52,0,14.865755030314,0.633670619646643,0.862800522205306,0.643914253389248,0.270909173860942
99.53,0,14.9530710106677,0.63090138822408,0.85999051740059,0.644468578970001,0.269312198657116
99.54,0,15.040433813787,0.633539344305569,0.860402788710522,0.643057287694623,0.270619521779908
99.55,0,15.1278324977125,0.630104297617962,0.864470106153508,0.643310670013842,0.270125984907922
99.56,0,15.2152561706141,0.629687299066598,0.864288150990671,0.641632043665227,0.270056772459208
99.57,0,15.3026939980842,0.630023980141799,0.863153107963761,0.641505527587197,0.270973665042671
99.58,0,15.3901352104523,0.626141179345134,0.864821186787637,0.642481261495973,0.266401966975385
99.59,0,15.4775691101166,0.626018683072008,0.864643215831069,0.64323876712275,0.272021893220938
99.6,0,15.5649850788827,0.623603267237638,0.864733675154598,0.643771472792098,0.270535434048313
99.61,0,15.6523725853055,0.62606699053297,0.864422535222307,0.641452338778731,0.271641452499184
99.62,0,15.7397211920251,0.622443364193303,0.864420172505644,0.642195563638832,0.270244075434158
99.63,0,15.8270205630901,0.621446902330741,0.866279268305264,0.641097525551747,0.268883696855798
99.64,0,15.9142604712628,0.622387070202935,0.864420154061853,0.642337498501112,0.268990765775263
99.65,0,16.0014308052963,0.618082648739398,0.86591734857016,0.644260841101181,0.269449195229239
99.66,0,16.0885215771794,0.621979732978399,0.866443035025624,0.643532944012344,0.270432209436475
99.67,0,16.1755229293401,0.618531145845864,0.866006701373155,0.638852470883145,0.2712972562946
99.68,0,16.262425141802,0.618320888158331,0.863785597374414,0.642102389928088,0.273612755349488
99.69,0,16.3492186392852,0.615527536562855,0.866219120677977,0.644041892088326,0.267110652808177
99.7,0,16.4358939982464,0.615012776336834,0.870868807404953,0.643502422846672,0.270169118397658
99.71,0,16.5224419538498,0.61678374700961,0.867025488286231,0.640729701535572,0.271545209018514
99.72,0,16.6088534068626,0.613535290611192,0.870059528122494,0.642848458067991,0.267839515573519
99.73,0,16.6951194304681,0.610542346379306,0.869463341862265,0.64341445433997,0.27178072702374
99.74,0,16.7812312769898,0.613456701991815,0.869744953523729,0.64421769230722,0.269740140656617
99.75,0,16.8671803845196,0.61234849758548,0.863212735969931,0.63882242045484,0.272448941369557
99.76,0,16.9529583834442,0.608068128969169,0.868620621139889,0.642077505105015,0.269859769856233
99.77,0,17.0385571028619,0.609914443367139,0.869844417545107,0.643420765196277,0.268787915814401
99.78,0,17.1239685768854,0.60788797464159,0.868796830077718,0.642003559235291,0.271957568627117
99.79,0,17.2091850508226,0.607980177419327,0.871718368520755,0.643141121315858,0.270016089811184
99.8,0,17.2941989872303,0.606543808618956,0.86938902371731,0.6433710543923,0.267304303614121
99.81,0,17.3790030718352,0.60646832049498,0.86737813432721,0.642829876264806,0.269615631416609
99.82,0,17.4635902193152,0.605675086655463,0.870247777607158,0.643539845782328,0.270252312403329
99.83,0,17.5479535789368,0.603644469596232,0.872627471743805,0.64149096262682,0.270056840278465
99.84,0,17.6320865400424,0.603001449683956,0.869088713870776,0.642553871821131,0.26949740918618
99.85,0,17.7159827373822,0.600585717840104,0.871510264763357,0.643255191522286,0.271472412150949
99.86,0,17.7996360562865,0.600100471856423,0.870573718898954,0.643636426268709,0.269995579804915
99.87,0,17.883040637672,0.599373142641864,0.872197876484908,0.643110948406389,0.269464651085942
99.88,0,17.9662097102663,0.598813575314018,0.869746101118895,0.643078519714605,0.270858571960043
99.89,0,18.0504035860494,0.600391197563332,0.869699615630054,0.644787485200137,0.269743902874478
99.9,0,18.1355112422475,0.598318830900817,0.872543661509132,0.644173731044323,0.269197044831446
99.91,0,18.2206827033264,0.598219683660575,0.872083288214679,0.642212580565663,0.270566020296974
99.92,0,18.3056600947116,0.595497574498954,0.872570235087284,0.643330123903596,0.270917527295503
99.93,0,18.3903796659853,0.594713638019698,0.872803500667803,0.64373622771251,0.270435034028108
99.94,0,18.4748241046044,0.597069474386464,0.873368836509521,0.644060364716332,0.269887207196525
99.95,0,18.5589866063966,0.593756819105301,0.871872165864607,0.643419702087366,0.26921216342454
99.96,0,18.6428628814589,0.59145910093049,0.872708881835673,0.641962791505814,0.27053764689882
99.97,0,18.7264494219329,0.592357023147034,0.875447532741265,0.643077919099427,0.268433126816052
99.98,0,18.8097431313935,0.590990645696123,0.876777045857016,0.644059120851773,0.268145055126399
99.99,0,18.892741247531,0.591092800286032,0.876661287746165,0.644000765727029,0.271843001396151
100,0.85,18.9754413277186,0.589526276597285,0.872890639171201,0.644671713604871,0.267623396374958
100.01,0.85,19.0578412479187,0.590948340774575,0.875378146612836,0.645255706920332,0.271768767597628
100.02,0.85,19.139939204282,0.590437057050266,0.875248484194256,0.644599996095381,0.272801099705029
100.03,0.85,19.22173371515,0.587892118984438,0.873447828499594,0.642051060833614,0.268955706485757
100.04,0.85,19.3032236229681,0.58775295519211,0.875341908614567,0.647603951388911,0.269988542772798
100.05,0.85,19.3844080960014,0.586268521280225,0.877132029890495,0.643639304536131,0.270272984755703
100.06,0.85,19.4652866298319,0.583997788038432,0.875485710581243,0.644106013980328,0.269851908807475
100.07,0.85,19.5458590486299,0.586326894995254,0.875882902643515,0.645130881053843,0.272616000427311
100.08,0.85,19.6261255061998,0.58468938511921,0.879479552206974,0.641078582185891,0.270853000252183
100.09,0.85,19.706086486799,0.583377165809632,0.876718093898635,0.644874998864968,0.268483049062069
100.1,0.85,19.7857428057319,0.579362288827084,0.878929569343862,0.643627926755864,0.268351975568401
100.11,0.85,19.8650956097179,0.582919776638896,0.877275645126134,0.645468065839329,0.269823589507122
100.12,0.85,19.9441463770354,0.582046286390043,0.877400848313082,0.64749007130277,0.267370773176414
100.13,0.85,20.0228969174429,0.581820516649718,0.8780337112136,0.643728403514212,0.268843282655383
100.14,0.85,20.1013493718776,0.579250113947751,0.876930158729451,0.643865871588997,0.268119171424409
100.15,0.85,20.1795062119348,0.578809304367292,0.878214340068278,0.645588027908328,0.270894276719097
100.16,0.85,20.257370239128,0.576164636329124,0.882358438467655,0.646788577571065,0.27055472058532
100.17,0.85,20.3349445839335,0.576228169210392,0.879046074274287,0.642856562043804,0.268732446318318
100.18,0.85,20.4122327046203,0.577550937038861,0.879078447270053,0.645466768334589,0.270026271089348
100.19,0.85,20.4892383858691,0.577166404284095,0.879145529864793,0.644890101027915,0.27059931404446
100.2,0.85,20.5659657371816,0.577942510683758,0.881733547425827,0.64674807465627,0.270051590237824
100.21,0.85,20.6424191910844,0.576848425140005,0.880952944776799,0.64629449438542,0.268824316001656
100.22,0.85,20.7186035011295,0.573935457928833,0.883006645820218,0.64588914906156,0.271083403047924
100.23,0.85,20.7945237396948,0.572551996954027,0.880051184329122,0.64586178808459,0.269933150645224
100.24,0.85,20.8701852955887,0.571815042241918,0.879481560365946,0.648606778365755,0.272469327222848
100.25,0.85,20.945593871461,0.57114861691244,0.881618938096044,0.645323404244263,0.272703836674842
100.26,0.85,21.0207554810251,0.571101431986203,0.880545022191883,0.648291366858562,0.270540782584515
100.27,0.85,21.0956764460942,0.571735057802266,0.882485990686019,0.644613013143857,0.267501376530533
100.28,0.85,21.1703633934366,0.567967123032935,0.88253213971579,0.647248319410762,0.272454504622942
100.29,0.85,21.2448232514527,0.571188402208234,0.882083019626123,0.644687611189897,0.270383147714502
100.3,0.85,21.3190632466793,0.569829158393533,0.8862101390263,0.645430546929232,0.269858726528727
100.31,0.85,21.3930909001248,0.570466588708161,0.881870225149052,0.645555944876888,0.270716321094548
100.32,0.85,21.466914023439,0.568750217559377,0.88403289978346,0.648801683398246,0.268303777244885
100.33,0.85,21.5405407149243,0.568280560328962,0.882912129835573,0.648657316159506,0.270913414566977
100.34,0.85,21.6139793553891,0.56411400466674,0.884576126317003,0.646722711970257,0.270489760613503
100.35,0.85,21.6872386038517,0.564709644769216,0.883764028690168,0.646390838822254,0.270614809251963
100.36,0.85,21.7603273930972,0.565653239871295,0.884670559364909,0.646931075391256,0.272514269338358
100.37,0.85,21.8332549250927,0.567165627482003,0.886258921221803,0.647301259966092,0.268511806722387
100.38,0.85,21.9060306662651,0.564837230897597,0.883039589553503,0.648854411253416,0.271418287258101
100.39,0.85,21.9786643426475,0.562608399728963,0.88648396624826,0.648450527557069,0.268447214622569
100.4,0.85,22.0511659348971,0.562811269062799,0.885672395745529,0.648765083320621,0.268243831487663
100.41,0.85,22.1235456731913,0.562567849863656,0.886448284299355,0.647546843522655,0.269632181026747
100.42,0.85,22.1958140320054,0.561832613742838,0.88397582310132,0.647118530059308,0.271745446563684
100.43,0.85,22.2679817247771,0.558006819504523,0.88756237262738,0.649697037914642,0.268988480702725
100.44,0.85,22.3400596984631,0.560308138001856,0.889189988876107,0.649097870465186,0.268264872036758
100.45,0.85,22.4120591279919,0.561454955826738,0.890181769949869,0.646265791684844,0.272810224950425
100.46,0.85,22.4839914106173,0.55868523953006,0.888586515603323,0.646693812797483,0.271531828473332
100.47,0.85,22.5558681601785,0.559320257402555,0.88802882807713,0.648194128021343,0.268554864627262
100.48,0.85,22.6277012012698,0.556806411580291,0.889592238124958,0.647283406550473,0.270146927702013
100.49,0.85,22.6995025633258,0.558653444616379,0.890233928287442,0.651332171061451,0.27170508182134
100.5,0.85,22.7712844746257,0.555641920730536,0.890112895914138,0.650885962450541,0.268810285735082
100.51,0.85,22.8430593562219,0.55594631149019,0.887624237377845,0.650183556319622,0.269662475916812
100.52,0.85,22.9148398157965,0.558184482758812,0.887429230077757,0.649861368055125,0.270182281327524
100.53,0.85,22.9866386414504,0.555502567679496,0.890954950295416,0.648567581531165,0.270412981335796
100.54,0.85,23.0584687954294,0.553790080186081,0.890479330449937,0.649468890851615,0.271694460430369
100.55,0.85,23.1303434077906,0.553444678775673,0.88896356427602,0.651393726487178,0.271117926631712
100.56,0.85,23.2022757700143,0.555996596875048,0.888422136720472,0.650442993342042,0.274467725473541
100.57,0.85,23.2742793285634,0.551105122952209,0.88942429867403,0.652226403610027,0.271389253007902
100.58,0.85,23.3463676783968,0.552611120242422,0.888113045095939,0.650833433225093,0.269918809675712
100.59,0.85,23.4185545564375,0.553309703737043,0.891982240802902,0.651260425477323,0.270139609791979
100.6,0.85,23.4908538350012,0.552880930468037,0.89238622790092,0.650716129251378,0.269956223259578
100.61,0.85,23.5632795151874,0.551497395917618,0.891808091165572,0.65071128443692,0.271981436237531
100.62,0.85,23.6358457202373,0.549482421648541,0.894214447264106,0.647300681682101,0.270427603016156
100.63,0.85,23.7085666888609,0.549011582213989,0.892149401432322,0.650456413776256,0.271154496301546
100.64,0.85,23.7814567685363,0.549138536620802,0.890300328809818,0.652495043091665,0.272298314737564
100.65,0.85,23.8545304087853,0.547059029925499,0.8929505897404,0.652702626430952,0.273327735204806
100.66,0.85,23.9278021544261,0.549354393891672,0.892829789359282,0.650636184190259,0.267976057810287
100.67,0.85,23.9906981525252,0.547889333008181,0.892050333084563,0.654462569954323,0.270450402540485
100.68,0.85,24.0365254696586,0.547684956269188,0.893907479470216,0.653473545569175,0.271619842421991
100.69,0.85,24.0769642356597,0.546013931533137,0.891516756866206,0.651609155061107,0.271723841041651
100.7,0.85,24.112432236372,0.548804417756407,0.893495553662716,0.650622148899702,0.268143429851126
100.71,0.85,24.1207720092623,0.548303781767135,0.894789933615479,0.64867924625371,0.268741855279412
100.72,0.85,24.1266212626715,0.545724689228,0.894958143071464,0.649993517050895,0.270529621662583
100.73,0.85,24.1324829949198,0.549112685390668,0.893310425963038,0.654183924947263,0.27109884188807
100.74,0.85,24.1383592976747,0.545159777859219,0.894718210628888,0.650493828409688,0.27022208342494
100.75,0.85,24.1442522403879,0.546123326944649,0.893765514134313,0.654466707126777,0.271038406252857
100.76,0.85,24.1501638693027,0.54703824921975,0.895109643792845,0.650784615577659,0.269951827184962
100.77,0.85,24.1560962064694,0.546153426004316,0.895296077588712,0.651229764408672,0.269328643190591
100.78,0.85,24.1620512487707,0.544751767250556,0.895603804491282,0.654087784287267,0.266503997185168
100.79,0.85,24.1680309669573,0.546109496653023,0.893971131443372,0.655958440099136,0.273034585311093
100.8,0.85,24.1740373046928,0.546244650879111,0.895431900593401,0.652453601158564,0.271574551338788
100.81,0.85,24.180072177611,0.546128346378918,0.897335440171433,0.652429462938659,0.270815124214876
100.82,0.85,24.1861374723828,0.547192922583521,0.896813752901989,0.654244565528597,0.270630467473622
100.83,0.85,24.1648764945867,0.546645964476939,0.895681544852071,0.656873324416985,0.270674127862408
100.84,0.85,24.053471747468,0.547468779956919,0.895907552091489,0.656271869875503,0.270664605308039
100.85,0.85,24.0067387714878,0.549768784815066,0.899406438376311,0.655998957876803,0.270337275371983
100.86,0.85,23.9825804363916,0.548946720901679,0.898836666833504,0.654787176450108,0.268964636849794
100.87,0.85,23.9641595344839,0.547570498266221,0.897987152807242,0.653901856153741,0.268222020457365
100.88,0.85,23.9472735126417,0.550354351672268,0.897099491324995,0.656592434218733,0.270633800720008
100.89,0.85,23.9309729494833,0.545348926255517,0.898994441943479,0.655888004467649,0.270914090079361
100.9,0.85,23.9150548198523,0.55109587579025,0.898564667683849,0.653030115064696,0.2695785390742
100.91,0.85,23.8994818807412,0.547308008546351,0.900560091760602,0.654342797409404,0.266950778634615
100.92,0.85,23.8842531901949,0.549716216906069,0.900457621722014,0.652236598265921,0.270138613650718
100.93,0.85,23.8693755703925,0.548936084790698,0.900760200160387,0.655099153773048,0.269479197251776
100.94,0.85,23.8548573439689,0.549914594584911,0.899701412690155,0.65631072874764,0.269180462486108
100.95,0.85,23.8407069604856,0.550464182869404,0.901601966924634,0.654347809155093,0.270013154605975
100.96,0.85,23.8269326941301,0.551357252148657,0.899280041097921,0.657198577123973,0.270598185843441
100.97,0.85,23.8135425757834,0.548845892461567,0.900920449610993,0.654791901342209,0.269928099035053
100.98,0.85,23.8005443763601,0.549748914880764,0.901789643639803,0.65432151430455,0.271486477141977
100.99,0.85,23.7879456014086,0.549231419092755,0.902003957218631,0.655653280026935,0.272345460329837
101,0.85,23.775753488239,0.553680627997844,0.900187090139155,0.656952816840693,0.269437507259764
101.01,0.85,23.7639750036718,0.551712439042577,0.901037666776526,0.656309480182252,0.270028855251348
101.02,0.85,23.7526168419905,0.551323612449042,0.902209597187646,0.654868665245052,0.269445236473721
101.03,0.85,23.7416854230067,0.54894865889955,0.901614976378741,0.654697913960334,0.268950112749645
101.04,0.85,23.7311868902142,0.549957224465791,0.901128444895566,0.657301630507758,0.269113391118373
101.05,0.85,23.7211271090271,0.550219109253297,0.902377718917627,0.658261862146237,0.270568130302856
101.06,0.85,23.7115116650979,0.554113881917418,0.903990809672104,0.658630333190754,0.269151182936216
101.07,0.85,23.7023458627135,0.552558901246713,0.901908658123128,0.657703651221593,0.27071478283123
101.08,0.85,23.6936347232672,0.551216058639313,0.90125397769972,0.654490321983995,0.271347430517929
101.09,0.85,23.6853829838041,0.552728553012095,0.902458162077339,0.657636787375036,0.269699465879841
101.1,0.85,23.6775950956385,0.552045508670123,0.903584487628657,0.657390734101844,0.26837960048745
101.11,0.85,23.6702752230414,0.552606569923604,0.901739966173531,0.657805088468473,0.270627854924547
101.12,0.85,23.6634272419959,0.553497676971406,0.904267106180923,0.656156346562991,0.271956448543328
101.13,0.85,23.6570547390199,0.552811110828062,0.903536381432487,0.657210796227759,0.271913893483081
101.14,0.85,23.6511610100522,0.551543993085595,0.906059196074725,0.656768353948377,0.268220347024896
101.15,0.85,23.6457490594036,0.554742944095526,0.904299499189375,0.656743918744987,0.268727300376435
101.16,0.85,23.6408215987692,0.554305304733744,0.903449040286071,0.656617961484525,0.271702062951653
101.17,0.85,23.6363810463012,0.552154297512574,0.903086783519193,0.656364900840392,0.271781040907046
101.18,0.85,23.6324295257419,0.553868549078112,0.905599732634233,0.657284750769477,0.267026627098986
101.19,0.85,23.6289688656145,0.553345548731302,0.906558545344371,0.657728787762742,0.268366646309273
101.2,0.85,23.6260005984717,0.553445367393824,0.904435509166444,0.657527106003135,0.269243919391515
101.21,0.85,23.6235259602007,0.554724782252165,0.905894537706827,0.655743402250963,0.270545096782312
101.22,0.85,23.6215458893839,0.552686910686741,0.908175516079675,0.655162858696583,0.268420332759934
101.23,0.85,23.6200610267148,0.555273955419231,0.905489914232484,0.65708269764448,0.268948910916111
101.24,0.85,23.6190717144692,0.553606057247343,0.904776595212541,0.657486744217067,0.271584385560741
101.25,0.85,23.6185779960294,0.554309013628375,0.907502966800649,0.657120409808709,0.267774182258143
101.26,0.85,23.6185796154636,0.55429734654204,0.905712422597902,0.657003841702116,0.269829272656032
101.27,0.85,23.6190760171584,0.55494609472217,0.904864619623532,0.657640975964221,0.270555105442897
101.28,0.85,23.6200663455053,0.555166927171365,0.906679585815193,0.658627741248404,0.271902273678514
101.29,0.85,23.6215494446412,0.551365391972775,0.906765952669567,0.654834902705163,0.269894250758187
101.3,0.85,23.6235238582427,0.551892182895625,0.907403503694099,0.655621379319424,0.269647215208992
101.31,0.85,23.6259878293755,0.551402108984237,0.909501444168362,0.657150669040882,0.271121923257898
101.32,0.85,23.6289393003977,0.550949194635609,0.905302095954761,0.654823268313735,0.271889627762657
101.33,0.85,23.6323759129199,0.552853526295482,0.907673651363982,0.658029478250734,0.268249193460788
101.34,0.85,23.6362950078203,0.55426165309975,0.906536669320053,0.659477114172383,0.268602363463798
101.35,0.85,23.6406936253174,0.554466523786942,0.904959335558186,0.655328431633747,0.269353669142938
101.36,0.85,23.645568505101,0.555973847687637,0.90727265258073,0.654838946342829,0.269890557511756
101.37,0.85,23.650916086522,0.55444227753238,0.908773606761453,0.654968644224189,0.26975443386765
101.38,0.85,23.6567325088422,0.55264990396651,0.90868191971612,0.656523580572561,0.270209891675866
101.39,0.85,23.6630136115464,0.556974569413179,0.911332183949836,0.657909062683083,0.269841301516429
101.4,0.85,23.6697549347166,0.555314173466544,0.908094266576151,0.65774900562013,0.270163562364718
101.41,0.85,23.6769517194718,0.553689936123412,0.909945790600154,0.655650334898044,0.27286068544524
101.42,0.85,23.6845989084734,0.556240123603907,0.908729087141789,0.654185862737671,0.269944703879381
101.43,0.85,23.6926911464983,0.552658730084049,0.908225955525175,0.656665919576855,0.271092466880336
101.44,0.85,23.7012227810826,0.556185711482529,0.909941937431094,0.658010847339886,0.269544632958211
101.45,0.85,23.7101878632365,0.555891831202409,0.910466881986607,0.658588313261658,0.271256759767007
101.46,0.85,23.719580148233,0.555278003060076,0.909851429921344,0.654030210177156,0.271969188041341
101.47,0.85,23.7292930127093,0.555025914231089,0.90879932788073,0.653761511878944,0.270541524211007
101.48,0.85,23.7390740554965,0.553893323637427,0.912804771605563,0.658792252635125,0.269550987848644
101.49,0.85,23.7489103518573,0.55193338683299,0.912364745960016,0.656628895977863,0.268789951526809
101.5,0.85,23.7588006635248,0.55311413696045,0.912605383014192,0.65204377666324,0.267581167625601
101.51,0.85,23.7687437072281,0.555730218712636,0.909115800339656,0.658072455812133,0.271537771539083
101.52,0.85,23.7787381551931,0.555327540927992,0.910408040182397,0.657415657103676,0.270110690847687
101.53,0.85,23.7887826356618,0.553695324365292,0.911053824776274,0.657168107114877,0.267859295048137
101.54,0.85,23.7988757334301,0.553645595570995,0.910385894584389,0.65657013916702,0.27136965099155
101.55,0.85,23.8090159904044,0.552639677099983,0.911128713517235,0.657117395643945,0.270174674012705
101.56,0.85,23.8192019061756,0.55342488041249,0.914029460810088,0.655086180960492,0.269574145602866
101.57,0.85,23.8294319386112,0.556418181988289,0.911564336306577,0.65611107800701,0.27125741928828
101.58,0.85,23.8397045044642,0.555182754941298,0.912801727167243,0.656993048351629,0.269993564880247
101.59,0.85,23.8500179799995,0.554006299096448,0.913850760213241,0.656676883598639,0.272067498630519
101.6,0.85,23.8603707016361,0.554131751320977,0.911289061374453,0.655641152807905,0.268893633550063
101.61,0.85,23.8707609666062,0.555340579642537,0.91168694517401,0.657194151016454,0.268743642750827
101.62,0.85,23.8811870336295,0.554742665577594,0.910279839957366,0.654741181061985,0.270757975245852
101.63,0.85,23.891647123603,0.555078713552987,0.913829367642847,0.65429317500787,0.271696408389749
101.64,0.85,23.9021394203062,0.555113322609456,0.910934081642151,0.654826736296634,0.270251247142114
101.65,0.85,23.9126620711204,0.555217620181435,0.914644732950462,0.655527000635117,0.270732487015571
101.66,0.85,23.9232131877625,0.553259804895025,0.91278497382858,0.654011003472825,0.268821676529729
101.67,0.85,23.9337908470322,0.554885289275224,0.916136404519038,0.652360963925708,0.268306220009624
101.68,0.85,23.9443930915733,0.555750215373257,0.913865677565069,0.653826185634738,0.270668642176839
101.69,0.85,23.9550179306469,0.553707157437672,0.910598892180858,0.655919287780912,0.269413708902939
101.7,0.85,23.9656633409181,0.553287588703594,0.913213069761549,0.655390180056508,0.268701061592239
101.71,0.85,23.9763272672543,0.555652744247447,0.912482641455343,0.652663505638644,0.271361226943199
101.72,0.85,23.9870076235355,0.555799400016847,0.9162181583947,0.654213097883763,0.270097282899317
101.73,0.85,23.997702293475,0.551738856197045,0.913855508337725,0.654098417117292,0.270962528829332
101.74,0.85,24.0084091314523,0.552231203908766,0.911874503308226,0.653984553190748,0.270137514251491
101.75,0.85,24.0191259633551,0.552393441894349,0.91351801481834,0.653590388390309,0.270864848573112
101.76,0.85,24.029850587432,0.555756566716931,0.916528876723249,0.654713402543524,0.269238033002098
101.77,0.85,24.0405807751544,0.556029024571226,0.91392692857326,0.6531815453488,0.270180852533729
101.78,0.85,24.0513142720878,0.554662175811229,0.916288180337708,0.654412586702967,0.269969777665716
101.79,0.85,24.062048798771,0.553013680852389,0.915291354719216,0.654017241073536,0.271294405159658
101.8,0.85,24.0727820516044,0.553866950878797,0.91499959604078,0.652036631996368,0.269281217226934
101.81,0.85,24.0835117037455,0.553465768658544,0.914788277535028,0.654634484049217,0.268771122363282
101.82,0.85,24.0942354060118,0.555513613709036,0.912562276572482,0.653964871404674,0.270522978837991
101.83,0.85,24.1049507877907,0.553676106867099,0.916186026036292,0.656892624322216,0.271433101015219
101.84,0.85,24.1156554579562,0.554516848260179,0.915094409488649,0.649503239781138,0.270927035697033
101.85,0.85,24.1263470057904,0.554144423493424,0.912895685191312,0.651848296070296,0.270315153673196
101.86,0.85,24.1805457571423,0.554761457021107,0.912683812911942,0.654203681605052,0.270034980259288
101.87,0.85,24.2149576157423,0.555588231817583,0.916089907202178,0.655572760435537,0.270280688363284
101.88,0.85,24.2366770694102,0.552399774221046,0.914559247701405,0.65435223349961,0.268209532195922
101.89,0.85,24.2553129746294,0.555212636343901,0.916026866671063,0.652962155886049,0.267946266052235
101.9,0.85,24.2732236052645,0.556179727851012,0.915004951512501,0.650672166990258,0.271434560705419
101.91,0.85,24.2908862996744,0.55252187299923,0.916951935091476,0.653795651376302,0.270900021072793
101.92,0.85,24.3083814708163,0.552753322148799,0.912550489776658,0.653233378438654,0.268183089504453
101.93,0.85,24.3257107577337,0.55343478144531,0.916207809600456,0.651818014632037,0.270903195171442
101.94,0.85,24.3428604461629,0.553891223892385,0.914035350799285,0.651527202093117,0.269919309314993
101.95,0.85,24.3598137865865,0.553364336432456,0.914462359948322,0.650115221292712,0.269505579847293
101.96,0.85,24.376553366012,0.552456266043039,0.915675717417579,0.651303658264554,0.268722748132549
101.97,0.85,24.3930615674011,0.552207489126782,0.914730126668853,0.649762155454197,0.270758480182946
101.98,0.85,24.4093206635732,0.55486179926184,0.915334350662857,0.652683186693048,0.271154820768543
101.99,0.85,24.4253128415602,0.553715742795966,0.917283535866524,0.652186236089857,0.268759027507535
102,0.85,24.4410202138605,0.55255008446874,0.916584819021605,0.651186911930354,0.268594370738978
102.01,0.85,24.4564248273304,0.552083186941918,0.916188404566648,0.649806361448135,0.26732381406827
102.02,0.85,24.4715086717483,0.556068429409437,0.917642699499657,0.649509565060243,0.270747174574409
102.03,0.85,24.4862536884383,0.555100997710283,0.917121779296845,0.650960188668877,0.270056928002163
102.04,0.85,24.5006417790208,0.554502134023869,0.917245819226901,0.65037308279772,0.268269869213311
102.05,0.85,24.514654814302,0.552291976874043,0.919001152042504,0.652314126800301,0.270750364283907
102.06,0.85,24.5282746432986,0.554253399652359,0.91497297910118,0.651653705843057,0.269258929548388
102.07,0.85,24.541483102397,0.553097192377195,0.916298971034689,0.64956848074622,0.270259812830901
102.08,0.85,24.5542620246397,0.555238471822236,0.916583051806374,0.64899601648806,0.270134945767937
102.09,0.85,24.5665932491358,0.553499095398223,0.918968031030608,0.648355248284094,0.272072803480995
102.1,0.85,24.5784586305903,0.553222358423205,0.915145376695115,0.649920069883123,0.273286108376694
102.11,0.85,24.5898400489461,0.551402833148639,0.915994168858523,0.651859083872709,0.269797880820659
102.12,0.85,24.6007194191339,0.552797073886315,0.920649918042033,0.650906637192096,0.271601341307529
102.13,0.85,24.6110787009238,0.555511564790824,0.918010434003892,0.651893464537843,0.270439883876976
102.14,0.85,24.6208999088722,0.552041006193397,0.917116579821793,0.650070185026413,0.269986384005372
102.15,0.85,24.6301917227206,0.555274354119965,0.91840049486507,0.650838036752457,0.268380754645591
102.16,0.85,24.6392923055811,0.554613003745423,0.918369088579694,0.647923025034355,0.269919422062516
102.17,0.85,24.6482971722515,0.553317674667887,0.918362928912521,0.649897236548414,0.267880218798809
102.18,0.85,24.657203777194,0.551122083940874,0.918780043922298,0.650447939254952,0.269390580935907
102.19,0.85,24.666009587435,0.554482361160376,0.917295939540229,0.650959192319854,0.269279313787418
102.2,0.85,24.6747120834584,0.552736110145948,0.915975356858984,0.649188502449374,0.26893166104206
102.21,0.85,24.6833087600936,0.550597598921103,0.916681456878627,0.650802435169452,0.267821916772579
102.22,0.85,24.6917971273952,0.553842224750738,0.920537628414194,0.649205245959326,0.267575913256807
102.23,0.85,24.7001747115151,0.551420580188357,0.916746092254099,0.646608029359079,0.273651690080978
102.24,0.85,24.7084390555677,0.553114779691721,0.91584729570892,0.648280389977317,0.268653300461857
102.25,0.85,24.7165877204861,0.555464022554173,0.917649508109206,0.646087029457292,0.270195662450134
102.26,0.85,24.7246182858709,0.554252358661669,0.920112869381732,0.649266196265155,0.269932264587698
102.27,0.85,24.7325283508299,0.551110379204404,0.918535757978727,0.646800239024228,0.265477818196563
102.28,0.85,24.7403155348093,0.553828429831346,0.916508847848179,0.646959224282059,0.268211597058162
102.29,0.85,24.7479774784161,0.554506983133658,0.915088829754164,0.648596232288636,0.270768950563128
102.3,0.85,24.7555118442314,0.553177017563003,0.919805253953878,0.646407839248189,0.26842211182396
102.31,0.85,24.762916317614,0.553065850747723,0.91793796006576,0.64729347151512,0.271911728118661
102.32,0.85,24.770188607495,0.552246694702579,0.917271489560408,0.647681647140928,0.27149201778452
102.33,0.85,24.7773264471618,0.553298112642533,0.916786007806415,0.645449913102531,0.271738978905821
102.34,0.85,24.7843275950337,0.552577835487331,0.916282514388757,0.648101818026538,0.271204159815524
102.35,0.85,24.7911898354255,0.556139487115473,0.919224969291803,0.646361365717737,0.266556212412902
102.36,0.85,24.7979109793021,0.555857499227516,0.919956273470068,0.644989549191284,0.269722545458269
102.37,0.85,24.8044888650225,0.553114400755258,0.919023146726108,0.646624802921937,0.268220290269357
102.38,0.85,24.8109213590725,0.553223293899557,0.918835180622197,0.644467223901523,0.267689251433888
102.39,0.85,24.8172063567873,0.552126439022569,0.918641113920335,0.646684933314148,0.270755168289796
102.4,0.85,24.823341783063,0.55296024173905,0.917664982678038,0.645486222277379,0.272241855504269
102.41,0.85,24.8293255930563,0.55317667755371,0.915797852755787,0.644433521524962,0.267083421241024
102.42,0.85,24.8351557728742,0.551119368790752,0.918639843932029,0.645593610639538,0.271196856834641
102.43,0.85,24.8408303402513,0.5527932992754,0.917086902078637,0.646540129740878,0.268115861049166
102.44,0.85,24.7511641275167,0.552587082321259,0.920418788784915,0.64685682144413,0.271701516991927
102.45,0.85,24.71192961119,0.556112218078686,0.919714132931689,0.646816412363609,0.271594101152971
102.46,0.85,24.6906735841693,0.555290029964269,0.919908849492667,0.645267502503722,0.26976129737656
102.47,0.85,24.6725128072288,0.55405392135495,0.918116106593225,0.64497153237405,0.267395935255952
102.48,0.85,24.6540909993321,0.55474311295714,0.918201285844211,0.641431394924691,0.267930671408543
102.49,0.85,24.6347531793973,0.553404524061439,0.919321239236401,0.645348517256575,0.266061904407321
102.5,0.85,24.6143724220977,0.554469931051746,0.917956828205493,0.642761126117057,0.268869822364413
102.51,0.85,24.5929189243901,0.557745362676272,0.919041854498019,0.643662006488223,0.271475162687103
102.52,0.85,24.5703805588412,0.551654400370022,0.921156210740861,0.644878176654072,0.270303572220428
102.53,0.85,24.5467486676351,0.552693027070675,0.918936720598195,0.645418993956998,0.268799569992901
102.54,0.85,24.5220155621185,0.557204316464027,0.918974619150737,0.644488257869674,0.268746078483544
102.55,0.85,24.4961740900709,0.556980216315449,0.918468014558195,0.642135617418263,0.269179145051021
102.56,0.85,24.4692175651842,0.555539095341132,0.917458538626812,0.644963063659245,0.270485035100242
102.57,0.85,24.4411397595037,0.557911986774674,0.918699288722476,0.643143387595237,0.269683926551648
102.58,0.85,24.4119349065716,0.558070339703338,0.917496342092262,0.645002654649458,0.270229120489046
102.59,0.85,24.3815977061673,0.557281932915546,0.917262561612615,0.646466395093647,0.271533418138877
102.6,0.85,24.3501233290607,0.556181094540466,0.917013669686502,0.645649725707021,0.268257628561304
102.61,0.85,24.3175074214948,0.55889495590746,0.917509913212437,0.641994484497746,0.269788453033962
102.62,0.85,24.2837461093469,0.560851781105289,0.916463266582967,0.644353780609464,0.268728794158277
102.63,0.85,24.2488360019519,0.559172051595676,0.916883311944757,0.64207945642034,0.270303693209113
102.64,0.85,24.2127741955821,0.558518209839776,0.917281283416228,0.64493827872052,0.268247497643943
102.65,0.85,24.1755582765767,0.564082126342236,0.914813342934578,0.642371364091997,0.270587177263978
102.66,0.85,24.1371863241178,0.557042972902194,0.919075979967769,0.642358087938735,0.270579957325183
102.67,0.85,24.0976569126469,0.558792115836454,0.91653575371171,0.643748551468463,0.268850219812388
102.68,0.85,24.0569691139179,0.56081186240233,0.91766230392905,0.642617739188173,0.270396353919773
102.69,0.85,24.015122498685,0.562225149744769,0.920159333511034,0.642578002361601,0.266995889355857
102.7,0.85,23.9721171380183,0.559671985394501,0.920073738918951,0.644515568423515,0.268549251484701
102.71,0.85,23.9279536042495,0.560551791322248,0.920986540171608,0.642871160460307,0.271236714853314
102.72,0.85,23.8826329715404,0.562330413506352,0.918141012632965,0.641317957876466,0.269798005601244
102.73,0.85,23.8361568160754,0.561735486841407,0.918112226665688,0.642317735544,0.269279148324647
102.74,0.85,23.7885272158758,0.562745049071618,0.917899303629615,0.644493093601822,0.269384411741455
102.75,0.85,23.7397467502345,0.559601514665127,0.917057988762365,0.642627613913507,0.272859070254777
102.76,0.85,23.6898184987704,0.564379052647403,0.917152592468922,0.642891786497548,0.268479211550912
102.77,0.85,23.6387460401043,0.563320008676718,0.917281050881461,0.644985765208101,0.270740394571103
102.78,0.85,23.5865334501534,0.562400716862071,0.919283610965542,0.642396220292347,0.270042736496185
102.79,0.85,23.5331853000487,0.565370949137786,0.918257285288323,0.6422378685391,0.271542172318789
102.8,0.85,23.4787066536741,0.567252486574719,0.917043970349444,0.641663126894246,0.268797174375972
102.81,0.85,23.423103064831,0.564168298201351,0.918942523630217,0.640437369275574,0.270426557511064
102.82,0.85,23.3663805740285,0.564221177265376,0.917674614322052,0.641697391476322,0.268799104821046
102.83,0.85,23.3085457049041,0.564128263337227,0.91768914433084,0.642082198936892,0.268984293556922
102.84,0.85,23.2496054602763,0.565162163045289,0.919060457311079,0.642320239750358,0.270744865688138
102.85,0.85,23.1895673178346,0.565203628418207,0.916768782908229,0.644734865018942,0.271229166168885
102.86,0.85,23.1284392254688,0.569181294893093,0.916609750539016,0.646910530305135,0.270271288250661
102.87,0.85,23.066229596244,0.564337841367146,0.919263458878224,0.642328464751945,0.269160628102441
102.88,0.85,23.0029473030253,0.569684235200931,0.914686131503297,0.645197442397882,0.270279629418012
102.89,0.85,22.9386016727584,0.568135145554646,0.918908272538559,0.643022534603754,0.270731364760615
102.9,0.85,22.8732024804106,0.570121784998478,0.920420164352547,0.642577235480433,0.269136830788366
102.91,0.85,22.80675994258,0.570637668156476,0.914035725894241,0.643223037134473,0.269048509237648
102.92,0.85,22.7392847107788,0.573849216074533,0.91979884921988,0.642035107606515,0.268479388445951
102.93,0.85,22.6707878643971,0.570904760488392,0.917508689477518,0.644554576778459,0.270398193783552
102.94,0.85,22.6012809033566,0.572807714532875,0.917842522689184,0.641210379793218,0.269485715529288
102.95,0.85,22.5307757404597,0.571163746217443,0.918933991885499,0.641537354221887,0.271040078733878
102.96,0.85,22.4592846934436,0.574064743074302,0.917955015481047,0.644798536996359,0.272064270465398
102.97,0.85,22.3868204767477,0.572650217646448,0.918363927560143,0.644469830906645,0.27108862620962
102.98,0.85,22.3133961930029,0.574161797755881,0.915987380968834,0.646913652536857,0.269525205571585
102.99,0.85,22.2390253242521,0.574885186299603,0.914091694495486,0.645478130272122,0.270031413943951
103,0.85,22.1637217229115,0.575640275053555,0.919877187012736,0.644167177003453,0.27060327140658
103.01,0.85,22.0874996024817,0.578585010397899,0.917066304968069,0.644470336479304,0.272736971877949
103.02,0.85,22.0103735280205,0.576755305352816,0.916384769825866,0.639771565006904,0.272120781623901
103.03,0.85,21.9323584063848,0.577839666403315,0.919105137513486,0.644809600284053,0.270091867499802
103.04,0.85,21.8534694762557,0.577423182159643,0.917437621149104,0.64308317345657,0.26957306343082
103.05,0.85,21.7737222979538,0.582840988119517,0.916450082474352,0.643286613088239,0.270181260200888
103.06,0.85,21.6931327430589,0.579843084246978,0.914058287627341,0.644525538805485,0.271016657838855
103.07,0.85,21.6117169838431,0.578845242009534,0.918139931717221,0.641331042557441,0.267519832315815
103.08,0.85,21.52949148253,0.583613931846,0.915093862395178,0.642714916450721,0.269085758455077
103.09,0.85,21.44647298039,0.58220572695031,0.912836602534223,0.644262797508935,0.268128089913487
103.1,0.85,21.3626784866849,0.580938586375103,0.917499747189574,0.64292765528196,0.271328478135597
103.11,0.85,21.2781252674731,0.584232957551333,0.916976870081213,0.644855597587179,0.272571287946477
103.12,0.85,21.1928308342857,0.584944660256314,0.916206849877323,0.644919469926266,0.270368896854115
103.13,0.85,21.106812932688,0.584251375035881,0.915276036693872,0.642461837588368,0.268873273008511
103.14,0.85,21.020089530736,0.587903062698317,0.915305481198278,0.644167552209828,0.265985957616845
103.15,0.85,20.9326788073418,0.588678932270288,0.915973338215569,0.64482116249964,0.269486537048823
103.16,0.85,20.8445991405583,0.587657595738799,0.914764840586873,0.642478609265648,0.267165330048431
103.17,0.85,20.7558690957962,0.586479997570292,0.914844324570587,0.644606575517286,0.268656551273336
103.18,0.85,20.6665074139854,0.588114690095494,0.913595630798129,0.645632797686181,0.270758329426152
103.19,0.85,20.5765329996923,0.58997199812384,0.914701635417313,0.644364328196557,0.269743626245258
103.2,0.85,20.4859649092049,0.591158500626068,0.912051732324007,0.644147014583385,0.270630126630056
103.21,0.85,20.3948223385984,0.590533471845727,0.916245307071724,0.644604205712906,0.268235951113663
103.22,0.85,20.303124611792,0.591849571189941,0.913485062303421,0.645300260223573,0.269109891990539
103.23,0.85,20.2108911686092,0.594046090471504,0.915752606449737,0.642061811029634,0.27184521170127
103.24,0.85,20.1181415528536,0.594769982538361,0.91399790859535,0.644355710050081,0.268975454939009
103.25,0.85,20.0248954004104,0.594354519857038,0.913956334155345,0.645401828326188,0.271140689478759
103.26,0.85,19.9311724273861,0.596434086192127,0.912692117273344,0.644560178206857,0.271876685707923
103.27,0.85,19.8369924182968,0.597725183228194,0.913225347300627,0.645532278818974,0.270365948774963
103.28,0.85,19.7423752143168,0.594986047672839,0.914189590326931,0.644498051684645,0.268655174565395
103.29,0.85,19.6473407015969,0.598319125108261,0.913658877306238,0.643874474599287,0.271196903528148
103.3,0.85,19.5519087996649,0.599228102707467,0.914262157532598,0.642987117490694,0.271082279016041
103.31,0.85,19.4560994499166,0.599979604973409,0.914220825112117,0.645824724533728,0.272081117670993
103.32,0.85,19.3606547838431,0.602153180883578,0.915714210230985,0.646517573744052,0.272220190973309
103.33,0.85,19.2669177339461,0.602167985874751,0.913746408401231,0.645596350436372,0.272426075984356
103.34,0.85,19.1735009721542,0.602820347909495,0.91054215173849,0.647135491004651,0.271121470485544
103.35,0.85,19.0798937759235,0.604036348594799,0.913367242453203,0.64585328664979,0.268235358609892
103.36,0.85,18.9860182426193,0.607655961295923,0.91477878140705,0.644000864636726,0.271339474796582
103.37,0.85,18.8918790610641,0.605548185844377,0.913413453813373,0.646366769790578,0.269201502649353
103.38,0.85,18.7974932681237,0.606508151642146,0.912064739100436,0.647147881325029,0.269340772074723
103.39,0.85,18.7028794719272,0.605424593191836,0.912529730500056,0.64888133683001,0.270087706770388
103.4,0.85,18.6080564102975,0.607254612998441,0.911599337928098,0.645807223605374,0.271325905997878
103.41,0.85,18.5130427696902,0.609709050413776,0.912353739414927,0.646814695647353,0.269181753915485
103.42,0.85,18.4178571571359,0.609653572063209,0.908830621785276,0.646410603466868,0.270651432054559
103.43,0.85,18.3225180891843,0.608240214628895,0.913006722113835,0.647747026130946,0.269096006131782
103.44,0.85,18.2270439826954,0.611953378321284,0.910399913832522,0.646915274647264,0.269100942760964
103.45,0.85,18.1314531459582,0.611655458665695,0.910908904847292,0.64709294036219,0.26953018513357
103.46,0.85,18.0357637700107,0.614578571143546,0.914517860708719,0.646167121407646,0.269651759481159
103.47,0.85,17.9399939201557,0.614743710214942,0.910883037676076,0.646505538917522,0.27065773132472
103.48,0.85,17.8441615276793,0.612657183594512,0.913619419895613,0.648620273226382,0.273066030802496
103.49,0.85,17.7482843817747,0.61572801010008,0.910467598992996,0.648037874185883,0.270680132122146
103.5,0.85,17.6523801216769,0.615927785312737,0.911282926883059,0.647817070066454,0.269576587530121
103.51,0.85,17.5564662290122,0.616807260632743,0.912006328281346,0.649368129658935,0.27050957445308
103.52,0.85,17.4605600203658,0.617588647735545,0.910128672444164,0.648039519763898,0.269051340515473
103.53,0.85,17.364678640071,0.6216008708644,0.90877124954532,0.648916879453715,0.269789606579742
103.54,0.85,17.268839053223,0.621980796370608,0.908141655032836,0.647983887607317,0.270035345890365
103.55,0.85,17.1730580389206,0.620169674875035,0.907414784340507,0.647380272846161,0.268972329679736
103.56,0.85,17.0773521837372,0.622377803604351,0.908946413618236,0.648251803578351,0.26935686320736
103.57,0.85,16.9817378754237,0.622683017938799,0.909489328616882,0.64514722847391,0.271219286450792
103.58,0.85,16.8862312968458,0.625483860838901,0.911595112431771,0.648322539407055,0.272161405858724
103.59,0.85,16.7908484201554,0.626991460751357,0.90708997518657,0.648352238698553,0.270134480459077
103.6,0.85,16.6956050011992,0.625554890491879,0.908814902958974,0.652812464088678,0.270977709582041
103.61,0.85,16.6005165741641,0.627992120609025,0.909475263173688,0.651276226509242,0.2684144480299
103.62,0.85,16.5055984464604,0.628547426222232,0.910902401134377,0.649579605417441,0.272316468253544
103.63,0.85,16.4108656938431,0.632960012437742,0.905516505479803,0.650639608452861,0.26906057938949
103.64,0.85,16.316333155771,0.632872429659183,0.906858256349,0.650675846620792,0.270484331667862
103.65,0.85,16.2220154310041,0.631073688741129,0.907288412586878,0.649682235685216,0.268374344188301
103.66,0.85,16.1279268734375,0.633277180408544,0.907374649632309,0.650692275073676,0.271634052416534
103.67,0.85,16.0340815881721,0.63570718236525,0.908182322842203,0.648201144204136,0.269920744742028
103.68,0.85,15.9404934278207,0.63831860384306,0.908225798840918,0.648937276491649,0.268772008341234
103.69,0.85,15.8471759890472,0.635980228898081,0.90689524922279,0.651103336357126,0.270313298579352
103.7,0.85,15.7541426093396,0.639161010905792,0.907128209971174,0.650205846032202,0.271415659983528
103.71,0.85,15.661406364012,0.638483204148901,0.90604383005806,0.649458904887222,0.269113520989809
103.72,0.85,15.5689800634361,0.641644430968292,0.907263746535952,0.64949913752252,0.271506477463716
103.73,0.85,15.4768762504989,0.639111470525595,0.906808240606364,0.649535704598035,0.272032539733362
103.74,0.85,15.3851071982834,0.640665928118456,0.908965979612908,0.650210247678472,0.268695534534707
103.75,0.85,15.2936849079714,0.641866908983007,0.904632055544701,0.650195509234164,0.269730388159359
103.76,0.85,15.2026211069633,0.643688056451866,0.905889746615059,0.651290942871698,0.271087976099357
103.77,0.85,15.1119272472145,0.64518163478369,0.906439046929604,0.649790903065473,0.27068577097692
103.78,0.85,15.021614503782,0.646699053771415,0.906693545611074,0.651252332403562,0.270073710448078
103.79,0.85,14.9316937735812,0.648347201598343,0.904350857008562,0.650535489311406,0.271218386052216
103.8,0.85,14.842175674346,0.647687349051353,0.901960212825137,0.650689121368435,0.267443540284465
103.81,0.85,14.7530705437912,0.650541747860045,0.902496633071421,0.650361235012932,0.273317475449138
103.82,0.85,14.6643884389718,0.650645483726703,0.903821414453671,0.654905475823938,0.26962381660772
103.83,0.85,14.5761391358352,0.650072051314456,0.904871145309108,0.65365560333096,0.270717064194322
103.84,0.85,14.4883321289638,0.652993967587647,0.906169003544673,0.652438937135686,0.268610445511723
103.85,0.85,14.4009766315011,0.653782575077093,0.904840255976775,0.652956826981728,0.270679909311017
103.86,0.85,14.3140815752595,0.655695043135939,0.904128215707041,0.652753382937967,0.269417951788987
103.87,0.85,14.2276556110035,0.655519512047781,0.902985667649599,0.653207696898204,0.267632394487993
103.88,0.85,14.1417071089057,0.658041170369505,0.902046705452643,0.654234806514631,0.270067503104246
103.89,0.85,14.0562441591681,0.655322540844326,0.904681395107532,0.652490246833238,0.272564212248305
103.9,0.85,13.9712745728079,0.660033264481557,0.904379856552208,0.654415758283027,0.270320874956658
103.91,0.85,13.8868058825989,0.660474942723683,0.902556563627819,0.652362287377567,0.269766048193385
103.92,0.85,13.8028453441674,0.664661928439688,0.89955616269874,0.65142047742295,0.270693807441202
103.93,0.85,13.7193999372353,0.664919618078858,0.902634512776642,0.65564916076205,0.267972775558933
103.94,0.85,13.6364763670065,0.661801472665798,0.904974065916626,0.654585446592621,0.270847944532891
103.95,0.85,13.5540810656917,0.665056116032235,0.906180827387603,0.654490214752192,0.266444902089855
103.96,0.85,13.4722201941665,0.665862937068769,0.901001060838764,0.654449416856298,0.27126753631982
103.97,0.85,13.3908996437578,0.666067118419578,0.904767460040634,0.653952814019816,0.268268062102573
103.98,0.85,13.3101250381542,0.6662890286417,0.901836747682459,0.650930670304312,0.272696408946906
103.99,0.85,13.2299017354344,0.668527909576936,0.898983857236851,0.65351283682656,0.270971826607587
104,0.85,13.1502348302091,0.670290855448316,0.898914704466275,0.65419180134248,0.26955479683084
104.01,0.85,13.0711291558726,0.674020479485845,0.904501004001172,0.654005987456491,0.268460481579225
104.02,0.85,12.9925892869574,0.669618329207579,0.897302093083802,0.656069883312557,0.271331140385893
104.03,0.85,12.9146195415876,0.675129624612305,0.900853953601791,0.655058860539833,0.269988975025354
104.04,0.85,12.8372239840276,0.675206916481016,0.897540664877897,0.652407842828364,0.270880957779855
104.05,0.85,12.7604064273188,0.675070521442729,0.898739760829439,0.653412959599859,0.26968687144143
104.06,0.85,12.6841704360019,0.675902744912388,0.900624048200756,0.652680609147636,0.267397078847842
104.07,0.85,12.6085193289187,0.679204730155873,0.898446595037865,0.656594661888911,0.271149060870676
104.08,0.85,12.5334561820896,0.679680673323987,0.900409598390655,0.65473741820463,0.27006011074575
104.09,0.85,12.4589838316611,0.6803921407189,0.89802754483313,0.65603418935609,0.269737548930058
104.1,0.85,12.3851048769206,0.681598730752831,0.898866692053721,0.657002045632204,0.272352334630588
104.11,0.85,12.3118216833721,0.684128478246594,0.899470638376856,0.655395391023654,0.270709397083564
104.12,0.85,12.2391363858699,0.68129244951057,0.898434403407728,0.655138606261614,0.273759018581033
104.13,0.85,12.1670508918054,0.682602210329445,0.896331078473397,0.654860948346839,0.271293842776622
104.14,0.85,12.0955668843424,0.684432055860199,0.89671137655294,0.654357041994468,0.269493078097136
104.15,0.85,12.0246858256979,0.685452662838352,0.896342124044053,0.658064999928363,0.267909487745953
104.16,0.85,11.9544089604638,0.684863450740968,0.897159971312515,0.655902080793355,0.271202612574372
104.17,0.85,11.8847373189647,0.686963893772518,0.898972147357087,0.656013291645361,0.269567764909423
104.18,0.85,11.8156717206498,0.687033974329964,0.897015207913845,0.656564226557927,0.272937767850099
104.19,0.85,11.7472127775136,0.693462565112105,0.896159618434006,0.65530563623233,0.270201409461781
104.2,0.85,11.6793608975421,0.690198591670939,0.893240731084196,0.656056228000157,0.270860960922115
104.21,0.85,11.6121162881819,0.690969695517208,0.896765777543529,0.656513995173151,0.269710866540407
104.22,0.85,11.5454789598275,0.696094862879224,0.897622553695273,0.657646813159885,0.273644134682745
104.23,0.85,11.479448729324,0.695635574839652,0.89405304554905,0.655642034186819,0.269961092229079
104.24,0.85,11.4140252234827,0.693885213272289,0.895061599620672,0.653846150379959,0.271395321948235
104.25,0.85,11.3492078826048,0.696215841192293,0.89395488526417,0.655536045498635,0.270394256851243
104.26,0.85,11.2849959640116,0.698826554784134,0.892446127209107,0.653697195962434,0.269917113083157
104.27,0.85,11.2213885455785,0.698640514241228,0.895526752560729,0.658588557085037,0.270482613144951
104.28,0.85,11.1583845292686,0.697404706393358,0.893203312251501,0.65599853392464,0.266317199267518
104.29,0.85,11.095982644664,0.700136478814294,0.892324632926443,0.655311958878791,0.269216535265701
104.3,0.85,11.0333813073155,0.700967624947604,0.890654334096259,0.656440182313319,0.272873361571351
104.31,0.85,10.9701696245363,0.701546419622072,0.893839578897535,0.658683727760637,0.271904403633601
104.32,0.85,10.9072727966925,0.701743022326215,0.89213949367191,0.655854477227015,0.269886977310657
104.33,0.85,10.8449515027855,0.704816042504837,0.889612607120155,0.656387751435299,0.270281430848916
104.34,0.85,10.7832496833706,0.70393236559081,0.891860955347854,0.656997825160102,0.269177577104332
104.35,0.85,10.7221716008227,0.707779608774576,0.892163754499407,0.658405361598764,0.267876584352248
104.36,0.85,10.6617154155904,0.707993694750903,0.891421985650107,0.655862956669449,0.272689586511777
104.37,0.85,10.6018783366941,0.707201970401535,0.891081979867941,0.656515874434003,0.268800363755354
104.38,0.85,10.5426573289551,0.707734625562431,0.891047862360488,0.65736180963714,0.270516851141627
104.39,0.85,10.4840492053833,0.711159638528449,0.890668083290422,0.659227537788048,0.273031404404929
104.4,0.85,10.4260506412715,0.712860236740881,0.893188290481878,0.659057253656347,0.270225515034943
104.41,0.85,10.3686581789544,0.710099074931283,0.8904804284587,0.655755853179964,0.273296309394402
104.42,0.85,10.3118682314957,0.71261435475679,0.888664071257637,0.657109253877392,0.269573449249849
104.43,0.85,10.2556770862339,0.713883034396764,0.888076435891085,0.65832160183585,0.272663374335718
104.44,0.85,10.2000809082792,0.713670038961047,0.889826121174295,0.655753536429857,0.270139955973694
104.45,0.85,10.1450757439742,0.71556028986587,0.887763890309497,0.656945615319784,0.269555462998081
104.46,0.85,10.0906575243145,0.720078263669176,0.889821256228438,0.658152786290991,0.270977747757363
104.47,0.85,10.0368220683312,0.716173509812111,0.892126190161411,0.656221995828924,0.27034635420228
104.48,0.85,9.98356508643292,0.720151932916737,0.8913941914102,0.660461152738041,0.2701866707483
104.49,0.85,9.93088218370819,0.717700000821809,0.887647977203126,0.656198617673149,0.269915688551844
104.5,0.85,9.87876886318628,0.718603788542137,0.891205650375433,0.656480049083648,0.27087711597059
104.51,0.85,9.82722052905731,0.720391469734575,0.889057747883,0.659921011626182,0.26862816440365
104.52,0.85,9.77623248985066,0.722988512853564,0.888467529073212,0.655843609311648,0.270819665279062
104.53,0.85,9.72579996157165,0.723288806587659,0.890140072370427,0.656845485638022,0.270575462748382
104.54,0.85,9.67591807079645,0.726557045806679,0.883073345160237,0.655303810741516,0.270079696782686
104.55,0.85,9.62658185772499,0.723538333511076,0.886864032272104,0.656728473452448,0.269089579889076
104.56,0.85,9.57778627919197,0.726251181271585,0.886177068047986,0.655235665521294,0.268926301295013
104.57,0.85,9.52952621163609,0.728029570735938,0.886576797231242,0.6590889217778,0.269420314802625
104.58,0.85,9.48179645402771,0.72945438410061,0.887817682949168,0.659331009777211,0.271528309952398
104.59,0.85,9.43459173075494,0.729170329249788,0.885518677521052,0.657900964193636,0.271175394084125
104.6,0.85,9.38790669446878,0.728427462735038,0.886568821228744,0.654594147327164,0.270014239282569
104.61,0.85,9.34173592888735,0.732251206099964,0.88270860014666,0.656628045761868,0.271250818752259
104.62,0.85,9.29607395155992,0.731602238333688,0.885682651188422,0.656226225688464,0.267982193172655
104.63,0.85,9.25091521659081,0.730282543571175,0.884971379821008,0.655536823143747,0.26936622917662
104.64,0.85,9.20625411732418,0.733979741952756,0.883166647980465,0.657389668923506,0.27187258761867
104.65,0.85,9.16208498898991,0.737752256966201,0.884403933870142,0.658701544113546,0.268260002189127
104.66,0.85,9.11840211131115,0.732527042641654,0.885782596200282,0.655155842341085,0.268900713084359
104.67,0.85,9.07519971107453,0.739139407258122,0.882768376731645,0.658638613061076,0.269287858938013
104.68,0.85,9.03247196466338,0.736431411866521,0.884546986344484,0.656547435511401,0.272147940674123
104.69,0.85,8.99021300055493,0.736891955122231,0.88388724443271,0.657126277992344,0.268672180368494
104.7,0.85,8.94841690178201,0.736975249553194,0.883270218339974,0.655110047232506,0.271341377808295
104.71,0.85,8.90707770836029,0.740438729430625,0.88363695156648,0.655731186827836,0.269100210900283
104.72,0.85,8.86618941968176,0.736777992745141,0.883233217120002,0.656346757913582,0.268824534898834
104.73,0.85,8.82574599687521,0.741836346006268,0.882400822438792,0.659550449553843,0.271344313067915
104.74,0.85,8.78574136513481,0.739603859064284,0.881995072713208,0.656280161502112,0.270424570622089
104.75,0.85,8.7461694160174,0.741506529566291,0.881218149024686,0.658120991792209,0.26859452582255
104.76,0.85,8.70702400970966,0.743374151009239,0.878384070070477,0.657128724946525,0.268013198599041
104.77,0.85,8.66829897726577,0.743850290374887,0.882159200937595,0.65630888860314,0.270437823596893
104.78,0.85,8.62998812281682,0.74234142318617,0.879949208869763,0.657483557471998,0.269548337889589
104.79,0.85,8.59208522575262,0.747207319596844,0.880389266244918,0.655729846076244,0.270886857937391
104.8,0.85,8.55458404287708,0.747423713447088,0.880148547643581,0.656106414872311,0.268461309594574
104.81,0.85,8.51747831053776,0.746969841154743,0.877318256724579,0.657357784043458,0.269602397863955
104.82,0.85,8.48076174673106,0.746367989700661,0.880593653198074,0.657766039806454,0.271050178841421
104.83,0.85,8.44442805318339,0.749862379300989,0.879269279738365,0.655568729768741,0.270985437863231
104.84,0.85,8.40847091740972,0.748942736010623,0.877719588922652,0.653160496224072,0.26860971916633
104.85,0.85,8.37288401475012,0.748594975378312,0.878410639545666,0.655161118449999,0.269845365298497
104.86,0.85,8.33766101038551,0.7516523720015,0.879169725591509,0.653672960780993,0.269798995279069
104.87,0.85,8.30279556133305,0.75033123632368,0.879613780546996,0.654003937264768,0.268002809116009
104.88,0.85,8.26828131842274,0.752192201649768,0.878345007256119,0.652979961315932,0.270081024188412
104.89,0.85,8.23411192825525,0.751504964759162,0.877683335741232,0.65494104388527,0.27089007096177
104.9,0.85,8.2002810351427,0.753025424957239,0.877503899619895,0.653861058960748,0.270596109273055
104.91,0.85,8.1667822830325,0.752501177019007,0.876912462677839,0.655498478387658,0.268806050064765
104.92,0.85,8.13360931741553,0.755841166043087,0.875864965553562,0.654287450195715,0.270015088110641
104.93,0.85,8.10075578721914,0.75535647318837,0.876397057982419,0.652969820616561,0.272964531761034
104.94,0.85,8.06821534668596,0.758558624400138,0.876263819807281,0.653434111822615,0.269228344332386
104.95,0.85,8.03598165723895,0.75978110513913,0.876024639173435,0.6547544922208,0.269508574514438
104.96,0.85,8.00404838933378,0.758146816367489,0.876917990919012,0.655324587386423,0.268151371528907
104.97,0.85,7.97240922429874,0.760869186772093,0.877918997971135,0.651162512963835,0.26770937675237
104.98,0.85,7.94105785616318,0.759069003065367,0.875742932234673,0.651957741987379,0.268225593928718
104.99,0.85,7.90998799347488,0.763004120681972,0.876681674490984,0.650577728240267,0.268907939274906
105,0,7.87919336110689,0.764052046805285,0.873213369647269,0.6539196532916,0.27013215143295
105.01,0,7.84866770205449,0.76231956198324,0.874041529675193,0.651881471738772,0.273844011934448
105.02,0,7.81840477922252,0.762726410034698,0.872844325021841,0.652971924330525,0.269831819236149
105.03,0,7.78839837720381,0.7648884248869,0.875350535520078,0.652829729973083,0.271558274423956
105.04,0,7.75864230404876,0.76547747320631,0.873558123127635,0.654330684661185,0.268064314580425
105.05,0,7.72913039302662,0.7644894856413,0.874934199146544,0.652630737832203,0.26893729802456
105.06,0,7.69985650437884,0.765760751080931,0.872763953319952,0.654153926289911,0.269452640583856
105.07,0,7.67081452706446,0.764790009842009,0.873743601268045,0.652741837623573,0.269149338136084
105.08,0,7.64199838049803,0.765160809353171,0.872551541774726,0.651904735420744,0.269123188507667
105.09,0,7.61340201628002,0.767300247861335,0.870304097241691,0.650552330198161,0.272318872895283
105.1,0,7.58501941992,0.766812033360247,0.87204208680893,0.650398250672123,0.267909044071128
105.11,0,7.55684461255249,0.767946356883302,0.872459655891303,0.650813037381276,0.269055115678897
105.12,0,7.52887165264564,0.76747762046947,0.872694141383975,0.65235843285657,0.271622173387388
105.13,0,7.50109463770257,0.769072717390006,0.870062268705179,0.650650514212429,0.266922472774176
105.14,0,7.47350770595543,0.768788595524751,0.870717690324873,0.650259467649646,0.269798467004072
105.15,0,7.4461050380519,0.770622769011857,0.868443320584677,0.650257448056569,0.269356480887561
105.16,0,7.41888085873407,0.77319767712832,0.870524716379717,0.650354357662335,0.270706351928432
105.17,0,7.39182943850937,0.771901490085455,0.871236772940858,0.652205015667688,0.272011679671175
105.18,0,7.36664510275494,0.77386967215365,0.869358848800693,0.650239652609639,0.269659087860515
105.19,0,7.35530779301464,0.775156410980133,0.870161972668134,0.650557410186043,0.267506844389607
105.2,0,7.35037068269153,0.774773062335236,0.867736070245083,0.649237725973231,0.270902706334004
105.21,0,7.34664006683577,0.772927772403049,0.869157437315095,0.648760603124964,0.268782034888991
105.22,0,7.34311256981337,0.774500491603973,0.870013687022103,0.651508208235813,0.271107548029387
105.23,0,7.33964244988218,0.775161481141397,0.869168628600991,0.65240257963307,0.270019282376723
105.24,0,7.33620855610138,0.772743486011639,0.868660551096641,0.651371283248115,0.268779156681636
105.25,0,7.33280461099667,0.776196959395695,0.86834587034342,0.652021741185238,0.272765703704846
105.26,0,7.32942582518469,0.774500412014765,0.869099534370899,0.650607493323318,0.271682836887889
105.27,0,7.32606752806127,0.774499560635808,0.8674979296583,0.65059709924458,0.270659683536388
105.28,0,7.32272505721631,0.775273616550046,0.866222544461068,0.648836398711951,0.269915408135646
105.29,0,7.31939375484802,0.77394835839344,0.867572288784295,0.649967534687954,0.269729129627002
105.3,0,7.31606897021467,0.774783382933008,0.867448708768184,0.647423583197778,0.26822195607929
105.31,0,7.31274606197484,0.774130824505235,0.866943342057974,0.648097450099587,0.270306968498566
105.32,0,7.30942040044093,0.77474938045561,0.866390318712481,0.648195606467881,0.271177342049135
105.33,0,7.30608736983021,0.778159648502893,0.866767192542324,0.647398660163011,0.268639318752788
105.34,0,7.30274237053,0.774610096024644,0.863234949576159,0.647948888472432,0.269962640800168
105.35,0,7.29938082137828,0.776264839888786,0.864743576416313,0.650345602587767,0.269832920668521
105.36,0,7.29599816195904,0.774774616705014,0.86528286803083,0.647137037515827,0.268603948535382
105.37,0,7.29258985491096,0.773313669590311,0.862815166900755,0.646717257092356,0.270486218272664
105.38,0,7.28915138824816,0.7766120551858,0.865422122505805,0.646960478200622,0.271124152155301
105.39,0,7.28567827769163,0.775305350074002,0.863071277928978,0.647301869766463,0.269070761185778
105.4,0,7.28216606901008,0.776156922306235,0.864041623812096,0.648473478952384,0.268920475131607
105.41,0,7.27861034036835,0.775297511595651,0.864651386133619,0.64739843997867,0.269532324630039
105.42,0,7.27500670468217,0.773125660327111,0.86343743216983,0.650025323971027,0.270007683943841
105.43,0,7.2713508119776,0.776788131063122,0.863830273248657,0.647922243541352,0.27124322567793
105.44,0,7.26763835175334,0.775517280940968,0.860439096421405,0.648076712055236,0.267898383241791
105.45,0,7.26386505534444,0.777997620965934,0.863682673769965,0.645907830010877,0.270828745716106
105.46,0,7.26002669828555,0.775368272039808,0.861308606900707,0.648930697119671,0.269918050404215
105.47,0,7.25611910267181,0.776517676591673,0.864296749314729,0.642240289944105,0.271673383044892
105.48,0,7.25213813951589,0.776056466548838,0.859537664609038,0.646077775310703,0.269783995964891
105.49,0,7.24807973109891,0.776492250345595,0.86340303138043,0.648494736353546,0.27336707150364
105.5,0,7.24393985331365,0.774337116613973,0.864931744898515,0.647082373020792,0.270580090508618
105.51,0,7.2397145379979,0.775671493850126,0.858413675432261,0.64635848402861,0.270494655562226
105.52,0,7.23539987525606,0.773640047015347,0.861125942349158,0.645266065334785,0.269873488276769
105.53,0,7.23099201576702,0.774950458445071,0.858964002461406,0.646006831283663,0.271300014323125
105.54,0,7.22648717307623,0.775029008432867,0.861798691635667,0.646823886526277,0.272118083049821
105.55,0,7.22188162586987,0.775083710697022,0.859473264616167,0.647861129420121,0.271930472984052
105.56,0,7.21717172022916,0.77617883162147,0.862520782685536,0.645190139798809,0.269324072243876
105.57,0,7.21235387186259,0.773814926919188,0.860564648466358,0.645500945925206,0.270428226755487
105.58,0,7.20742456831409,0.775882837755373,0.857785891791284,0.645636252456019,0.270543865641251
105.59,0,7.2023803711449,0.775866173063584,0.860690596371092,0.645908949633314,0.272499518061423
105.6,0,7.19721791808706,0.777642499231515,0.85860160132241,0.644990535287091,0.270851406726403
105.61,0,7.19193392516636,0.778129883320348,0.860533567979148,0.643244690960691,0.269297216789093
105.62,0,7.18652518879274,0.776081595373821,0.86005487350202,0.644857497777007,0.269037227115766
105.63,0,7.18098858781582,0.776707771093703,0.858997886948267,0.647584080923143,0.269931886255796
105.64,0,7.17532108554361,0.776267935547928,0.857572468783362,0.646181047708602,0.26905201693347
105.65,0,7.16951973172211,0.774362040832993,0.858622292822307,0.644179895910329,0.267767637537612
105.66,0,7.16358166447388,0.778146380198116,0.859630155365715,0.643173609976333,0.2696124072259
105.67,0,7.15750411219334,0.777270125150105,0.857193609233741,0.642952267915666,0.270007272620096
105.68,0,7.15128439539691,0.777698464229537,0.856089764647089,0.645140364779303,0.270362420359407
105.69,0,7.14491992852569,0.774915908102304,0.858467406257356,0.644811744618433,0.270365112198078
105.7,0,7.13840822169901,0.776328424831744,0.857032170002863,0.644039241205138,0.272072717419652
105.71,0,7.13174688241658,0.778817455456954,0.855622621908685,0.642177478244859,0.269689225931818
105.72,0,7.12493361720738,0.777258277971937,0.853921619936193,0.647010405346251,0.269006703390211
105.73,0,7.11796623322355,0.775596435320315,0.857679580193982,0.642633261222454,0.269103853710945
105.74,0,7.11084263977713,0.778597568373046,0.853046599449482,0.643295048003243,0.270761975539325
105.75,0,7.10356084981813,0.778341207121844,0.856801332743094,0.646841331820986,0.270466166557617
105.76,0,7.09611898135189,0.778420534586312,0.853453004628062,0.644640970349406,0.269988475452459
105.77,0,7.08851525879432,0.777274311489851,0.852240649417235,0.644920040690992,0.270509577467008
105.78,0,7.08074801426304,0.776422313541817,0.855014645618164,0.645083954017896,0.271035727840762
105.79,0,7.07281568880311,0.779776479273479,0.854615007108819,0.643386725932224,0.267518835968858
105.8,0,7.06471683354566,0.779174556863511,0.854186955436447,0.642534032751633,0.268155225509151
105.81,0,7.05645011079798,0.779768229211991,0.853890035218074,0.645860770293592,0.269939814113273
105.82,0,7.04801429506375,0.778906442414761,0.854336385234095,0.642455193182642,0.270077204885582
105.83,0,7.03940827399193,0.779357650487351,0.853212077202669,0.64178198539333,0.272579203291279
105.84,0,7.03063104925332,0.777858820703511,0.853314628715185,0.643340432475265,0.268437017683808
105.85,0,7.02168173734334,0.780697114485252,0.852316735032057,0.641785608245555,0.269704390413201
105.86,0,7.01255957031008,0.777274507857797,0.851881078873589,0.645025239533422,0.268451866944237
105.87,0,7.00326389640678,0.780276611253656,0.851294871362309,0.645127892282105,0.271615105761211
105.88,0,6.99379418066738,0.781731189358688,0.851102388108565,0.644443158989896,0.269167913744736
105.89,0,6.98415000540477,0.778429323894486,0.851779164387541,0.640784086410272,0.271546784082444
105.9,0,6.9743310706308,0.780540169406208,0.851986342360221,0.642377912303801,0.269915543894529
105.91,0,6.9643371943973,0.782611485252547,0.850627542470341,0.64213531775359,0.26801747384754
105.92,0,6.95416831305774,0.780977203894158,0.851157233801763,0.643501435066254,0.268352010920962
105.93,0,6.94382448144902,0.781158788950169,0.849239186367904,0.645052643680464,0.269150405243137
105.94,0,6.93330587299289,0.779308284646761,0.849738956070951,0.641780790124329,0.269824748461777
105.95,0,6.92261277971687,0.780158511577208,0.849231357982452,0.643676595730111,0.267933866463088
105.96,0,6.91174561219454,0.781556878611633,0.848538235632029,0.644837807740082,0.270260758012403
105.97,0,6.90070489940493,0.782634182511062,0.851550647351303,0.641183897404013,0.271598426413551
105.98,0,6.88949128851119,0.778528152157627,0.849591945457787,0.643288321385083,0.270231658801674
105.99,0,6.87810554455867,0.78181099647293,0.849363946505489,0.643558224195464,0.272549446089185
106,0,6.86654855009259,0.781802958384568,0.848272518949585,0.64440114295329,0.270955252830169
106.01,0,6.85482130469558,0.783488424473457,0.850363452820378,0.642564141771022,0.270153927636258
106.02,0,6.84292492444559,0.785017345816921,0.849862521888866,0.644202072279103,0.270504068697499
106.03,0,6.83086064129472,0.783946221668873,0.84994040013446,0.642256650229945,0.270363631165193
106.04,0,6.81862980236955,0.784099363236726,0.847732355956143,0.642011959984903,0.270406168695372
106.05,0,6.80623386919363,0.781339495250495,0.848167504137178,0.643644881353657,0.271747741026451
106.06,0,6.79367441683305,0.784279723240969,0.845563275294745,0.644771759184335,0.269156694442217
106.07,0,6.7809531329661,0.781373581151461,0.850603300696354,0.6440215970281,0.269622882840335
106.08,0,6.7680718168777,0.783988168104187,0.847814101426964,0.643224984061625,0.268990962008555
106.09,0,6.75503237838012,0.783731647856297,0.849425537164504,0.642317379330589,0.268876510711312
106.1,0,6.74183683666089,0.783853850457179,0.846344658655589,0.644351697446915,0.268281179815378
106.11,0,6.72848731905932,0.785535272275533,0.844359121432565,0.643392689013279,0.269157070115771
106.12,0,6.71498605977298,0.785283711633055,0.847724592623436,0.644112199878436,0.270498870345601
106.13,0,6.70133539849565,0.786141625529195,0.846683459606741,0.643664479727482,0.270906738708771
106.14,0,6.68753777898821,0.786105707219009,0.845820895178236,0.643035666150352,0.268522811728734
106.15,0,6.67359574758419,0.788426940622299,0.844434745092888,0.642954721393328,0.271216889859112
106.16,0,6.65951195163156,0.785512637049163,0.846045912064584,0.641288736497716,0.269726864504515
106.17,0,6.64528913787276,0.786349023331268,0.844588757848712,0.643375168911547,0.271179755530311
106.18,0,6.63093015076466,0.78692409266601,0.843602463746746,0.640182439672358,0.26834219826522
106.19,0,6.6164379307403,0.787201216667925,0.844235872970241,0.644900120023027,0.269156039812815
106.2,0,6.6018155124148,0.785743869477138,0.845960558550778,0.641881104617565,0.269212453022872
106.21,0,6.58706602273697,0.788131933302682,0.844817433977512,0.643471735907673,0.272120150137758
106.22,0,6.57219267908919,0.790044762487275,0.844391731512882,0.644444580404548,0.269501950069163
106.23,0,6.55719878733751,0.786290623030605,0.845595874566744,0.642701230322798,0.267574241266391
106.24,0,6.54208773983423,0.789688430516211,0.84424427716869,0.643866371300761,0.26784718827248
106.25,0,6.5268630133753,0.789290933905167,0.844453434274989,0.646794777377962,0.26927080980477
106.26,0,6.51152816711488,0.790571331079939,0.844132556158466,0.644190489687912,0.267909449344544
106.27,0,6.49608684043929,0.790767486866787,0.843792236077928,0.644634241624796,0.26836577258448
106.28,0,6.480542750803,0.78880581035762,0.845781214283141,0.643912409290171,0.271054276506
106.29,0,6.46489969152888,0.789841512794104,0.841962448594782,0.645833132310651,0.271940485554515
106.3,0,6.4491615295753,0.790958809144297,0.8433766856576,0.644900001500163,0.271110025159829
106.31,0,6.43333220327256,0.788807861917787,0.842628477310707,0.646696582651834,0.272261275229683
106.32,0,6.4174157200312,0.795425529975586,0.843505556304265,0.643389568955607,0.271915753095927
106.33,0,6.40141615402467,0.790355801578757,0.843413948164553,0.643640388875826,0.272682732818628
106.34,0,6.385337643849,0.791226525930642,0.845191290388827,0.643934309515935,0.271646122920189
106.35,0,6.36918439016196,0.793804536594676,0.841440465337168,0.643560160460821,0.268961334278478
106.36,0,6.35296065330434,0.794028015121448,0.844225058642876,0.644969341886276,0.269073127889972
106.37,0,6.33667075090591,0.795229935299357,0.840848617571392,0.643539274063545,0.270173217516495
106.38,0,6.32031905547862,0.793807059825115,0.842973554908484,0.643737866128887,0.266899913309093
106.39,0,6.3039099919996,0.794758225358069,0.841804683815625,0.644643719436468,0.269100534886244
106.4,0,6.28744803548661,0.794641683175046,0.841311341618599,0.644869027650026,0.270903867649526
106.41,0,6.27093770856835,0.79561548358158,0.841285368896355,0.642343660746842,0.271345113813934
106.42,0,6.25438357905218,0.79340648146851,0.841662379043745,0.645653569431183,0.270093896890823
106.43,0,6.23779025749199,0.796009836388816,0.838541552153647,0.643878614180792,0.270173186610858
106.44,0,6.22116239475823,0.799438337998022,0.841786069525408,0.647180206888943,0.271461332554663
106.45,0,6.2045046796131,0.797087923274325,0.841226889106445,0.645618095110265,0.267269080660125
106.46,0,6.18782183629283,0.797171509414823,0.839844976373824,0.642647589921096,0.270121110926984
106.47,0,6.17111862209986,0.799417390964573,0.839950476898198,0.642793803877403,0.270150957770236
106.48,0,6.15439982500685,0.794165266961307,0.840550642632975,0.64553525605139,0.269949912737314
106.49,0,6.13767026127526,0.800727807944263,0.838670301393707,0.646457591583201,0.269531179361264
106.5,0,6.12093477309034,0.798275366437412,0.838869744201805,0.646657572333019,0.27093818965902
106.51,0,6.10419822621504,0.797081427064791,0.838575307213983,0.646091611132161,0.270789053300598
106.52,0,6.08746550766482,0.801860300013019,0.83894804183301,0.647792311799135,0.270168243007165
106.53,0,6.07074152340563,0.799767122118206,0.836912423639535,0.644392510371372,0.270896984751155
106.54,0,6.05403119607693,0.800764376332069,0.840911067359474,0.644487376569339,0.268036005765026
106.55,0,6.0373394627418,0.799981644623861,0.841456549014103,0.644104672972245,0.269056326338067
106.56,0,6.02067127266615,0.799292934337752,0.838359790721527,0.645642406760469,0.270172631550782
106.57,0,6.00403158512882,0.799990695547401,0.837146154041704,0.646895169619654,0.271084467238524
106.58,0,5.98742536726426,0.801043878986135,0.835823618287925,0.647520082024648,0.268583403988923
106.59,0,5.97085759193979,0.802829868132119,0.836200526928867,0.648803321928966,0.268811232375042
106.6,0,5.95433323566879,0.800818547572956,0.838503346693023,0.645805623297033,0.26568104680447
106.61,0,5.9378572765616,0.801383383129961,0.838671467173854,0.645087945316743,0.270627870735977
106.62,0,5.92143469231563,0.80360556306737,0.83877829206893,0.646588860574387,0.270777723969752
106.63,0,5.90507045824603,0.804443846543522,0.836868397689012,0.647436654273759,0.271632575824158
106.64,0,5.88876954535827,0.803451283610657,0.840532497674565,0.647379624741222,0.270533681876137
106.65,0,5.87253691846414,0.804038037535185,0.840422033722292,0.647102858377456,0.270537824686688
106.66,0,5.85637753434204,0.804026879948604,0.838192425418664,0.648885467903646,0.273701160936019
106.67,0,5.84029633994296,0.806788815222026,0.840047007187692,0.648781018846865,0.269335115895632
106.68,0,5.82429827064306,0.805994987986288,0.837779002696779,0.646713885152793,0.269041819310182
106.69,0,5.80838824854382,0.8075456131745,0.836331562385179,0.650699714332049,0.26986459816118
106.7,0,5.79257118082078,0.805532970125889,0.835586524045151,0.648596607068576,0.269002310925269
106.71,0,5.77685195812152,0.807830359698099,0.83514194132641,0.649153191521331,0.270903415015136
106.72,0,5.76123545301363,0.808522397563673,0.837931176020217,0.6485828600001,0.270038958131247
106.73,0,5.74572651848348,0.807485608152492,0.83421919550313,0.649161416806039,0.266832556005798
106.74,0,5.73032998648612,0.806789044810762,0.836899256441857,0.64791961293094,0.268571035251678
106.75,0,5.71505066654698,0.810240436484232,0.833970184627597,0.648378153567923,0.270470791539916
106.76,0,5.69989334441566,0.812081932873209,0.836004623403359,0.649017343156985,0.271202336473585
106.77,0,5.68486278077226,0.807692046773278,0.8341914863488,0.651388856103035,0.269043358612161
106.78,0,5.66996370998637,0.807638470749537,0.835081408080466,0.649680218063724,0.271119182547546
106.79,0,5.65520083892896,0.808643051750182,0.835034675954748,0.647314344400664,0.269946393234375
106.8,0,5.64057884583731,0.810491028679868,0.838491092486294,0.649784841682034,0.268754766325399
106.81,0,5.62610237923288,0.807454921155434,0.836419478191282,0.650491221780055,0.269383764513641
106.82,0,5.61177605689218,0.813767620807404,0.837756248965194,0.649340606025899,0.272997117138302
106.83,0,5.59760446487046,0.812667312348306,0.833208184499355,0.649357860797324,0.26676754755321
106.84,0,5.58359215657804,0.813216837729747,0.835172047127493,0.649511746296641,0.270301194894438
106.85,0,5.569743651909,0.810064063025349,0.838106533095725,0.649402186593507,0.269752732762051
106.86,0,5.55606343642185,0.813371827130661,0.834964938855526,0.649234537883541,0.271680674909448
106.87,0,5.54255596057188,0.813213890384759,0.83732076775709,0.648904198727334,0.269465313431085
106.88,0,5.52922563899461,0.814569655649029,0.834513165637747,0.648715743047405,0.270718908176497
106.89,0,5.51607684983986,0.813852118466061,0.83450785176707,0.651272834973856,0.270992854130984
106.9,0,5.50311393415588,0.813237089482904,0.83405434744726,0.652387589795399,0.268617362034458
106.91,0,5.49034119532271,0.815301508094277,0.835248613642521,0.652631060259798,0.267982735211604
106.92,0,5.47776289853427,0.813907797680881,0.834472120929878,0.649464483900545,0.2713178954032
106.93,0,5.46538327032831,0.817217218852796,0.834508741809747,0.651704594076769,0.269664616995791
106.94,0,5.45320649816332,0.816490696780689,0.834614405435161,0.65089066557353,0.272254138151623
106.95,0,5.44123673004159,0.817126034214493,0.833288137103843,0.651401013826377,0.268437521706377
106.96,0,5.42947807417757,0.814613147883582,0.834144723042758,0.652387111913851,0.270208228519038
106.97,0,5.41793459871034,0.818123925017797,0.834484877535062,0.651978531952062,0.270847037226083
106.98,0,5.40661033145934,0.818309431979214,0.833828418091087,0.64918640140685,0.271508440091299
106.99,0,5.39550925972226,0.816467440569853,0.832517302814679,0.653669424591054,0.271610126652975
107,0,5.38463533011376,0.817252056346267,0.835667617408968,0.651247911633936,0.270774570132316
107.01,0,5.37399244844431,0.816584571569219,0.832534835684471,0.65243135517962,0.274179093742319
107.02,0,5.36358447963742,0.817839036391262,0.834897547611575,0.653268451585167,0.270104794063321
107.03,0,5.35341524768445,0.816754332898503,0.833467077949611,0.651493372901703,0.271584283009506
107.04,0,5.34348853563557,0.818130103733081,0.834065830460976,0.652016732260705,0.270757591643038
107.05,0,5.33380808562548,0.818162954872896,0.832709949920908,0.655562059936048,0.269337789170297
107.06,0,5.32437759893279,0.82060139878342,0.83437227291481,0.651891998314507,0.270350053911523
107.07,0,5.31520073607145,0.819185554256152,0.832150396714004,0.654188484885102,0.270405151192318
107.08,0,5.30628111691312,0.819864137910617,0.832647084428522,0.653817710539486,0.270517018818937
107.09,0,5.29762232083877,0.818355611676194,0.834311751015586,0.654259761404811,0.270953052167787
107.1,0,5.28922788691845,0.820872700844285,0.834700016951629,0.653825559046437,0.268777418364632
107.11,0,5.28110131411741,0.821532515946777,0.832006664544375,0.652934530659598,0.269883827860583
107.12,0,5.2732460615274,0.82058376846446,0.832246813857445,0.654920481771741,0.270503387231888
107.13,0,5.2656655486215,0.821722178275062,0.82864607100076,0.655520513460145,0.267981641987868
107.14,0,5.2583631555311,0.821201301188936,0.833155823875023,0.65436908349625,0.26805398383517
107.15,0,5.25134222334349,0.820327866272905,0.831236151443295,0.651577356906146,0.270127027599196
107.16,0,5.24460605441851,0.821969073338673,0.833323308531993,0.656060064082693,0.271836247692147
107.17,0,5.23815791272277,0.822366576386387,0.833479480282796,0.654631689072489,0.269839157486268
107.18,0,5.23200102418002,0.821993255305312,0.830081102605112,0.653317670012015,0.268222098511344
107.19,0,5.22613857703594,0.821245748903566,0.831676047132389,0.655631621160418,0.26902491363216
107.2,0,5.22057372223601,0.821873552142279,0.834256717503098,0.655830603196475,0.269192722350072
107.21,0,5.21530957381483,0.821236176954231,0.831745408273792,0.657000129478871,0.269523933921031
107.22,0,5.21034920929542,0.820881172288109,0.833570199992281,0.655266239944015,0.269398350056872
107.23,0,5.20569567009688,0.82236962015922,0.832731895938077,0.657183272991197,0.269589378734481
107.24,0,5.2013519619491,0.822603161107877,0.831935901598339,0.655229514526274,0.267484837638554
107.25,0,5.1973210553127,0.821389798490786,0.83201996931558,0.655573073429113,0.270754662559901
107.26,0,5.193605885803,0.822207210623276,0.831417468435815,0.654522007532009,0.268581080069272
107.27,0,5.1902093546163,0.822638419550458,0.831989394907111,0.655674397931432,0.26825869370315
107.28,0,5.18713432895716,0.82206916394085,0.831346163176555,0.6561619293809,0.27228679058168
107.29,0,5.18438364246509,0.822074946046283,0.830824122578851,0.653993899795585,0.270788473141871
107.3,0,5.18196009563921,0.8245860150046,0.832434992443093,0.656735079000374,0.268951162790395
107.31,0,5.17986645625948,0.822785670198452,0.829348412939813,0.656300833244252,0.270187144006178
107.32,0,5.17810545980308,0.823530173788996,0.83026841009843,0.655746476767718,0.269609533143867
107.33,0,5.17658128546518,0.822251654949319,0.832777826140033,0.654442486345009,0.268718089498076
107.34,0,5.17511916591295,0.821813904666729,0.828684579541345,0.657375023315427,0.272157952320372
107.35,0,5.17371787615834,0.820336439126395,0.831478693914797,0.655071695130486,0.270909172708911
107.36,0,5.17237788405524,0.822344328083259,0.82963400671807,0.656611770851538,0.268883337604467
107.37,0,5.1710996402542,0.821049503448632,0.831525344111765,0.654253075945268,0.270416954457146
107.38,0,5.16988357797054,0.820688693660197,0.83120061821268,0.657825591568147,0.270683687748505
107.39,0,5.16873011276083,0.821406777324372,0.831463544305777,0.656629233103327,0.2697324434177
107.4,0,5.16763964230772,0.823387189211481,0.831762654415275,0.655195894063543,0.269427913013498
107.41,0,5.1666125462136,0.822334895774907,0.832525703353869,0.656877967221989,0.271672437970605
107.42,0,5.16564918580294,0.821331884434467,0.83157940309782,0.655608178376633,0.273774948247991
107.43,0,5.16474990393371,0.823769263017445,0.831584207814294,0.658307336967176,0.271601257843139
107.44,0,5.16391502481796,0.823330475655506,0.834339557673564,0.657780476120317,0.270176215367135
107.45,0,5.16314485385163,0.825143657294914,0.830114753472906,0.65498323619781,0.271959520889655
107.46,0,5.16243967745388,0.821589449285837,0.831626861867532,0.655836909191016,0.268437357563478
107.47,0,5.16179976291598,0.821003998707157,0.829517378665501,0.658677120517186,0.271467867280446
107.48,0,5.16122535825984,0.818328637013084,0.833177632154927,0.65526533199535,0.268172639725017
107.49,0,5.16071669210647,0.822006600969634,0.833212274869724,0.657603769113005,0.270957200658992
107.5,0,5.16027397355428,0.822693435173113,0.831903316675763,0.655900360250123,0.271257129593447
107.51,0,5.1598973920675,0.819285304953841,0.828106717566621,0.658580538587633,0.270136863585103
107.52,0,5.15958711737469,0.820659199640498,0.830811457796222,0.657372580005758,0.268037125033913
107.53,0,5.18385922811287,0.822212566999388,0.831185298709982,0.656057077130218,0.271143848697579
107.54,0,5.19809246603527,0.820524249831449,0.830599473725546,0.656033727811981,0.271421987067632
107.55,0,5.20632357607652,0.819536967971185,0.832479834087627,0.65884857869832,0.272185669246456
107.56,0,5.21355724886751,0.818894818919721,0.831632353852322,0.657793424927775,0.267718769596386
107.57,0,5.22092768325985,0.819105542734741,0.832737514916688,0.657000174447069,0.270828662963906
107.58,0,5.22864638240308,0.819735800112984,0.829941171262834,0.657676342244419,0.271943511386316
107.59,0,5.23675126223765,0.818041494229931,0.831954230410123,0.655335474445559,0.270892700314956
107.6,0,5.24525021915261,0.819231496113101,0.832602157426233,0.655018939364057,0.27155385530275
107.61,0,5.25414612967451,0.818639003031597,0.833703746869195,0.659221414409143,0.270899291393327
107.62,0,5.26344102597455,0.817526057235668,0.830683601506301,0.655856598492916,0.272186213789332
107.63,0,5.27313677952365,0.819497462107475,0.833446205106307,0.657804827740952,0.270258109829877
107.64,0,5.28323521175203,0.820225129963394,0.831371785345962,0.656793809357031,0.273876186958106
107.65,0,5.29373811161782,0.816695179188153,0.829691136777115,0.655984886012347,0.268620732013513
107.66,0,5.30464723809563,0.815782600523904,0.831775854703097,0.655873121613432,0.271468498542272
107.67,0,5.31596432020044,0.815367727148515,0.829511849574077,0.657140882905171,0.26865711530002
107.68,0,5.32769105658329,0.815623409447801,0.831244416431478,0.657049325104359,0.269007940687336
107.69,0,5.33982911502722,0.814321092298774,0.832516262348043,0.656706368151258,0.269958686039411
107.7,0,5.3523801318963,0.81606731336619,0.831711880427681,0.658477146800181,0.268435852782706
107.71,0,5.36534571154639,0.813415902374749,0.832294983651846,0.659681898243356,0.271028256718198
107.72,0,5.37872742569911,0.817043419617076,0.832449833761527,0.657468867852933,0.269522193065042
107.73,0,5.39252681277911,0.811514867382891,0.831824892886143,0.655627791981295,0.267443514278887
107.74,0,5.40674537721501,0.81009529107106,0.830772576912907,0.656663751284561,0.270242635058526
107.75,0,5.42138458870401,0.810679946968491,0.830624287122045,0.657184584880579,0.270457485719711
107.76,0,5.43644588144057,0.813460643762587,0.832455164578918,0.657401468482294,0.268547125186433
107.77,0,5.45193065330924,0.8118745759169,0.831749850563684,0.656288800327321,0.267748015755373
107.78,0,5.46784026504219,0.812697501453341,0.831412567492873,0.656409515588321,0.268933383565817
107.79,0,5.48417603934158,0.808290310124563,0.833359586454744,0.657511631519966,0.269762598576421
107.8,0,5.50093925996748,0.808893616455866,0.831042478271408,0.653900119477734,0.269821481849487
107.81,0,5.51813117079162,0.811585081602812,0.832267244536525,0.656488764857974,0.269712564384755
107.82,0,5.53575297481761,0.812462589524363,0.833780812184906,0.659241075653768,0.269594786178517
107.83,0,5.55380583316832,0.810075317236366,0.834200355787736,0.657997653384016,0.268934911106604
107.84,0,5.5722908640409,0.809844303365753,0.832191271662025,0.653554336944164,0.269372583413721
107.85,0,5.59120914163034,0.806827271989194,0.832128494970374,0.655736853173706,0.270171422033131
107.86,0,5.61056169502228,0.808552364695678,0.833207636999517,0.658692397939257,0.268790341823314
107.87,0,5.63034950705592,0.804101748050252,0.832684827224756,0.658210448477854,0.271010554202982
107.88,0,5.65057351315785,0.806000962511926,0.83234503696628,0.655817731439581,0.271994003954301
107.89,0,5.671234600148,0.801800516845893,0.83285373435534,0.653816721276387,0.271888136025063
107.9,0,5.69233360501834,0.804460191932828,0.832870907167664,0.656373206069635,0.267192495632714
107.91,0,5.71387131368585,0.801018481282243,0.831852654831628,0.653647132965713,0.270016604336805
107.92,0,5.73584845972052,0.801476308966645,0.834449897189489,0.654493993211458,0.269913170236926
107.93,0,5.75826572304972,0.800522106417343,0.832910315631743,0.657186543256943,0.271029609236165
107.94,0,5.78112372864029,0.800911403375433,0.830895467152437,0.656637836443068,0.2684013309141
107.95,0,5.80442304515949,0.800814785460698,0.834044084873152,0.656790244782908,0.268187533943646
107.96,0,5.82816418361623,0.802791316854444,0.833094980599853,0.654520218522943,0.269231208114473
107.97,0,5.85234759598403,0.799997733068625,0.833374302181597,0.657401729398318,0.26865768440983
107.98,0,5.87697367380726,0.797769056154147,0.834935585267136,0.653883202619171,0.270316950458254
107.99,0,5.902042746792,0.794303319329902,0.831305197627267,0.655428436282542,0.269814448436952
108,0,5.92755508138327,0.796142414535213,0.834740939568288,0.657591132134507,0.269822868874093
108.01,0,5.95351087933038,0.793993201643087,0.831146936246722,0.654131656802599,0.269750944513136
108.02,0,5.97991027624173,0.793050835797932,0.834810033669366,0.652948135500893,0.270451632351193
108.03,0,6.00675334013127,0.79556142261067,0.832074472591056,0.655108165025928,0.271590666508926
108.04,0,6.03404006995814,0.794624425399319,0.835640651024776,0.6556534796087,0.270988952260822
108.05,0,6.06177039416145,0.790916624129721,0.833657991949113,0.655106204889862,0.268795036736258
108.06,0,6.0899441691921,0.792015207112054,0.831864268562369,0.655192137456249,0.270868062891738
108.07,0,6.11856117804367,0.792202557538446,0.832617274059691,0.65135537753224,0.269464783389874
108.08,0,6.14762112878434,0.78952612401037,0.835455845688231,0.651847926489893,0.269933936391226
108.09,0,6.17712365309181,0.790557908934543,0.837029465798302,0.654986218140556,0.271130780380728
108.1,0,6.20706830479355,0.788613185924795,0.83385174240219,0.651952027796807,0.268880690743066
108.11,0,6.2374545584144,0.789134951762784,0.83339096250844,0.653454199677101,0.271232249233134
108.12,0,6.26828180773368,0.786304673431949,0.833124794105407,0.654160696066903,0.2706773716592
108.13,0,6.29954936435411,0.786709544536385,0.835632867476753,0.654712215268188,0.26801697089106
108.14,0,6.33125645628494,0.785626071561395,0.835396278492862,0.652101737534327,0.271914147333817
108.15,0,6.36340222654122,0.787213753630153,0.836406609443213,0.654922994321859,0.270154894741431
108.16,0,6.3959857317621,0.782738790915524,0.834359364801622,0.653331389245928,0.269230361395731
108.17,0,6.42900594085005,0.783345963195949,0.834417791449636,0.652548733163539,0.270939238873763
108.18,0,6.46246173363371,0.77877720739417,0.835661699896343,0.652841536674631,0.270488770461017
108.19,0,6.49635189955674,0.779683197386952,0.835489029689691,0.654802223635733,0.270925331079218
108.2,0,6.530675136395,0.781831564723617,0.836047619018718,0.654268054086946,0.268569419942289
108.21,0,6.56543004900483,0.779854378794288,0.836030646224714,0.650097196217861,0.273637453339102
108.22,0,6.60061514810465,0.780357667120933,0.835705640648799,0.654038175855345,0.272007381100096
108.23,0,6.6362288490925,0.778482894999616,0.838001584742962,0.654165116290596,0.268883616243746
108.24,0,6.67226947090222,0.776256986797777,0.835890063901461,0.650848937634256,0.269254805952282
108.25,0,6.7087352349005,0.773538370347568,0.833650204157358,0.653416783796011,0.27200396922849
108.26,0,6.74562426382768,0.773149814156702,0.836137111428887,0.652330298603566,0.270891939473427
108.27,0,6.78293458078468,0.775874734159951,0.836575003195068,0.652070248195864,0.269489747473659
108.28,0,6.82066410826849,0.771301226074898,0.836916199827195,0.651542172410728,0.269232070581462
108.29,0,6.85881066725917,0.770777078495012,0.837291841992496,0.651547216660998,0.272663882826626
108.3,0,6.89737197636056,0.769650874795238,0.83716054828136,0.651438012860401,0.26860029920244
108.31,0,6.93634565099729,0.766999662965007,0.837199729796645,0.650865563856744,0.268220115862741
108.32,0,6.97572920267075,0.769128619538902,0.837476424985218,0.649919783723121,0.269468237511405
108.33,0,7.01552003827651,0.768399522176468,0.836824028184416,0.649090822897959,0.27003863856411
108.34,0,7.05571545948539,0.764220510236504,0.835953111958179,0.648100214005329,0.270375092225659
108.35,0,7.09631266219112,0.767441415563654,0.836193571101617,0.651410654151216,0.268162743797284
108.36,0,7.13730873602662,0.763499483690237,0.837889975290788,0.651139777842914,0.272276418317723
108.37,0,7.17870066395137,0.764284365348574,0.837116127067036,0.64939962746915,0.268624505768079
108.38,0,7.22048532191238,0.762151995405671,0.836219216964553,0.650121378016217,0.270459100431492
108.39,0,7.26265947858107,0.759557192220669,0.840553911647825,0.65127624770748,0.271185236805788
108.4,0,7.30521979516784,0.761119916903637,0.840720030635674,0.650595502102978,0.269511961976617
108.41,0,7.34816282531738,0.75900493916955,0.834912335870877,0.649239897529403,0.270125585647207
108.42,0,7.39148501508615,0.759634421666111,0.837271723328836,0.650272308275693,0.271422990867934
108.43,0,7.43518270300447,0.757320411729517,0.838646126273997,0.649012439824061,0.270547631103583
108.44,0,7.47925212022516,0.758137283498762,0.837919064684323,0.651938364169651,0.268244623967842
108.45,0,7.52368939076079,0.756200885947447,0.837497856722384,0.648835992806143,0.270376140913076
108.46,0,7.56849053181121,0.755148022075027,0.84222043074827,0.650457368193011,0.268241893435377
108.47,0,7.61365145418348,0.752940611332803,0.838333226521367,0.647949698959207,0.270336804840784
108.48,0,7.65916796280564,0.754341802166763,0.84159491241337,0.648089592864981,0.268583598416094
108.49,0,7.70503575733619,0.751946092917935,0.836397191123559,0.648958411498916,0.268585756149631
108.5,0,7.7512504328707,0.75128052435479,0.83946752896994,0.649123588440632,0.26980992680326
108.51,0,7.79780748074705,0.749496038474516,0.839745303205675,0.650533218390302,0.270349363845101
108.52,0,7.84470228945073,0.745503387360515,0.83888636899094,0.649053592856135,0.269901983707207
108.53,0,7.89193014562137,0.744025663635348,0.838782237257749,0.647023824439775,0.269295146491514
108.54,0,7.9394862351617,0.745195882727562,0.839689465833417,0.648421035190055,0.272554061129415
108.55,0,7.98736564445001,0.742102967456286,0.840809173950168,0.647223706535561,0.268852917951157
108.56,0,8.03556336165704,0.741979340210713,0.839689917481127,0.648817339724374,0.271341528447878
108.57,0,8.08407427816811,0.742185008107177,0.841215241706302,0.646879629557881,0.267864839358987
108.58,0,8.13289319011115,0.740151468149354,0.840885167055668,0.64552583776,0.270065040423793
108.59,0,8.18201479999139,0.739270811862891,0.841970821576433,0.647781505935932,0.270116910182102
108.6,0,8.23143371843287,0.737959498549409,0.842468684022702,0.645281967782202,0.268015128018072
108.61,0,8.28114446602739,0.739004361645339,0.841509163447023,0.647321891723752,0.269170337080882
108.62,0,8.33114147529096,0.738254748197349,0.840128761806795,0.643418130635524,0.270863509175875
108.63,0,8.38141909272774,0.738572418060381,0.840885085846246,0.645805599516047,0.26965133275471
108.64,0,8.43197158100158,0.732228223068013,0.840683848440562,0.647078006217232,0.270721055996606
108.65,0,8.48279312121485,0.732359545099605,0.841970766544014,0.647565478587189,0.269479510030059
108.66,0,8.53387781529412,0.731473067397518,0.843196097743324,0.645763896466933,0.272692322907321
108.67,0,8.58521968848242,0.732887388235871,0.841270389336475,0.647679476688567,0.266559830228835
108.68,0,8.63681269193724,0.733679862604642,0.841471211824969,0.646240595466117,0.269486131195216
108.69,0,8.68865070543358,0.727701117352229,0.841296838068818,0.644848376669193,0.272481467265026
108.7,0,8.74072754017121,0.730369211051731,0.84197266864901,0.647434325268179,0.272156652794154
108.71,0,8.79303694168487,0.727889833991897,0.844015518767099,0.646313839370929,0.267753235442689
108.72,0,8.8455725928564,0.728560976314708,0.846013955845304,0.646967982563289,0.272719136960826
108.73,0,8.89832811702727,0.72556642280851,0.843575760576099,0.645405878358326,0.266970270124356
108.74,0,8.95129708121012,0.725660576251126,0.845699015357618,0.647350480121699,0.269972343239928
108.75,0,9.0044729993977,0.726863833578773,0.84428091851408,0.646035002801628,0.268996746760887
108.76,0,9.0578493359672,0.723267535701124,0.844409816825368,0.644734960906477,0.269175070381213
108.77,0,9.1114195091782,0.721532320023546,0.845313636750586,0.645920230690057,0.267674361477422
108.78,0,9.16517689476219,0.720553688610107,0.843472176990347,0.644351117820525,0.269670677495851
108.79,0,9.21911482960124,0.719692631557349,0.845411486585686,0.645944810199002,0.272557192420515
108.8,0,9.2732266154936,0.719463417755605,0.847149848497485,0.644905115479563,0.269256229798365
108.81,0,9.32750552300374,0.717407576631644,0.845403478799809,0.644953020416972,0.267215757469379
108.82,0,9.381944795394,0.716732272789328,0.845735321252112,0.644311714933436,0.269939834177211
108.83,0,9.43653765263537,0.716813090113799,0.845381214757841,0.645081863068642,0.272951323104963
108.84,0,9.49127729549408,0.712673066240013,0.84611340989439,0.644935079746045,0.270172137853178
108.85,0,9.54615690969142,0.714834341834789,0.846908324279163,0.645051022093496,0.271391649289132
108.86,0,9.60116967013328,0.7147396564458,0.845839450727949,0.643657104250183,0.267881840063073
108.87,0,9.65630874520624,0.713854699309174,0.847609992981783,0.64519884967678,0.270648002464054
108.88,0,9.71156730113681,0.711602850517474,0.846352111824113,0.643290378865018,0.26950119516538
108.89,0,9.76693850641041,0.711238978001757,0.849242791887601,0.644419075534677,0.268207652455314
108.9,0,9.82241553624614,0.708860051336695,0.84718192862007,0.64368182480802,0.269382342434203
108.91,0,9.87799157712397,0.706927980068359,0.848875041899666,0.645113178218001,0.270190496281366
108.92,0,9.93365983136039,0.70729894572678,0.849618764752732,0.644892407774777,0.268763778507155
108.93,0,9.98941352172839,0.705568368659177,0.849834098839325,0.642412695671168,0.26892164822437
108.94,0,10.0452458961181,0.705877427310839,0.847783107833936,0.64517850629822,0.270422876271334
108.95,0,10.1011502322338,0.705142537903458,0.848553864120007,0.643576141270174,0.270512337222746
108.96,0,10.1571198423228,0.70238518358347,0.848043426834921,0.644641963560348,0.269550588249058
108.97,0,10.2131480779331,0.701173649441154,0.852012951804233,0.643080575406239,0.268726205552039
108.98,0,10.2692283346934,0.701950127609024,0.843943395071945,0.641810710323809,0.269813547816409
108.99,0,10.3253540571138,0.700169510849983,0.849121447256752,0.642000832867436,0.270729064615183
109,0,10.3809598593016,0.700155935847361,0.850069999492713,0.642512668959011,0.270632556186988
109.01,0,10.4355637703997,0.698590612347109,0.850149698516579,0.643274305770216,0.268985906939389
109.02,0,10.4898882015821,0.694369635424095,0.847643967733036,0.644683950001947,0.270907877842206
109.03,0,10.5441644690118,0.695434855040952,0.849014399483415,0.644124817773213,0.267309689887433
109.04,0,10.5984340040953,0.695114179437696,0.852324291023778,0.642139481856194,0.269852846528857
109.05,0,10.6526991414354,0.693875385110189,0.848524389481968,0.643515305079127,0.270597718385575
109.06,0,10.7069554124687,0.696062108634622,0.850172501790188,0.644265015336231,0.268721272856834
109.07,0,10.7611973054533,0.694186179582073,0.850949689474028,0.643456062304664,0.267818258662075
109.08,0,10.8154192215963,0.694220528534877,0.853485241395651,0.641978458838117,0.268428276253671
109.09,0,10.8696156311913,0.68957216752832,0.851338120351593,0.642078351526035,0.269289222781714
109.1,0,10.9237811017522,0.68960339121214,0.851401734687452,0.643757613605068,0.269582473264425
109.11,0,10.9779103060624,0.69061128643,0.850890373112668,0.642481119402529,0.269026287431211
109.12,0,11.0319980270744,0.689767583057685,0.855868632687319,0.645464803808257,0.270992481938313
109.13,0,11.0860391622854,0.684580811325099,0.852717627688309,0.641143997954378,0.270138725411186
109.14,0,11.140028727988,0.688438040407329,0.854096074976081,0.643085198539728,0.270680984645191
109.15,0,11.1939618634561,0.686743299792658,0.850409053688264,0.643548926147639,0.272734770917955
109.16,0,11.2478338350694,0.687528739057654,0.852173279402464,0.645308800941844,0.269262492517018
109.17,0,11.3016400403761,0.683295096893302,0.852031924950815,0.641226322357311,0.270002643371772
109.18,0,11.3553760120885,0.682377594015453,0.855577870986617,0.644039504030843,0.270102120023545
109.19,0,11.409037422008,0.68392680330424,0.852679891642194,0.641582279993684,0.270806243221202
109.2,0,11.4626200848772,0.682561550337218,0.855430269382321,0.641215081371189,0.271106860429654
109.21,0,11.5161199621529,0.677872390411998,0.855135528397755,0.641640451430049,0.268089057879637
109.22,0,11.5695331656988,0.68064775397458,0.853038001659931,0.643035830239594,0.270459099613379
109.23,0,11.6228559613927,0.681889922470032,0.855159029990459,0.643433020195537,0.268875922846052
109.24,0,11.6760847726458,0.67883497125041,0.857396870716075,0.641412039779243,0.271863401063643
109.25,0,11.7292161838312,0.679500893950949,0.855067379045356,0.646235953389035,0.27005269743696
109.26,0,11.7822469436161,0.677294495034584,0.855017387223396,0.64330407890259,0.271211154590956
109.27,0,11.8351739681981,0.678252386837831,0.854604456794958,0.64623985529077,0.271941105091701
109.28,0,11.88799434444,0.675518488906534,0.853765508820454,0.64282398463754,0.272054189486705
109.29,0,11.9407053329008,0.673591135554371,0.857639092414348,0.645555867909956,0.272888777329447
109.3,0,11.9933043707618,0.672635614940022,0.856050862211275,0.64427165746582,0.271131251987471
109.31,0,12.0457890746425,0.671926946033198,0.854112881890564,0.641266786766575,0.268384303316924
109.32,0,12.098157243307,0.67166979800803,0.856043868214496,0.643375385315115,0.269990952981275
109.33,0,12.1504068602555,0.671845201891919,0.859516816575949,0.641046115083714,0.268291383679973
109.34,0,12.2025360962016,0.671902846300833,0.857819156493638,0.644623216241866,0.2688643654463
109.35,0,12.2545433114312,0.671964701973332,0.860589247217427,0.643226292063703,0.268698098280716
109.36,0,12.3064270580421,0.666875819662169,0.859945372786743,0.641980178774033,0.270852284318812
109.37,0,12.3581860820632,0.667850422041341,0.857752566909982,0.64498087524015,0.269253292721554
109.38,0,12.4098193254502,0.669755146430392,0.857271387271708,0.643342669725524,0.269534095240422
109.39,0,12.4613259279577,0.665925476999002,0.858279055720745,0.642057441143239,0.27263820648498
109.4,0,12.5127052288859,0.666057000626449,0.859530439645878,0.643966857972598,0.269934651585957
109.41,0,12.5639567687006,0.665165594754594,0.859105533577594,0.644023194417212,0.270554276448074
109.42,0,12.6150802905258,0.665351118393176,0.859200618299187,0.64434879882401,0.270495160991731
109.43,0,12.6660757415088,0.664992299635985,0.857692173003997,0.645126589000973,0.271384872312965
109.44,0,12.7169432740549,0.66173892508309,0.861007361463792,0.644650153349263,0.266831317524892
109.45,0,12.7676832469343,0.663127321603508,0.857568702500066,0.643415582673638,0.267237649584028
109.46,0,12.8182962262579,0.662340126321943,0.86097761126567,0.643891061251112,0.27215413180527
109.47,0,12.8687829863239,0.664779407188823,0.862262753476163,0.64346339419276,0.268586599770907
109.48,0,12.9191445103338,0.659983921203748,0.858486895084605,0.642921576313437,0.271722746707887
109.49,0,12.9693819909789,0.660472941290029,0.859092640769521,0.644381046792568,0.271252252188141
109.5,0,13.0194968308964,0.65911117698729,0.860709566492826,0.644653443193975,0.267484599496495
109.51,0,13.0694906429963,0.659966223210145,0.859867782750626,0.647500703125022,0.269855930210352
109.52,0,13.1193652506597,0.659983482369849,0.860489369214685,0.64422889877765,0.268531529698076
109.53,0,13.1691226878084,0.657692912571331,0.863466640775421,0.642411867798021,0.270607123990984
109.54,0,13.2187651988467,0.659805471971196,0.86334179778225,0.645625979349118,0.272736356508488
109.55,0,13.2682952384773,0.655297457174419,0.86153147626447,0.643427321373511,0.272562544687598
109.56,0,13.3177154713909,0.655018441779248,0.863448711538931,0.645684118575475,0.269143668319968
109.57,0,13.3670287718316,0.653810381719139,0.861873896520654,0.643373201814353,0.268975838589102
109.58,0,13.4162382230391,0.655608293128911,0.863880109744964,0.646989583190321,0.27087684007921
109.59,0,13.4653471165688,0.652961276981876,0.86210493960557,0.648474581541447,0.269865444459704
109.6,0,13.5143589514923,0.652950818500082,0.862220397412047,0.645495364489058,0.272109756912926
109.61,0,13.5632774334778,0.650500818079302,0.866145011677548,0.644987988477961,0.27130064667255
109.62,0,13.6121064737552,0.650167833826493,0.864066751914522,0.646439592579037,0.270016478018327
109.63,0,13.6608501879644,0.648421091412331,0.865221803982981,0.646421910801468,0.27171597535609
109.64,0,13.7095128948913,0.648329201212814,0.866379557057061,0.643623390616373,0.268583498135933
109.65,0,13.7580991150919,0.649393901225107,0.865825966428331,0.646401091294673,0.2697642559978
109.66,0,13.8066135694074,0.648810131528944,0.864844892792992,0.646800194240156,0.27097660787125
109.67,0,13.855061177372,0.648809661599664,0.862200560600916,0.646181610137671,0.268089532841865
109.68,0,13.903447055516,0.646152989145661,0.864563331600242,0.64642207819077,0.271739059777602
109.69,0,13.9517765155659,0.644284049184813,0.866501104498068,0.647639533809287,0.269841340925042
109.7,0,14.0000550625448,0.646178127650476,0.86778462848091,0.643195886280738,0.269175634543078
109.71,0,14.0482883927744,0.648719207869262,0.865672102635087,0.645730022971636,0.272962560252441
109.72,0,14.0964823917815,0.643009602454478,0.868146501845904,0.64747191349649,0.272011799754132
109.73,0,14.1446431321126,0.645028784421644,0.867896097398255,0.645168515424178,0.270049093394898
109.74,0,14.1927768710567,0.644530477764879,0.869609681315558,0.64776578024404,0.270695752364361
109.75,0,14.2408900482814,0.641531929130947,0.870761034723742,0.648294929490519,0.269259089977394
109.76,0,14.2889892833837,0.643413232098845,0.867986162413497,0.645122104395066,0.27288885965175
109.77,0,14.3370813733575,0.640366889352139,0.867898206649917,0.645753724572287,0.269051948137099
109.78,0,14.3851732899824,0.641642300834391,0.868881590854712,0.647474245702495,0.269716875042013
109.79,0,14.4332721771342,0.641423234513069,0.868487133774768,0.647633107246653,0.270139790635895
109.8,0,14.4813853480216,0.638998530543401,0.869067063261608,0.645818031755148,0.269170453468869
109.81,0,14.5295202823507,0.639919126172236,0.871266065948676,0.648767967191244,0.271143433629233
109.82,0,14.5776846234205,0.63846631258564,0.870150300375802,0.64952908614773,0.270133757224291
109.83,0,14.6258861751516,0.639101002914919,0.869902698223173,0.647741240059772,0.268363212668236
109.84,0,14.6741328990513,0.635760682868829,0.871618347097863,0.651372521128454,0.270740244640228
109.85,0,14.7224329111172,0.638381028714031,0.872326803231163,0.650585542259723,0.269912788912345
109.86,0,14.7707944786828,0.637642170202424,0.871770568365908,0.647452975649507,0.268697699846532
109.87,0,14.8192260172059,0.635321670211357,0.872212694979166,0.647794201902503,0.269148038079937
109.88,0,14.8677360870047,0.635201925132278,0.873188853847487,0.649564662040274,0.271576376215269
109.89,0,14.9163333899421,0.631661862569824,0.871768569921709,0.646029039273688,0.27020543747314
109.9,0,14.9650267660619,0.634315545282115,0.873446389318611,0.651040971976194,0.27007463838863
109.91,0,15.0138251901787,0.631178524599388,0.871903776736283,0.649019943651166,0.270372660816475
109.92,0,15.062737768424,0.631959199466371,0.871020460151629,0.648388581347826,0.27070587118017
109.93,0,15.1117737347515,0.629272296338288,0.872727772499887,0.649927598240216,0.268806621078941
109.94,0,15.1609424474018,0.631169120270649,0.872858547257643,0.648918340716748,0.268924631634762
109.95,0,15.2102533853322,0.632215200632402,0.874469770225345,0.649222018210053,0.271619097326707
109.96,0,15.2597161446098,0.631319643446255,0.875710022318403,0.650606455284083,0.268345118916004
109.97,0,15.3093404347731,0.631551026438784,0.875513099314443,0.650029857354507,0.268395569352811
109.98,0,15.3591360751618,0.628675951354636,0.875189571661153,0.649019522639527,0.26934911896276
109.99,0,15.409112991219,0.626759561989987,0.875048743559984,0.649733935855936,0.269002702613076
110,0.85,15.4592812107653,0.629132755959784,0.87392459300107,0.648333855447121,0.26911781814809
110.01,0.85,15.509650860248,0.628673662300126,0.875684282935177,0.650978339587356,0.267494133124329
110.02,0.85,15.5602321609669,0.625203801078856,0.874956524605228,0.654730542173645,0.269566444277484
110.03,0.85,15.6110354252784,0.626609349931343,0.871620294389509,0.650296550012731,0.267642691101071
110.04,0.85,15.662071052778,0.623692559396587,0.874985253951663,0.648801534684645,0.268305706093759
110.05,0.85,15.7133495264655,0.626243106752013,0.874542600414487,0.651351313440189,0.268034074346625
110.06,0.85,15.7648814088908,0.623862776092014,0.876129530848609,0.650749903268568,0.270636941694853
110.07,0.85,15.8166773382844,0.623981568182246,0.876624180189784,0.652541494170956,0.269848582333948
110.08,0.85,15.8687480246722,0.621718631089815,0.875734590084156,0.651741960122479,0.270327116157723
110.09,0.85,15.921104245976,0.624788625008563,0.877303140903427,0.64840038039749,0.271632970872908
110.1,0.85,15.9737568441008,0.620494734145778,0.879134732665422,0.652463749811465,0.269441196619589
110.11,0.85,16.0267167210101,0.62124325680225,0.876979282328802,0.649185505083248,0.270137399680011
110.12,0.85,16.0799948347886,0.620161196992907,0.878442738114945,0.654929095834188,0.270297242232579
110.13,0.85,16.1336021956952,0.618606866200566,0.878609628897739,0.650227931023112,0.271719097422947
110.14,0.85,16.187549862205,0.618787745973335,0.881081197578154,0.652751971638192,0.270452957509502
110.15,0.85,16.2418489370414,0.620048136283241,0.877138653167284,0.655188878869093,0.268748493268406
110.16,0.85,16.296510563199,0.61809139709753,0.87921538385167,0.654679706999309,0.27040375769807
110.17,0.85,16.3515459199578,0.617603287484711,0.878983225695521,0.653720987189047,0.268357540174687
110.18,0.85,16.4069662188877,0.619303298445435,0.881085625067932,0.649988502911062,0.269664765389448
110.19,0.85,16.4627826998451,0.617601670438391,0.880311100959725,0.652883065014953,0.270645717935395
110.2,0.85,16.5190066269602,0.615175516198604,0.88207696547326,0.653463139041082,0.270421438300005
110.21,0.85,16.5756492846164,0.616541214451522,0.880736870280804,0.655125423955208,0.271503129735224
110.22,0.85,16.6327219734197,0.616933835798853,0.878151140642113,0.653715364038187,0.268160706608228
110.23,0.85,16.6902360061606,0.615289208962242,0.882481794977829,0.653566302748452,0.271187340704941
110.24,0.85,16.7482027037652,0.614770036050362,0.880686061996718,0.652305098439313,0.270769186939571
110.25,0.85,16.8066333912379,0.612755740830975,0.880278312101595,0.653983954588855,0.271041872152094
110.26,0.85,16.8655393935933,0.611890166377448,0.885231388033155,0.653687030128275,0.271092969368779
110.27,0.85,16.9249320317776,0.609660994042935,0.882198305447245,0.6537496341472,0.269848112413341
110.28,0.85,16.9848226185791,0.609829456550837,0.882512603941116,0.655752217838145,0.269088478970257
110.29,0.85,17.0452224545264,0.610386447204751,0.882301763536531,0.653630366916101,0.270292771118945
110.3,0.85,17.106142823775,0.610241509324142,0.881609168917378,0.654229334549373,0.269632459299325
110.31,0.85,17.1675949899793,0.608943403794443,0.883330834443279,0.656147836234729,0.267524471152011
110.32,0.85,17.2295901921515,0.608646731141793,0.883240000000091,0.653028477087504,0.269546476981781
110.33,0.85,17.2921396405054,0.604724896055891,0.882848433074885,0.65459600204396,0.268013296396221
110.34,0.85,17.3552545122833,0.606266693072645,0.884926457955128,0.656255364037814,0.266724383955188
110.35,0.85,17.4189459475672,0.605448280673683,0.885060503326755,0.650293805096912,0.269219776831928
110.36,0.85,17.4832250450716,0.605991607340794,0.885327500773876,0.654001085500034,0.270749931231584
110.37,0.85,17.5481028579164,0.604854609367733,0.88301018578138,0.655068984299005,0.268559808888151
110.38,0.85,17.6135903893814,0.603444807508344,0.885544480011883,0.653461936798938,0.269686812332772
110.39,0.85,17.6796985886378,0.599760923549737,0.885730990937989,0.655291942022542,0.270138136802876
110.4,0.85,17.7464383464584,0.603422038358773,0.888530050064198,0.656520247429848,0.267683731094759
110.41,0.85,17.8138204909037,0.59985184497456,0.885899135393503,0.655198035674654,0.268807802282566
110.42,0.85,17.8818557829835,0.599367385012958,0.886077275637052,0.654318401866854,0.268356391259673
110.43,0.85,17.950554912292,0.603594044566644,0.886773317951038,0.655289918075893,0.268027912720261
110.44,0.85,18.0199284926163,0.601899768956284,0.885708730717983,0.652339443348084,0.269363508897551
110.45,0.85,18.0900845448198,0.601077632634677,0.883921523766389,0.656357119838344,0.267533732943414
110.46,0.85,18.162250197635,0.600032581648734,0.887828964662669,0.656553660747389,0.272042175162097
110.47,0.85,18.2359620934869,0.596262857806094,0.890741856562553,0.657829794154203,0.269720368559062
110.48,0.85,18.3106330061305,0.598835521441294,0.887235781165585,0.656747966014594,0.271489681987281
110.49,0.85,18.3861110999762,0.596382556442802,0.887888568254042,0.657710020646425,0.270410473277437
110.5,0.85,18.4623703049199,0.596973698771491,0.889769234486007,0.655105752286579,0.26989798753954
110.51,0.85,18.5394132851648,0.598314360505407,0.88927723280855,0.65594417978975,0.269050096253532
110.52,0.85,18.6172488252618,0.59434173333147,0.886733619850706,0.658506868421935,0.270368119858546
110.53,0.85,18.695886917856,0.594282264976625,0.886154803907365,0.656854332505517,0.268665373939467
110.54,0.85,18.775337715799,0.593827179341391,0.886711278058815,0.656969702448848,0.269635443239297
110.55,0.85,18.8556113069196,0.591964992487515,0.88876336960129,0.655455030304319,0.272092669250061
110.56,0.85,18.9367176625659,0.592329168329713,0.889930131572148,0.658447944768499,0.270455986205009
110.57,0.85,19.0186666227437,0.592197995159925,0.889818749163565,0.655108004979328,0.270104983610186
110.58,0.85,19.1014678889296,0.588772529595341,0.89065934212703,0.655690124856734,0.269465415798032
110.59,0.85,19.1851310184606,0.591969309670231,0.893020441453928,0.656440935139688,0.2694643246566
110.6,0.85,19.2696654192157,0.588995997242074,0.889329199479268,0.658209641406203,0.272040465918303
110.61,0.85,19.3550803443153,0.587667469411185,0.892857358914452,0.658512077370741,0.270206593326383
110.62,0.85,19.4413848867837,0.58732425254269,0.89008887590049,0.655400964272573,0.270003184426547
110.63,0.85,19.5285879741592,0.586437257499006,0.890186916316184,0.657021179280791,0.270611896596527
110.64,0.85,19.6166983630504,0.586078824541208,0.892355013820119,0.659058722496304,0.26932683604455
110.65,0.85,19.7057246336366,0.582145787812724,0.891995107886247,0.657775310471604,0.269611405108677
110.66,0.85,19.7956751841136,0.582958752124406,0.892073335767893,0.658991291615877,0.268712928814622
110.67,0.85,19.8865582250819,0.583063872225413,0.891916140043207,0.657135226665904,0.270195000360521
110.68,0.85,19.9783817738808,0.582231938935015,0.893777249486319,0.658610008096467,0.269018553427387
110.69,0.85,20.0711536488647,0.581698009608486,0.895141745484819,0.658383928449691,0.267251490689875
110.7,0.85,20.1648814636253,0.579721773341871,0.895922760015111,0.654348482855437,0.267607528874222
110.71,0.85,20.2576974722679,0.57962282570476,0.892704020201538,0.656268847577637,0.270188609904459
110.72,0.85,20.3355539008548,0.578218529776335,0.893592536123927,0.657267578642741,0.27168298881301
110.73,0.85,20.4055916705977,0.577059484994624,0.894891555502936,0.655242555563859,0.271547748415246
110.74,0.85,20.474177719686,0.575881856174896,0.892595240878503,0.654142018498234,0.270702154291403
110.75,0.85,20.5280722978865,0.575588037588733,0.894703512698568,0.65731520266934,0.269663198602299
110.76,0.85,20.5584188352684,0.577536864915975,0.896367209183099,0.658396136370499,0.266811486081132
110.77,0.85,20.5818413714867,0.576160241428798,0.895018487509391,0.65771230348752,0.268508660990151
110.78,0.85,20.604076635035,0.578994680167168,0.896266820586618,0.658093543408628,0.268796421604987
110.79,0.85,20.6264928989798,0.575776855211583,0.89590558344906,0.653929544344956,0.270575879512554
110.8,0.85,20.6493886362303,0.575053032244651,0.896361129249763,0.654671695715895,0.271152166304402
110.81,0.85,20.6728252740451,0.578232150332254,0.8976886435963,0.65826270913361,0.271595838191915
110.82,0.85,20.6968130862683,0.575824150532819,0.896065193615031,0.657257355289996,0.271872310842241
110.83,0.85,20.7213512509614,0.577783579831361,0.895207507694775,0.658039342424687,0.271982758868536
110.84,0.85,20.7464363805121,0.577150929311405,0.895755656049698,0.65876649287659,0.268435630870846
110.85,0.85,20.7720643291049,0.576198593093568,0.897121601465556,0.658815523259741,0.268861586815731
110.86,0.85,20.7982305743025,0.574614928412299,0.900591084837108,0.656105094764495,0.271205934679302
110.87,0.85,20.8249302970102,0.575753230873991,0.896556419391713,0.656320417581122,0.268162336385774
110.88,0.85,20.8521583977833,0.574932364818978,0.902031605646234,0.659716193067175,0.268904633259665
110.89,0.85,20.8799094997526,0.57480893554656,0.897759263059713,0.65658149932657,0.274376622427197
110.9,0.85,20.9081779487748,0.576647842518533,0.897286412550465,0.656493293191213,0.269478576402937
110.91,0.85,20.9369578130473,0.576620509682789,0.898761756324726,0.655896060153289,0.269737335544412
110.92,0.85,20.9662428826565,0.573753415735956,0.897857512509605,0.654588562298267,0.269522936866563
110.93,0.85,20.9960266691652,0.574839719464088,0.900865213122482,0.656988588628143,0.270933406782417
110.94,0.85,21.0263024052609,0.575372803857931,0.898265069109812,0.654356238079569,0.270210548050793
110.95,0.85,21.0570630444725,0.574161140213618,0.899372792721601,0.655021671261912,0.269592552864385
110.96,0.85,21.0883012609607,0.574872838035669,0.899874425897357,0.657026661997623,0.267659495390612
110.97,0.85,21.1200094493851,0.574901287878297,0.897672223733636,0.65638031049482,0.274514875287414
110.98,0.85,21.1521797248517,0.571647338785203,0.898445921279963,0.656548610510713,0.27135390626946
110.99,0.85,21.1848039229443,0.573348326666582,0.901010266269856,0.655450350473957,0.270280724634378
111,0.85,21.2178735998431,0.575690145895885,0.901593011023796,0.654396608060064,0.267305231075703
111.01,0.85,21.251380032535,0.570123557081375,0.90288841071183,0.657460276798748,0.270851984361662
111.02,0.85,21.2853142191187,0.572620885248861,0.899314346297866,0.65531942280389,0.271624969606346
111.03,0.85,21.3196668792088,0.573308604200561,0.902770882158062,0.656088975674068,0.270524853062498
111.04,0.85,21.3544284544414,0.573635594583006,0.90064709564386,0.653691413613681,0.273254201020911
111.05,0.85,21.3895891090875,0.572541286990789,0.903308707035161,0.65519733050271,0.270051974970551
111.06,0.85,21.4251387307763,0.572553698327549,0.90375099139645,0.657071100997742,0.268911711991278
111.07,0.85,21.4610669313315,0.572542503143867,0.90105610992578,0.653759484304484,0.273051400956475
111.08,0.85,21.4973630477279,0.570070532644363,0.901182902874468,0.655428869862393,0.269642498972898
111.09,0.85,21.5340161431676,0.572214854308889,0.901970639816886,0.65702120352235,0.269411442257101
111.1,0.85,21.5710150082841,0.569629703241214,0.90147974194541,0.656330873928311,0.270553526994899
111.11,0.85,21.6083481624747,0.570982512386126,0.903917255394315,0.654256604715631,0.271104004621901
111.12,0.85,21.6460038553679,0.572211922274018,0.90349250264737,0.655427001779372,0.26936403842319
111.13,0.85,21.6839700684271,0.569080572000248,0.90503119746418,0.655238886244588,0.266786992147367
111.14,0.85,21.7222345166966,0.571384359864174,0.903113496346919,0.656922694123908,0.267854377208896
111.15,0.85,21.7607846506922,0.573034348813583,0.903865628076371,0.654679301064069,0.270463005296154
111.16,0.85,21.7996076584409,0.569787851938552,0.903878465155138,0.657470981124213,0.269900038636012
111.17,0.85,21.8386904676731,0.570343051495284,0.902972125701375,0.653159618584233,0.270893227068648
111.18,0.85,21.878019748171,0.571332076458558,0.904994138717755,0.652844981664837,0.268905827610116
111.19,0.85,21.9175819142762,0.567286590094943,0.903642034207613,0.653666143959251,0.270745116923092
111.2,0.85,21.9573631275613,0.567703261770581,0.904637131976216,0.654816543136196,0.270274889255402
111.21,0.85,21.9973492996669,0.568687819193129,0.905696274605041,0.653509552030412,0.268562065382469
111.22,0.85,22.0375260953094,0.566463660196306,0.905509287442773,0.655734306043706,0.272551688673869
111.23,0.85,22.0778789354605,0.568029210024002,0.904757061148771,0.653614068665128,0.271114100384121
111.24,0.85,22.1183930007032,0.566847436570161,0.905680792129416,0.653095999126073,0.269249426993962
111.25,0.85,22.1590532347671,0.567196309939556,0.904001899751242,0.654496716942409,0.269974231463067
111.26,0.85,22.1998443482435,0.567746118597308,0.905086189167779,0.653244486092094,0.270574692914026
111.27,0.85,22.2407508224865,0.566721552623429,0.906081081146754,0.654715875210536,0.272936677024883
111.28,0.85,22.2817569136993,0.565938084404345,0.907413451488582,0.653057863886541,0.273235932426178
111.29,0.85,22.32284665721,0.568463642161161,0.907034671440433,0.650202103167013,0.26964273648808
111.3,0.85,22.3640038719382,0.566537808335144,0.904848922124617,0.653125115295239,0.271247884371977
111.31,0.85,22.4052121650542,0.567530294518457,0.905763948058905,0.65219418815987,0.269388985387995
111.32,0.85,22.4464549368332,0.567632635770989,0.907664623495817,0.65170636920575,0.268446430156279
111.33,0.85,22.4877153857057,0.565739793852478,0.907357658427559,0.650857305051172,0.267012531246935
111.34,0.85,22.5289765135048,0.564895097929819,0.907710138247391,0.652728973219605,0.270972660889792
111.35,0.85,22.5702211309131,0.56562427254931,0.907307245920052,0.653818429985041,0.268951666147767
111.36,0.85,22.6114318631081,0.565554658557233,0.907904772252647,0.651879725169265,0.272661190826416
111.37,0.85,22.6525911556085,0.563937388132456,0.906859339293299,0.652648564416101,0.270389048139582
111.38,0.85,22.6936812803211,0.566494187393892,0.908275605663011,0.651255644010198,0.270505334323215
111.39,0.85,22.7346843417885,0.565736103487721,0.908632768899159,0.652503928677388,0.270308173313486
111.4,0.85,22.775582283637,0.565560059937781,0.910699838418743,0.652568575205573,0.268934278151532
111.41,0.85,22.8163568952258,0.563161488190718,0.90845675304234,0.651960017236217,0.27222727608373
111.42,0.85,22.856989818496,0.563957379703648,0.90796027395587,0.652654520772828,0.269518742107002
111.43,0.85,22.8974625550178,0.563395160342701,0.908744380521802,0.65208644869545,0.268922317738718
111.44,0.85,22.9377564732368,0.564193596258493,0.908473142251483,0.64946636098389,0.271615523262488
111.45,0.85,22.9778528159159,0.561844986366937,0.911415137209386,0.647864558794362,0.270522950671085
111.46,0.85,23.0177327077725,0.562482203854199,0.910122909479234,0.650602890347491,0.269135394198774
111.47,0.85,23.0573771633083,0.561742267658125,0.9096214336833,0.649406215912096,0.270232119663438
111.48,0.85,23.0967670948298,0.560709900149481,0.909537997648353,0.651053681593407,0.268638198981495
111.49,0.85,23.1358833206566,0.56269284029561,0.911641374693326,0.649590265446476,0.270806305739215
111.5,0.85,23.1747065735154,0.561287617382641,0.906933880687613,0.650004827476894,0.26946524277767
111.51,0.85,23.2132175091147,0.56280263998194,0.913619033794733,0.649120838140046,0.271793868760915
111.52,0.85,23.2513967148994,0.565513705362464,0.910517443665587,0.651394155448531,0.26857535792576
111.53,0.85,23.289224718979,0.565378348146434,0.911242998161535,0.649938175647042,0.271852220477737
111.54,0.85,23.3266819992265,0.559520970651911,0.910181925323349,0.64986912061529,0.269030637930597
111.55,0.85,23.3637489925438,0.560218060845027,0.909486520112099,0.648953451845454,0.269012925174789
111.56,0.85,23.4004061042884,0.558650072380896,0.910214343775005,0.649518065776317,0.269455482964113
111.57,0.85,23.4366337178558,0.558645527725895,0.909752142727208,0.648377722113637,0.269127470830166
111.58,0.85,23.4724122044139,0.560435175818205,0.912540414871251,0.648856534267124,0.270288712074117
111.59,0.85,23.5077219327819,0.558913661970813,0.910304013905877,0.649304791006795,0.269154966216048
111.6,0.85,23.5425432794488,0.55819318120313,0.912645980745532,0.646945319982468,0.27090878771725
111.61,0.85,23.5768566387254,0.558909439035447,0.91167678301796,0.648878640158975,0.270203183631939
111.62,0.85,23.6106424330224,0.56116586311064,0.913290256749372,0.649240437266179,0.269154204636472
111.63,0.85,23.6438811232482,0.557798197595791,0.912512037700805,0.649070669909733,0.272254508844808
111.64,0.85,23.6765532193195,0.559299822851378,0.912162403134255,0.648245443501979,0.267746583587769
111.65,0.85,23.7086392907769,0.558007635642259,0.912636378316482,0.6482532949716,0.267835074383454
111.66,0.85,23.7401199774975,0.558643808376898,0.914225838761887,0.647325497765237,0.270609745031516
111.67,0.85,23.7709760004974,0.558793567039245,0.911964138639105,0.647323929819965,0.269679906912984
111.68,0.85,23.8011881728153,0.557060302867681,0.913904373367436,0.646138903310756,0.26971241345143
111.69,0.85,23.8307374104678,0.560239566361259,0.913341697851157,0.648526988567099,0.269111518319649
111.7,0.85,23.8596047434701,0.559694232613818,0.912209724005725,0.645863342858497,0.269233681246815
111.71,0.85,23.88777132691,0.559607386758081,0.912681058703503,0.647100227110514,0.269331499611633
111.72,0.85,23.9152184520683,0.558910900860835,0.914011967099667,0.648990516556686,0.27208340928569
111.73,0.85,23.9419275575751,0.558439319850689,0.912582692635952,0.645764301489066,0.27126568664276
111.74,0.85,23.9678802405926,0.559692476952571,0.913761411945952,0.646025262319621,0.270414828637271
111.75,0.85,23.9930582680139,0.559849309034746,0.913438309544614,0.649307264360909,0.268893213870842
111.76,0.85,24.0174435876694,0.55414956555265,0.913780546178484,0.645658868045276,0.27123476134487
111.77,0.85,24.0410183395281,0.554436875765784,0.911878548196272,0.646783188250783,0.270606346929327
111.78,0.85,24.0637648668858,0.558334502192831,0.915982107890337,0.644202192374041,0.270512508440813
111.79,0.85,24.0856657275277,0.557467062897536,0.916021814006579,0.646737977751554,0.269744503115005
111.8,0.85,24.1067037048559,0.558493384798403,0.915701107088848,0.645747600766409,0.271019913996149
111.81,0.85,24.126861818971,0.558156278526916,0.91833713940588,0.645763970773054,0.268366551868102
111.82,0.85,24.1461233376959,0.555911168468335,0.913938532493748,0.644805456547812,0.269636692389771
111.83,0.85,24.1644717875314,0.554787927371699,0.914707636099244,0.64765709147578,0.269335618202892
111.84,0.85,24.181890964533,0.555304023032482,0.914368259281551,0.646359543525879,0.267630040687169
111.85,0.85,24.1983649450966,0.556156412524962,0.917121003745545,0.644302067704656,0.269261169694644
111.86,0.85,24.2138780966428,0.556563378702144,0.914060957667846,0.646310699647296,0.267578083844244
111.87,0.85,24.2284150881885,0.557051394074787,0.915398082287372,0.64789199295815,0.268428118632773
111.88,0.85,24.2419609007938,0.555312304401217,0.914783859361469,0.643835462628271,0.26881969180946
111.89,0.85,24.2545008378737,0.555487729645765,0.916202225641432,0.645635557408277,0.272591974240116
111.9,0.85,24.2660205353637,0.557756429079873,0.918236033897725,0.646198791223929,0.270783933742089
111.91,0.85,24.2765059717264,0.559362076214884,0.915550853126903,0.645436709522929,0.269967038556753
111.92,0.85,24.2859434777907,0.557331508413102,0.914223990627758,0.642621477205832,0.268569885995884
111.93,0.85,24.2946875789964,0.55733383341165,0.915465905628055,0.644927221344142,0.271347627045056
111.94,0.85,24.3032654356145,0.555451431228073,0.914667628690256,0.644831023676949,0.268957609995353
111.95,0.85,24.3116753377667,0.557325216339044,0.914489127602069,0.64699041348512,0.268201529436003
111.96,0.85,24.3199156142491,0.554196096129214,0.918527717096001,0.644938204652959,0.269525716618559
111.97,0.85,24.3279846330283,0.557871892319192,0.914629266394466,0.64469360462041,0.271308120340101
111.98,0.85,24.3358808017229,0.55724509675687,0.916729164367334,0.645124510748421,0.268997394632166
111.99,0.85,24.3436025680729,0.556626966258296,0.912550143967123,0.645070403658673,0.269590117114578
112,0.85,24.3511484203946,0.555391744605163,0.915190965802197,0.645853529073792,0.269185903265959
112.01,0.85,24.3585168880238,0.557719875875513,0.916333397300135,0.644048286917286,0.269471536226542
112.02,0.85,24.3657065417436,0.557689604635809,0.915349610532025,0.643608876298746,0.269741455986158
112.03,0.85,24.3727159942003,0.555392212973255,0.918396054844925,0.644878435610155,0.271255504675195
112.04,0.85,24.3795439003049,0.554154890226119,0.917696220276775,0.642917640818046,0.270794964733389
112.05,0.85,24.3861889576214,0.556363107063288,0.917539861988457,0.64219704098546,0.271160402779169
112.06,0.85,24.3926499067414,0.556888753278915,0.916800584179456,0.63987002022536,0.268774979505888
112.07,0.85,24.3989255316445,0.557767308130813,0.916743544323375,0.643031302030475,0.27205333747666
112.08,0.85,24.4050146600462,0.560278266021868,0.919164498233319,0.644760164402581,0.272653750601674
112.09,0.85,24.4109161637306,0.555007302879069,0.916549853845666,0.644752308424682,0.271702920908326
112.1,0.85,24.4166289588703,0.558311696967554,0.918077540887316,0.641138600837759,0.270939708382283
112.11,0.85,24.422152006332,0.557432982446224,0.916505042115154,0.642334059189924,0.270106304086567
112.12,0.85,24.4274843119685,0.557691232854821,0.918060508197346,0.646696603043604,0.27113868203685
112.13,0.85,24.4326249268965,0.556265011175358,0.91935634240996,0.642732729545407,0.272462676061027
112.14,0.85,24.4375729477609,0.553301325944394,0.92231355895627,0.642162488017156,0.270435156590245
112.15,0.85,24.4423275169845,0.557674930362613,0.919178856591448,0.642940673043553,0.269575123255672
112.16,0.85,24.3543470512313,0.557362216476159,0.919020964406999,0.642482446341904,0.267027220725825
112.17,0.85,24.2966988745699,0.555658682497727,0.919550308848176,0.641609761663138,0.2709596052752
112.18,0.85,24.2670792464942,0.557933584334435,0.916613456388098,0.644847426936738,0.269241288808282
112.19,0.85,24.2428586117895,0.561666444982594,0.919036611140926,0.643853009347821,0.269780574369416
112.2,0.85,24.2186472365455,0.559248797788547,0.916984429749373,0.641889022167946,0.271544106489334
112.21,0.85,24.1934010574648,0.556543338070148,0.918679401893006,0.641897130895434,0.271267878102235
112.22,0.85,24.1669323316797,0.558308144314441,0.922302976848768,0.643643369803916,0.268821022765897
112.23,0.85,24.1392090150359,0.56004568189837,0.920985093270586,0.642985048839396,0.269293376213196
112.24,0.85,24.1102267529411,0.559219188583858,0.917436829134661,0.642163127063449,0.267269121721509
112.25,0.85,24.0799863911911,0.560103577064151,0.91996649964822,0.642744955343198,0.270558105609144
112.26,0.85,24.0484900962496,0.560341257254116,0.919164425998775,0.642160703260369,0.268085813029782
112.27,0.85,24.0157406911852,0.559651332072641,0.917959739448363,0.644736734947617,0.269482792434856
112.28,0.85,23.9817415412816,0.560527917271262,0.918234600774387,0.643667572200959,0.27070716428211
112.29,0.85,23.9464965327926,0.562734727461033,0.918842068461073,0.643207940751989,0.274991077551249
112.3,0.85,23.910010067152,0.560967964370622,0.917488389812128,0.642042575539194,0.271776720420856
112.31,0.85,23.872287057471,0.559309493136672,0.918610600832342,0.641310422923455,0.270160619912829
112.32,0.85,23.833332925101,0.562422499968805,0.915828456740578,0.64116399412655,0.271328314993691
112.33,0.85,23.7931535958877,0.563614247203295,0.919291736714204,0.642647586674628,0.269828395603202
112.34,0.85,23.7517554960602,0.564060161021163,0.918290215774184,0.645569329304654,0.270455285601685
112.35,0.85,23.7091455477453,0.563455054680319,0.918328551876202,0.643489887604874,0.269306407799475
112.36,0.85,23.6653311641128,0.561884190929931,0.917540404139099,0.644775068803609,0.27086639762759
112.37,0.85,23.6203202441562,0.56484443869241,0.917526122385201,0.642243192588068,0.273534282756178
112.38,0.85,23.574121167113,0.563282095406824,0.916002461842636,0.64364168594246,0.269763449031092
112.39,0.85,23.5267427865325,0.563979872041492,0.91809737998205,0.641546688785918,0.269838978765546
112.4,0.85,23.4781944239967,0.562336442410893,0.918544279389296,0.643712639404535,0.270887259501009
112.41,0.85,23.4284858625016,0.567418697149133,0.918188778975388,0.64425091050739,0.268222099412851
112.42,0.85,23.3776273395065,0.565257578386071,0.916754001937088,0.642594487252476,0.271477036546312
112.43,0.85,23.3256295396581,0.565021390465971,0.919590365424467,0.643447824853799,0.271079338919216
112.44,0.85,23.272503587199,0.567105368047909,0.920376604207444,0.643889143935491,0.272058266491049
112.45,0.85,23.2182610380677,0.567378094651838,0.916259909081587,0.641101887250009,0.273008167358629
112.46,0.85,23.1629138717001,0.568603636116762,0.919387536887184,0.646124893156736,0.272139327737861
112.47,0.85,23.1064744825409,0.569643301731616,0.917795415062502,0.645012799724581,0.270645305719062
112.48,0.85,23.0489556712748,0.567437938806451,0.919974680129053,0.644688795962002,0.269266000442344
112.49,0.85,22.9903706357873,0.569869804302703,0.919133207839509,0.642103471498719,0.271440598056693
112.5,0.85,22.9307329618648,0.569845224030286,0.919695825530298,0.643995196039663,0.268348268745185
112.51,0.85,22.8700566136453,0.571335133957626,0.916686363814767,0.643207005607929,0.268817168162366
112.52,0.85,22.808355923829,0.571364001492441,0.918273953808235,0.641496695495037,0.26940150990753
112.53,0.85,22.7456455836606,0.574489124522819,0.920040584486162,0.645334705039217,0.268733495956432
112.54,0.85,22.6819406326946,0.573424112405922,0.917737161028939,0.642535936392748,0.269043561949414
112.55,0.85,22.6172564483539,0.572696549345637,0.920300974350202,0.643423590171082,0.269371750272513
112.56,0.85,22.5516087352935,0.573845030373208,0.918739799780547,0.645689654731851,0.267769565812963
112.57,0.85,22.4850135145818,0.575089329696064,0.918063849018104,0.643115511768052,0.270249210387423
112.58,0.85,22.4174871127094,0.573357031458689,0.917185114150643,0.642845469361511,0.269616112003097
112.59,0.85,22.34904615044,0.571680311924713,0.918997304243987,0.642599573243807,0.26710358404822
112.6,0.85,22.279707531512,0.57443199264515,0.91697066306062,0.64595222528451,0.268197792823127
112.61,0.85,22.2094884312061,0.576048340312375,0.917686164077281,0.645383635097129,0.268456179718887
112.62,0.85,22.1384062847885,0.574430396369691,0.919237876962442,0.644583933722504,0.2670809734495
112.63,0.85,22.0664787758441,0.576622317829077,0.920041759558201,0.643773505607732,0.269913688565417
112.64,0.85,21.9937238245097,0.577561136067627,0.918619885106535,0.64445883755782,0.269239074358503
112.65,0.85,21.9201595756213,0.57870482356169,0.920291410660228,0.647204470212051,0.268322301452975
112.66,0.85,21.8458043867865,0.578923581895665,0.918823423358568,0.645335327549691,0.27049352580885
112.67,0.85,21.7706768163948,0.581387841453989,0.916552277648613,0.646896498550486,0.269551390163651
112.68,0.85,21.6947956115781,0.579781980014485,0.916320095858688,0.644713435789158,0.271119651310813
112.69,0.85,21.6181796961325,0.58225980146618,0.917218570883316,0.645938247940615,0.269522214917216
112.7,0.85,21.5408481584146,0.581732315531127,0.918748737829769,0.645041213054132,0.269755380993324
112.71,0.85,21.4628202392238,0.57966959251204,0.917913922780852,0.645498961591459,0.27042957136573
112.72,0.85,21.3841153196814,0.583485570210596,0.916268151051218,0.645111840893795,0.26917783762696
112.73,0.85,21.3047529091205,0.582442942030484,0.920983588561088,0.644687108237094,0.26880193616556
112.74,0.85,21.2247526329955,0.584913123459711,0.918616275476816,0.644113363353848,0.269159169300559
112.75,0.85,21.1441342208246,0.586008230970847,0.917537947517788,0.646688268675442,0.270920028940916
112.76,0.85,21.062917494175,0.586932525770347,0.918642789027232,0.645420058698181,0.268238983524557
112.77,0.85,20.9811223547038,0.585448966352824,0.920759769331409,0.648133312346701,0.271065229996285
112.78,0.85,20.8987687722626,0.588401770307378,0.920095965606177,0.643229855126418,0.26947034112791
112.79,0.85,20.8158767730791,0.588838075471062,0.918406377123073,0.645201468552747,0.272581675772643
112.8,0.85,20.732466428024,0.588160207677066,0.917792397012231,0.646420479182314,0.271508345571129
112.81,0.85,20.6485578409748,0.591170060272928,0.919523383788813,0.646045071476459,0.268538139375385
112.82,0.85,20.564171137285,0.590337825675013,0.91708407568668,0.646386249165194,0.269626913911661
112.83,0.85,20.4793264523697,0.588222691063783,0.918579235354743,0.647266591778255,0.27025929670397
112.84,0.85,20.3940439204153,0.592425255593302,0.920084721298252,0.646071189208164,0.268193276672644
112.85,0.85,20.308343663224,0.593391950236951,0.91794543910222,0.647384824306961,0.271992275065909
112.86,0.85,20.2222457792004,0.594649273033899,0.919334103743857,0.646528597181899,0.269378366916965
112.87,0.85,20.1357703324896,0.593701670068049,0.918364651708995,0.646878344162326,0.26971208523339
112.88,0.85,20.0489373422738,0.591743986492127,0.915150845095363,0.647901313776493,0.268603806403623
112.89,0.85,19.9617667722372,0.594512920803647,0.915635552681411,0.647294779362745,0.27088964071006
112.9,0.85,19.8742785202038,0.596822006058173,0.917354079199005,0.646387203613963,0.270521445446485
112.91,0.85,19.786492407958,0.598673084961527,0.918504078134249,0.646609605971387,0.269001232448581
112.92,0.85,19.6984281712531,0.59718485998947,0.918914989761051,0.648082927850491,0.270803294959308
112.93,0.85,19.6101054500145,0.598728680879083,0.915827450722808,0.647770012935535,0.267626355544652
112.94,0.85,19.5215437787443,0.597856232093773,0.919244682705866,0.648013403657049,0.269433003851776
112.95,0.85,19.4331168738542,0.602390238428549,0.91718763892536,0.648580358138853,0.268871921189836
112.96,0.85,19.3464585813429,0.599550358643306,0.916739491377908,0.649322597845005,0.271991922288157
112.97,0.85,19.2604156158975,0.600687890964822,0.915966286610107,0.647802537806606,0.27048808409186
112.98,0.85,19.174351318751,0.60248820063637,0.916907011249206,0.648283967147562,0.272294887455131
112.99,0.85,19.0881568994683,0.604605288326751,0.914526050162339,0.648342615748097,0.268958710764034
113,0.85,19.0018312847684,0.606564743321409,0.91672017089594,0.648476408983278,0.272143511718565
113.01,0.85,18.9153897833408,0.603716353610834,0.916403723028621,0.648292005950847,0.268783423877536
113.02,0.85,18.8288497245048,0.606114691394673,0.916548407666912,0.647670983883337,0.269811977353824
113.03,0.85,18.7422285286572,0.605583384861407,0.918132829993425,0.649628350283235,0.271511381203023
113.04,0.85,18.6555434708839,0.608081303632881,0.916652812739906,0.647181283707926,0.267723990937222
113.05,0.85,18.5688116495493,0.60686225682942,0.915340302362099,0.64848527144855,0.271072009333934
113.06,0.85,18.4820499773653,0.612053930231681,0.916319534944368,0.648846663457878,0.270083995541306
113.07,0.85,18.3952751748323,0.610290520390619,0.915518695514111,0.649039088079862,0.269161184816642
113.08,0.85,18.3085037640828,0.611977649850586,0.915977530998421,0.647691176763047,0.271326794615595
113.09,0.85,18.2217520629656,0.609337157174506,0.916205508409392,0.651754546501772,0.269958242792889
113.1,0.85,18.135036179361,0.61178572268679,0.915205854871093,0.649507732991093,0.270172828857187
113.11,0.85,18.0483720057285,0.615530750934391,0.916151033026565,0.649463609115954,0.269741302424876
113.12,0.85,17.9617752138866,0.614218076121883,0.916245072236054,0.650327122745227,0.273137843123323
113.13,0.85,17.8752612500255,0.616417184436296,0.913319873653723,0.653858339206417,0.271756372139357
113.14,0.85,17.7888453299516,0.61599371609302,0.915153130761393,0.649794854115049,0.269269111090283
113.15,0.85,17.7025424345644,0.61843712020076,0.913797045632807,0.650164224932287,0.269101061550979
113.16,0.85,17.6163673055638,0.618988822367021,0.913339159961202,0.653077215270856,0.269396506119132
113.17,0.85,17.5303344413873,0.621633959383246,0.914789226950504,0.651661864407483,0.269641726357802
113.18,0.85,17.4444580933768,0.620395332274433,0.916341852298368,0.651636749925031,0.270241656486893
113.19,0.85,17.3587522621712,0.621447556939892,0.91464896626567,0.650818298383107,0.269527439269682
113.2,0.85,17.2732306943257,0.621673787154858,0.913769980542621,0.64910646577838,0.272185858719038
113.21,0.85,17.1879068791537,0.622261595376695,0.91562749314091,0.653742393773132,0.267406064545718
113.22,0.85,17.102794045791,0.623838421246641,0.916020785537142,0.651820726225559,0.271174039269825
113.23,0.85,17.0179051604776,0.623863327790155,0.914162118957663,0.65249210603138,0.269940063785073
113.24,0.85,16.9332529240578,0.626528017707256,0.912061551588051,0.653156365178041,0.268032680713586
113.25,0.85,16.8488497696923,0.628373380558311,0.913584012846425,0.652298639402979,0.274524009110839
113.26,0.85,16.7647078607823,0.624682187154923,0.913250807962339,0.65274931247603,0.270536765480733
113.27,0.85,16.6808390891008,0.629979323764616,0.912643888668139,0.652222458628898,0.272637918717897
113.28,0.85,16.5972550731288,0.628811453513396,0.916049637493348,0.654172681008015,0.270096763490855
113.29,0.85,16.5139671565919,0.63022697795662,0.911387046568268,0.652106149513952,0.272704548477521
113.3,0.85,16.430986407196,0.631856866750749,0.915762899374821,0.651085787979892,0.269894213319372
113.31,0.85,16.348323615555,0.629930589438685,0.912837996764304,0.65213835094431,0.26859127524063
113.32,0.85,16.2659892943108,0.632755337041165,0.914991180765335,0.651692963081384,0.269832341181547
113.33,0.85,16.1839936774378,0.633316309215025,0.911633802037737,0.653065578551039,0.270532169516083
113.34,0.85,16.1023467197311,0.634864915006984,0.91179418187138,0.653393975718735,0.270721568957786
113.35,0.85,16.0210580964724,0.635330459736181,0.913950171211863,0.653464235540634,0.2690862346832
113.36,0.85,15.9401372032696,0.633275892360626,0.910900131698419,0.653607811021108,0.268217598533331
113.37,0.85,15.8595931560673,0.637390986691364,0.911220319480656,0.653927740100883,0.271253275257124
113.38,0.85,15.7794347913218,0.637521232291757,0.915204723914706,0.654608301647351,0.268802474365238
113.39,0.85,15.6996706663375,0.640272521902109,0.910787458347608,0.651162904268254,0.26860100836166
113.4,0.85,15.6203090597606,0.639566597087735,0.911140010911422,0.654821412007925,0.270171790537366
113.41,0.85,15.5413579722244,0.638911750010902,0.912117974767306,0.654879538224514,0.269801203849864
113.42,0.85,15.4628251271419,0.640928375686751,0.911158697137057,0.652475540104314,0.270054393967806
113.43,0.85,15.3847179716431,0.641809334802671,0.911742021572263,0.655970863541212,0.269067850525684
113.44,0.85,15.307043677649,0.643882471485484,0.909874415139262,0.652628459794562,0.270127647579448
113.45,0.85,15.2298091430808,0.644222058374231,0.911688825504592,0.652252862216961,0.268397178264149
113.46,0.85,15.1530209931982,0.646408687386034,0.908688671964114,0.65262682317564,0.269422751725555
113.47,0.85,15.0766855820625,0.646293800820573,0.908699342080686,0.655875970234988,0.269057374880581
113.48,0.85,15.0008089941196,0.645944069891348,0.91246803372457,0.654319432133228,0.27071428422122
113.49,0.85,14.9253970458989,0.647019283172335,0.912926289937474,0.654422687913629,0.268529362926204
113.5,0.85,14.8504552878237,0.649138216699812,0.911114406583666,0.656976666427788,0.270597950827895
113.51,0.85,14.7759890061271,0.65040852753011,0.912767371277011,0.652462190034038,0.271178188590697
113.52,0.85,14.7020032248705,0.650717322607917,0.910881860970715,0.657812376345772,0.272771012278369
113.53,0.85,14.6285027080602,0.650042398095135,0.90961855069647,0.654576992797623,0.27345902552006
113.54,0.85,14.5554919618561,0.653240246753892,0.911065233206549,0.652772034508438,0.269611020454512
113.55,0.85,14.4829752368697,0.653494358115211,0.90909771282672,0.656648894022248,0.268326668641149
113.56,0.85,14.4109565305465,0.65307068148841,0.908771299382146,0.660739366278406,0.266189046992485
113.57,0.85,14.3394395896287,0.657907334452704,0.908941061945979,0.65525495338438,0.2715352095149
113.58,0.85,14.2684279126933,0.655363299400654,0.910902278905323,0.655319014547228,0.270087515077136
113.59,0.85,14.1979247527626,0.657258194160266,0.907360285299862,0.654437391552054,0.267719362741062
113.6,0.85,14.1279331199824,0.659336158979691,0.907623618899826,0.657263268822481,0.271210633089002
113.61,0.85,14.0584557843634,0.658834412770932,0.908074835825857,0.652084161121326,0.270783062378746
113.62,0.85,13.9894952785828,0.661114128985387,0.908871865167145,0.65510439822125,0.268985805171587
113.63,0.85,13.9210539008422,0.66056282629122,0.91126341737074,0.656670064934635,0.268586397560014
113.64,0.85,13.853133717777,0.66006381592408,0.906576955309232,0.655434637080742,0.269404846638797
113.65,0.85,13.7857365674149,0.661172029551513,0.907248173121542,0.656255833506219,0.271678514976046
113.66,0.85,13.7188640621794,0.66363312342844,0.907037797785387,0.655832053004056,0.268005513033281
113.67,0.85,13.652517591934,0.665609888362547,0.907514187392639,0.655180892607723,0.268150793135309
113.68,0.85,13.5866983270659,0.665349109045564,0.90793019221417,0.657601998762474,0.269877089401556
113.69,0.85,13.521407221603,0.665847991186056,0.908763876819992,0.656792346541434,0.270360554731866
113.7,0.85,13.4566450163635,0.666937910943749,0.906477942343278,0.655104178394089,0.269283533565038
113.71,0.85,13.3924122421335,0.666793676314231,0.905119708301275,0.655695319081407,0.270235516493566
113.72,0.85,13.3287092228703,0.669425595484636,0.904387324750777,0.654865193169296,0.270428550702957
113.73,0.85,13.2655360789286,0.670430015667255,0.90530623915773,0.657085161092825,0.269197621307983
113.74,0.85,13.2028927303052,0.66909571685617,0.90309513635352,0.653331710377684,0.27130884608838
113.75,0.85,13.1407788999027,0.67249698033262,0.906571024145163,0.65808572967384,0.271040536030717
113.76,0.85,13.0791941168062,0.670906539185623,0.907081595883385,0.655550992200027,0.271779857269621
113.77,0.85,13.0181377195725,0.671455519275438,0.908403842815909,0.655520819904594,0.270259643587233
113.78,0.85,12.9576088595292,0.671902994527307,0.903301259682514,0.655607009911006,0.269308882090736
113.79,0.85,12.8976065040807,0.673751517181825,0.905080368171729,0.655788924857294,0.26848942730951
113.8,0.85,12.8381294400197,0.67410465753266,0.90323318026548,0.658075396119159,0.271063437919883
113.81,0.85,12.7791762768417,0.675698703287722,0.908443618625153,0.659620364785843,0.26878711290377
113.82,0.85,12.7207454500603,0.677319488570532,0.905129528241401,0.658496435003986,0.268304504289254
113.83,0.85,12.6628352245228,0.677504874701442,0.903222721431968,0.657738693960892,0.271253338451365
113.84,0.85,12.6054436977219,0.677206322131127,0.906384522273829,0.656485962866517,0.270285608849764
113.85,0.85,12.548568803104,0.678845016237574,0.902200422636216,0.656202780137444,0.270805408872714
113.86,0.85,12.4922083133723,0.680351971327065,0.902440247035186,0.657742417129262,0.271762092636694
113.87,0.85,12.4363598437812,0.679059157638935,0.902382253611876,0.657313326565541,0.272183218390912
113.88,0.85,12.381020855424,0.682787725039284,0.903032446359953,0.65780237316979,0.271720960889754
113.89,0.85,12.3261886585089,0.680503631884948,0.903782715797944,0.655075625346145,0.271153464869399
113.9,0.85,12.2718604156255,0.684904519061188,0.901409277202132,0.656547682760743,0.272803440804048
113.91,0.85,12.2180331449981,0.684726517170196,0.903974486365449,0.656338396608363,0.271868381076867
113.92,0.85,12.1647037237266,0.686585073575228,0.903701805215901,0.657619850829241,0.268485483822333
113.93,0.85,12.111868891013,0.686288584797422,0.901627248093131,0.6551815449956,0.270473429703297
113.94,0.85,12.0595252513734,0.685751897310909,0.902739102093947,0.656251609375295,0.269729696069609
113.95,0.85,12.0076692778333,0.689533966520748,0.90321459718386,0.65450770874906,0.268896174571371
113.96,0.85,11.9562973151086,0.688956158144934,0.902743183734968,0.655704262090366,0.267369174906844
113.97,0.85,11.9054055827676,0.688783622337763,0.900760581414844,0.658521872999583,0.269896007775725
113.98,0.85,11.8549901783773,0.689505746819656,0.903356103237433,0.657265904974305,0.270003991046745
113.99,0.85,11.8050470806311,0.690491229923472,0.903632351070864,0.65882009288012,0.271573986594816
114,0.85,11.7555721524581,0.691208608636903,0.899364869178592,0.656390862904145,0.26888511749555
114.01,0.85,11.7065611441153,0.694195270332713,0.899354171804644,0.65386026402834,0.270127280160671
114.02,0.85,11.6580096962593,0.693500809833503,0.900594802582048,0.657851993218722,0.268236882532113
114.03,0.85,11.6099133430004,0.694453919656436,0.899448780781805,0.655029020206719,0.269189558454888
114.04,0.85,11.5622675149377,0.694346352075279,0.901987694687032,0.656613467015733,0.270264321739061
114.05,0.85,11.5150675421748,0.696542128548905,0.898312279094546,0.659189014326865,0.270368533576805
114.06,0.85,11.4683086573168,0.693979091596698,0.89829188346136,0.655551926504833,0.269685236520114
114.07,0.85,11.4219859984484,0.696958317185369,0.897113621191743,0.654134830513503,0.270015441228934
114.08,0.85,11.3760946120929,0.695058206637274,0.898380865978083,0.658777402218758,0.267146393556699
114.09,0.85,11.3306294561537,0.697121458573977,0.897293791462264,0.654692004229232,0.27259927313203
114.1,0.85,11.2855854028356,0.698445929768112,0.897827180926215,0.657820514590415,0.270223192925043
114.11,0.85,11.2409572415497,0.70168764140513,0.898674107666895,0.658839498779898,0.27006481454733
114.12,0.85,11.1967396817996,0.700610358296871,0.898427520296622,0.656816894143748,0.270851047759062
114.13,0.85,11.1522276012116,0.699231810546716,0.897258350663434,0.658928046548087,0.26846950980639
114.14,0.85,11.1072953689238,0.700579577042376,0.895358419553702,0.655132728109565,0.269633183002476
114.15,0.85,11.0625809432025,0.700572401679948,0.894753060951645,0.658148767546385,0.270179211708373
114.16,0.85,11.0182440116869,0.704415467790207,0.894508661565273,0.657001582551246,0.26572987001282
114.17,0.85,10.9743062776407,0.703138987954984,0.899467334971619,0.657154939655761,0.266876286886741
114.18,0.85,10.9307655497763,0.703263313198233,0.896703495433385,0.655954231967332,0.27123752491034
114.19,0.85,10.8876161908189,0.705624461742626,0.895685423924183,0.657754478711551,0.26944244798929
114.2,0.85,10.8448520822377,0.705832914283737,0.898011225563844,0.656756801535235,0.268686635994274
114.21,0.85,10.8024670043099,0.705067482281438,0.893914035826161,0.655319096343631,0.267025712138653
114.22,0.85,10.7604546822502,0.709197319225658,0.897065052947436,0.655979107892853,0.270542253425579
114.23,0.85,10.7188087935069,0.709426117830615,0.894855609388825,0.653430915205385,0.26924340821292
114.24,0.85,10.6775229709753,0.707264616764643,0.896533500022369,0.656464475288115,0.271140779888269
114.25,0.85,10.6365908058211,0.709429201831494,0.892368505339003,0.653826721615702,0.269104979287288
114.26,0.85,10.5960058502605,0.70954820522114,0.893363888909518,0.653322467095487,0.270309925224728
114.27,0.85,10.5557616203254,0.709798857960624,0.898103633233289,0.656200333968849,0.268175281904246
114.28,0.85,10.5158515986161,0.710972888360373,0.895610573426353,0.653022263261384,0.269271779917082
114.29,0.85,10.47626923704,0.709834956318071,0.893689432570591,0.657995542325205,0.271795321647909
114.3,0.85,10.4370079595401,0.712479096419953,0.894230089802242,0.652336370050569,0.272408207558757
114.31,0.85,10.3980611648101,0.713468110232051,0.893719903749851,0.658838473178035,0.268981036936149
114.32,0.85,10.3594222290001,0.712933630274978,0.891476652742801,0.657233411031159,0.269618085841243
114.33,0.85,10.321084508411,0.716535608285301,0.893021501579416,0.654481115256805,0.270585359181953
114.34,0.85,10.2830413421791,0.712766562939542,0.892376705726262,0.655455051910073,0.266407462679783
114.35,0.85,10.2452860549512,0.71618778090499,0.892064059491725,0.65301522567958,0.27004218824519
114.36,0.85,10.207811959551,0.715158447926015,0.892465234575385,0.652429789274899,0.270315931360178
114.37,0.85,10.1706123596362,0.718905375798686,0.893316827757668,0.655066932531786,0.270809229675219
114.38,0.85,10.1336805523479,0.715235222955123,0.890446468586418,0.655740399022094,0.269560122718335
114.39,0.85,10.0970098309515,0.716927101507385,0.889893980662602,0.655742734205578,0.268677241457051
114.4,0.85,10.0605934874704,0.715738579269276,0.888850126595121,0.652092212304208,0.26897076668623
114.41,0.85,10.024424815312,0.718235600240316,0.892826735048233,0.652428716204999,0.269987773854895
114.42,0.85,9.98849711188649,0.720820777966261,0.891994061469024,0.657475121802609,0.267848741086638
114.43,0.85,9.95280368121873,0.719512065025405,0.888092837388654,0.653154863072376,0.269971724356634
114.44,0.85,9.91733783655285,0.721180576505437,0.892398528948137,0.655375847380988,0.268084673713755
114.45,0.85,9.88209290295039,0.7218871044796,0.890337581576489,0.652307420312098,0.269805430114593
114.46,0.85,9.84706221988127,0.72451454726245,0.889857146311527,0.654784892731499,0.268469649418206
114.47,0.85,9.81223914380801,0.724363991773152,0.887793391003891,0.652810888589633,0.2692849677768
114.48,0.85,9.77761705076292,0.726053707904606,0.885064087425074,0.655733677831824,0.26912031234542
114.49,0.85,9.74318933891827,0.725823886418956,0.888022498722455,0.650930713985401,0.267864322230477
114.5,0.85,9.70894943114903,0.726862879128745,0.889217519827967,0.651717975765853,0.269819014776444
114.51,0.85,9.6748907775882,0.728946290587388,0.891976600877146,0.649859784555534,0.269502705940241
114.52,0.85,9.64100685817428,0.726939599365239,0.888364085880952,0.652529787241897,0.270521204915692
114.53,0.85,9.60729118519055,0.727334635755213,0.887823606079887,0.652712810747196,0.270026020481749
114.54,0.85,9.57373730579574,0.727698699375172,0.889733500285801,0.654589024241663,0.269880050842522
114.55,0.85,9.54033880454571,0.727368480517193,0.886358859108037,0.652404905734197,0.271747734942214
114.56,0.85,9.50708930590553,0.73082185679042,0.887034320561942,0.650463750163729,0.272587749848632
114.57,0.85,9.47398247675147,0.728965591353882,0.887301785383805,0.653005255638019,0.269499400055491
114.58,0.85,9.44101202886212,0.72969417876391,0.886195621942233,0.649560031942776,0.269531609945937
114.59,0.85,9.40817172139815,0.731465140612499,0.883482551451713,0.651057448756831,0.270402956691319
114.6,0.85,9.37545536336987,0.732964713103969,0.88404090712526,0.651143073950914,0.270641737247623
114.61,0.85,9.34285681609167,0.732418752657794,0.884716678672828,0.650648546544446,0.268979523570395
114.62,0.85,9.31036999562275,0.733823911012056,0.884089338627677,0.650210914945131,0.268664842999861
114.63,0.85,9.27798887519305,0.736178298711771,0.886975208416599,0.651647796824826,0.269697287706703
114.64,0.85,9.24570748761339,0.734935355437598,0.882896023993323,0.649289495613052,0.271183424136237
114.65,0.85,9.21351992766897,0.73410687698678,0.883947629149984,0.651631872024418,0.271402777080214
114.66,0.85,9.18142035449506,0.73495724317897,0.883744112629687,0.649183536836479,0.268693975917581
114.67,0.85,9.14940299393367,0.739507704028849,0.885579880966943,0.649714234656725,0.267104986935296
114.68,0.85,9.11746214087033,0.739547811881629,0.880578773603908,0.650570736905911,0.271574569276231
114.69,0.85,9.08559216154942,0.73825895053338,0.883310739053567,0.648912596291235,0.268367380257838
114.7,0.85,9.0537874958671,0.73857344676628,0.882115367234207,0.647882326265797,0.272623993864458
114.71,0.85,9.02204265964029,0.740796875273742,0.884274716970081,0.649183382167766,0.270561341539887
114.72,0.85,8.99035224685052,0.7409257205686,0.8835875206443,0.648444781729154,0.269704075375829
114.73,0.85,8.95871093186126,0.73863320445707,0.883123210016368,0.648379474602817,0.270193683319532
114.74,0.85,8.92711347160722,0.741505345001088,0.882934755602057,0.648033639547817,0.268633591686823
114.75,0.85,8.89555470775429,0.744228995104456,0.882841603007527,0.649792220948509,0.269997839706083
114.76,0.85,8.86402956882847,0.742704317488868,0.883177675819504,0.64854107975366,0.27146670976572
114.77,0.85,8.83253307231242,0.744661585574855,0.879731370620995,0.649512287749493,0.268641232011147
114.78,0.85,8.80106032670806,0.743891219858804,0.879333485053534,0.649035900761506,0.27129208660809
114.79,0.85,8.76960653356364,0.745192031742847,0.88215832612054,0.647953362993366,0.27195331914821
114.8,0.85,8.73816698946345,0.746901107969851,0.880547867033667,0.64796040743898,0.269980298700606
114.81,0.85,8.70673708797916,0.747065471289892,0.880230154821969,0.650456768415634,0.272622881765741
114.82,0.85,8.67531232158038,0.747798207338069,0.880457736865048,0.646224214287128,0.270394678161177
114.83,0.85,8.64388828350347,0.747181515028432,0.879891269751913,0.647658623981524,0.269030549021492
114.84,0.85,8.61246066957646,0.74736754391303,0.878707602357655,0.648372758768929,0.268955470357674
114.85,0.85,8.58102527999877,0.747489521344887,0.882595189823444,0.649633581548939,0.270887287708074
114.86,0.85,8.5495780210738,0.751747513626747,0.881041578309797,0.646374287735474,0.270816213573687
114.87,0.85,8.51811490689288,0.751036411316495,0.878636982197278,0.64546274396167,0.27069515197099
114.88,0.85,8.48663206096881,0.750985190932121,0.877019965525161,0.649627797385824,0.270326813065111
114.89,0.85,8.45512571781741,0.750677885200483,0.876700335923225,0.645441354355609,0.269594272810322
114.9,0.85,8.42359222448537,0.749812143987603,0.878358188358112,0.648320565312512,0.268252294495393
114.91,0.85,8.39202804202283,0.752474971539434,0.875519464990966,0.646906583072753,0.270689980083711
114.92,0.85,8.36042974689885,0.754020189090105,0.876096846862096,0.645967043415135,0.270246556639918
114.93,0.85,8.32879403235856,0.753525400804256,0.876006258801187,0.645501520532783,0.269785872858384
114.94,0.85,8.29711770971992,0.753153603549982,0.877826149939009,0.648250788102095,0.269845868382457
114.95,0.85,8.26539770960896,0.756041202065496,0.876048963278976,0.6446769315142,0.269257176938308
114.96,0.85,8.2336310831317,0.756997243041071,0.877388663893396,0.646316485002187,0.270616503910055
114.97,0.85,8.20181500298129,0.758953336332925,0.875079491423581,0.645562459220401,0.269446455860436
114.98,0.85,8.16994676447914,0.760034860665908,0.873259605923903,0.645443608071404,0.269420353652955
114.99,0.85,8.13802378654822,0.75677242135891,0.877030709220357,0.647301331975743,0.272596557344224
115,0,8.10604361261747,0.757419342475335,0.875765545555909,0.646359575688091,0.267762341377427
115.01,0,8.07400391145594,0.75741274013999,0.877899199803329,0.644559071324964,0.269619043758561
115.02,0,8.04190247793527,0.762860419311761,0.875257439576779,0.645151062852858,0.268595662792028
115.03,0,8.00973723371933,0.757742342501585,0.873804219943239,0.647591344071752,0.270948471096608
115.04,0,7.97750622787993,0.76204050132724,0.874685103901939,0.644135130635357,0.269252183433127
115.05,0,7.94520763743734,0.761012454750005,0.874110723172858,0.646899468688724,0.270516564781664
115.06,0,7.9128397678247,0.763336729253524,0.87313839679671,0.642733103105714,0.267159588871861
115.07,0,7.88040105327536,0.764923207408025,0.872079598789992,0.642521506263056,0.270229801988391
115.08,0,7.84789005713202,0.765471694601696,0.873141250711277,0.643694672481121,0.269661795010813
115.09,0,7.8153054720771,0.765441600001515,0.869942274236624,0.644284953908325,0.268126019287734
115.1,0,7.78264612028341,0.768214810015311,0.871869273997891,0.645093912306934,0.272940732857036
115.11,0,7.74991095348442,0.767777863743074,0.874679182001432,0.646011896154786,0.270698052281319
115.12,0,7.71709905296365,0.768717726478656,0.872077389131069,0.643801737327522,0.270041718156921
115.13,0,7.68420962946253,0.768664911372047,0.87103235307213,0.646577314439177,0.271212433100605
115.14,0,7.65124202300618,0.769472632678169,0.870416231092392,0.643325890592137,0.270100457209566
115.15,0,7.61819570264712,0.769921333147392,0.87137888622253,0.645461209652977,0.267899998744205
115.16,0,7.58507026612621,0.772587424256388,0.868114745844911,0.640439170367126,0.271060502161363
115.17,0,7.55186543945082,0.770686816104935,0.869269097144096,0.644905164990617,0.269525112380339
115.18,0,7.51858107639022,0.771854211983977,0.869310329712555,0.642964660926019,0.269697152078164
115.19,0,7.48693491136903,0.771813073860676,0.868955192843493,0.645144093165276,0.26956478544935
115.2,0,7.46894660611361,0.773866163009294,0.869898270670911,0.64322332249262,0.268626248333305
115.21,0,7.45698877462076,0.772459698298729,0.868793974893762,0.644540813896209,0.272076319278438
115.22,0,7.44589442595873,0.775707665909585,0.866339955125545,0.646065101575056,0.268833618852191
115.23,0,7.43471274014025,0.775239959289395,0.869000016378931,0.644629074350635,0.269520633282559
115.24,0,7.42331868976334,0.774819479540908,0.86906113157827,0.644290255724935,0.271643038883296
115.25,0,7.41169882312502,0.773231346896557,0.870231835044005,0.641717537699806,0.271779488059583
115.26,0,7.39985158215047,0.771971921382449,0.86917406750093,0.643345547424375,0.270298539940902
115.27,0,7.38777646826626,0.774075291626634,0.868407255909108,0.642555928583102,0.268696091933851
115.28,0,7.37547314648123,0.773444330710831,0.865383676795813,0.641276933854119,0.270578097594931
115.29,0,7.36294140473854,0.775138003117011,0.870216940558008,0.640649979751468,0.270367128612919
115.3,0,7.35018115755643,0.77578977582833,0.86344126449037,0.644026863119524,0.268862095212471
115.31,0,7.33719244753465,0.773653632238082,0.867651535779891,0.643330909322403,0.271072301720912
115.32,0,7.3239754457903,0.777647509052154,0.868566891917559,0.643795165689804,0.270103472880864
115.33,0,7.31053045213104,0.775930374847799,0.866250652542451,0.64359276502046,0.272128686583568
115.34,0,7.29685789511454,0.776612110613166,0.86536910777835,0.643394817631877,0.269104798441328
115.35,0,7.2829583320129,0.77834999596078,0.865239038104681,0.645227341334144,0.269736875630743
115.36,0,7.26883244868458,0.77666431370687,0.866302282126206,0.643741837035753,0.269517342506473
115.37,0,7.25448105935335,0.782699652922331,0.86366036293115,0.644561222611242,0.269283057707381
115.38,0,7.23990510629458,0.776735817157721,0.863703081502777,0.645195372230911,0.266118342467165
115.39,0,7.22510565942905,0.783277755463211,0.865631338388852,0.644884916773417,0.270366944705936
115.4,0,7.21008391582442,0.779948686530127,0.863670811282589,0.643843970644194,0.268968449555766
115.41,0,7.19484119910471,0.779549335516594,0.866159534615009,0.644459814798348,0.26859255527068
115.42,0,7.17937895876854,0.781868558372928,0.863957597923561,0.642474764581709,0.268977068312379
115.43,0,7.16369876941638,0.780761786487569,0.863260348724315,0.642753396620383,0.269080250995309
115.44,0,7.14780232988773,0.782555503426865,0.861483537095476,0.644134911653559,0.269203645373016
115.45,0,7.13169146230914,0.781082484971014,0.866132740124634,0.642433570675051,0.271232626628139
115.46,0,7.11536811105377,0.78202304225098,0.859369560332088,0.642481582582351,0.270861397384114
115.47,0,7.09883434161374,0.780847480899687,0.862721017353809,0.643863558118683,0.269995742365029
115.48,0,7.08209233938634,0.782225784242169,0.860523073021846,0.644140957647312,0.269846090592027
115.49,0,7.06514440837543,0.78485192527282,0.859022405366766,0.642543243292958,0.268011510945161
115.5,0,7.04799296980922,0.781219167534389,0.863292149467621,0.641869200414291,0.273477969026687
115.51,0,7.03064056067623,0.784627619037594,0.86241569360815,0.643624144367542,0.270763914721334
115.52,0,7.01308983218068,0.782434662538416,0.862868216490526,0.642979655239638,0.273140896406846
115.53,0,6.99534354811915,0.7861170854698,0.862818511394891,0.643024646326821,0.269015503406144
115.54,0,6.97740458318034,0.782297033318035,0.860058408503388,0.64396678108711,0.268625189089144
115.55,0,6.95927592116953,0.784331943888636,0.861805511151033,0.641219558869394,0.270194824468719
115.56,0,6.94096065316003,0.785273889804233,0.861964583144719,0.641444949352878,0.269891421840542
115.57,0,6.92246197557346,0.785725737081973,0.859331082003817,0.640443464264863,0.271200899941521
115.58,0,6.90378318819091,0.785581312674541,0.858603220456503,0.644003182716155,0.269931132822667
115.59,0,6.88492769209749,0.787473824393427,0.861622725359194,0.6434646417602,0.269729267929585
115.6,0,6.86589898756223,0.786346928689403,0.858744782217646,0.641524406698009,0.270609921934
115.61,0,6.84670067185588,0.787578675448282,0.859639238351574,0.644013483186875,0.269689470633789
115.62,0,6.82733643700897,0.78675227777675,0.858025644167369,0.642474945442697,0.269568870831998
115.63,0,6.80781006751268,0.790939006751226,0.857770345558741,0.64540282392726,0.268893119434891
115.64,0,6.78812543796483,0.787053932568139,0.85853458809346,0.644607097127144,0.270893500536227
115.65,0,6.7682865106642,0.789141215898621,0.859018283776652,0.643780939087334,0.270736328667384
115.66,0,6.74829733315502,0.791975973400248,0.857927278216834,0.645207810164597,0.269352007272391
115.67,0,6.72816203572507,0.788911696233713,0.857343484171296,0.643208925384747,0.269911039183047
115.68,0,6.70788482885974,0.788204690563882,0.857373259617873,0.643526569369638,0.269232172891343
115.69,0,6.68747000065498,0.79152603365349,0.856481216298245,0.643810654558055,0.270202492692027
115.7,0,6.66692191419202,0.793488328085063,0.856525153207668,0.64433186255301,0.272219813206648
115.71,0,6.64624500487662,0.791513331761496,0.853906332916444,0.644235294309209,0.269631291170125
115.72,0,6.62544377774583,0.793077872054136,0.855949912127613,0.646379153075709,0.271893600607264
115.73,0,6.60452280474515,0.793879694242676,0.856508736351685,0.643274892295088,0.27058689582673
115.74,0,6.58348672197908,0.79209805074743,0.854641423107043,0.64179267584674,0.269835763873566
115.75,0,6.56234022693789,0.791511934436382,0.856380101099324,0.642288703398265,0.270627717304861
115.76,0,6.54108807570367,0.794664308480464,0.852978596215833,0.643756679795172,0.271845322620324
115.77,0,6.51973508013857,0.793853915274641,0.853624726715769,0.645125790236751,0.268936934334628
115.78,0,6.49828610505825,0.792830015763863,0.855834098756533,0.643886603073001,0.270112603305974
115.79,0,6.47674606539348,0.794804982659668,0.855566205894625,0.643766680108636,0.270900797087719
115.8,0,6.45511992334271,0.795963793319043,0.85241371586962,0.64720910724878,0.269835318887968
115.81,0,6.43341268551873,0.796119215841922,0.853466623310933,0.645399580061415,0.2698797489086
115.82,0,6.41162940009228,0.797413244855121,0.852046826866695,0.645560707359562,0.269097433725287
115.83,0,6.38977515393535,0.797204710941233,0.852483255613081,0.643445873751875,0.271069263612487
115.84,0,6.36785506976728,0.796219163986925,0.852411940236694,0.643966645029058,0.267534595904339
115.85,0,6.34587430330631,0.798173610285162,0.853306565520692,0.644659883613641,0.270946886653332
115.86,0,6.32383804042941,0.80034064672964,0.853488020371381,0.643115220818353,0.270573903324252
115.87,0,6.30175149434322,0.799353735153387,0.852141851313533,0.644535831409482,0.26894410665294
115.88,0,6.27961990276877,0.80007817659738,0.854137492245951,0.645071250430877,0.270318065435514
115.89,0,6.25744852514253,0.797316954540954,0.852501035670138,0.645788348648641,0.266597718127272
115.9,0,6.2352426398367,0.804172843119674,0.849771782105612,0.64645598132758,0.271013637597876
115.91,0,6.21300754140099,0.804094848925366,0.850177956666856,0.645725017653133,0.270451023195954
115.92,0,6.19074853782858,0.800414254589206,0.853355020105968,0.643677208145364,0.271405123018033
115.93,0,6.16847094784859,0.801314671724551,0.853206099917034,0.647458761831744,0.270459855096662
115.94,0,6.14618009824764,0.804687467978524,0.84996097204008,0.644492033995952,0.26903794114891
115.95,0,6.12388132122251,0.803652345189903,0.850241604379514,0.646830474167042,0.270190795041503
115.96,0,6.10157995176643,0.805359256556308,0.850279017377074,0.64664336642521,0.269281075638001
115.97,0,6.07928132509106,0.803880553997021,0.852044500383074,0.647672939371094,0.270027657694975
115.98,0,6.05699077408617,0.803818940220142,0.848044772691283,0.647594488119905,0.270183711380199
115.99,0,6.03471362681924,0.804454446049193,0.84985723221724,0.646042626230076,0.269485779925075
116,0,6.01245520407673,0.806471818574239,0.845267759820714,0.647227024471224,0.26819665439643
116.01,0,5.99022081694898,0.807646700470083,0.845751730294108,0.647725103347415,0.268779799490969
116.02,0,5.96801576446059,0.807583953357263,0.848041651155397,0.645269836869521,0.26888659508639
116.03,0,5.94584533124775,0.808937043179914,0.849679272471465,0.647627245080742,0.267758594031639
116.04,0,5.9237147852845,0.8106709284082,0.849356306380437,0.644176948411428,0.270543993775246
116.05,0,5.90162937565894,0.810347786922614,0.847135075674159,0.647932779564686,0.272619311887835
116.06,0,5.87959433040136,0.809828605173075,0.849723466890425,0.651362281526663,0.271104544121005
116.07,0,5.85761485436525,0.809467319995593,0.848770106961047,0.6488179345981,0.272531195554639
116.08,0,5.83569612716259,0.809702881494108,0.848910978970293,0.648785880618316,0.27150975115304
116.09,0,5.81384330115467,0.812136783558317,0.850037481672349,0.646721899410093,0.267556865967901
116.1,0,5.79206149949936,0.812315356991301,0.846133892555077,0.646600234562391,0.268584561399637
116.11,0,5.7703558142559,0.812805245281716,0.847445696015024,0.650522201180653,0.269524673894148
116.12,0,5.74873130454809,0.814389828207718,0.847317054886278,0.647920632219346,0.267874824306508
116.13,0,5.72719299478678,0.815860084259439,0.844547996295073,0.648518252563313,0.270566351942566
116.14,0,5.70574587295206,0.81545161080467,0.850482183606737,0.649998002945401,0.269718637473538
116.15,0,5.6843948889363,0.814585243756829,0.846219993863491,0.64664179648577,0.269971237303814
116.16,0,5.66314495294806,0.81650752102549,0.847764505262967,0.644475527296391,0.271848966552893
116.17,0,5.64200093397753,0.81674549893212,0.846177044547931,0.647448988984916,0.269450556445445
116.18,0,5.62096765832405,0.816190946923775,0.844738072383695,0.649876112734804,0.268846664999463
116.19,0,5.60004990818551,0.819271499215981,0.845655365042212,0.647541197968348,0.269741933048928
116.2,0,5.57925242031031,0.818650250960079,0.843465858607255,0.649538490393561,0.270463052668228
116.21,0,5.55857988471166,0.819661842294759,0.844854298891351,0.649346753589162,0.2694908211245
116.22,0,5.53803694344431,0.819921593030101,0.841708045091982,0.651423409471694,0.268665344158996
116.23,0,5.51762818944373,0.817420762462222,0.842963935377255,0.649478624165019,0.271033412540834
116.24,0,5.49735816542746,0.821366040733881,0.845455259653651,0.650831320948331,0.272073034664508
116.25,0,5.47723136285851,0.820046092220454,0.843737706794657,0.650705215566239,0.268243644548062
116.26,0,5.45725222097038,0.821517239812493,0.84121772002743,0.649394148554347,0.270834709405298
116.27,0,5.4374251258535,0.822435832702336,0.841403393529249,0.651544837091364,0.268609796499479
116.28,0,5.41775440960244,0.822901731386296,0.844494977930812,0.65165992448379,0.272196154969168
116.29,0,5.3982443495235,0.822116823149521,0.843083924265438,0.650506920474067,0.272680406727267
116.3,0,5.37889916740197,0.823492664121383,0.840679319447117,0.649742530287775,0.270480858842103
116.31,0,5.35972302882855,0.825224540978843,0.841643864918271,0.648878972247421,0.270404224557331
116.32,0,5.34072004258401,0.825447757153111,0.845301621714001,0.651270479235523,0.270234533610797
116.33,0,5.32189426008145,0.826352368404498,0.842183873890729,0.652339232679008,0.273318065821537
116.34,0,5.3032496748652,0.826695027929452,0.843163189632203,0.652566544752946,0.266974181445156
116.35,0,5.28479022216557,0.825875648006177,0.843421926074622,0.650980610516616,0.267518755451186
116.36,0,5.26651977850829,0.82328628308787,0.841486071723999,0.651399988713288,0.270581424352246
116.37,0,5.2484421613778,0.83039917703662,0.84414010484186,0.654381135366308,0.270445010738028
116.38,0,5.23056112893324,0.82814521948348,0.841447420328935,0.653585509862583,0.270069744602313
116.39,0,5.21288037977598,0.827091906941116,0.842687180603237,0.652202396995396,0.269496671307807
116.4,0,5.19540355276762,0.828876528243525,0.841677700377544,0.651082153804151,0.271342405306344
116.41,0,5.17813422689709,0.830533878008963,0.844458179543429,0.652552294665416,0.267382083621624
116.42,0,5.16107592119579,0.828831664842802,0.842421969016062,0.65282975048743,0.270171618112238
116.43,0,5.14423209469933,0.828871699332274,0.839805358262871,0.655855300842808,0.271342223157264
116.44,0,5.12760614645452,0.831749071924849,0.837728870868945,0.65271092752496,0.270385383595744
116.45,0,5.11120141557047,0.8287066940008,0.84158711207761,0.652160778860506,0.271553743740305
116.46,0,5.09502118131204,0.830547741451945,0.839879799594407,0.653110468585771,0.269943219242842
116.47,0,5.07906866323461,0.834403195100709,0.838642517954137,0.653441081121587,0.270024636702635
116.48,0,5.06334702135843,0.833613798771465,0.839019987472461,0.65305210063765,0.270368860132141
116.49,0,5.04785935638119,0.833982932086716,0.841152706852518,0.65484605175487,0.270195561361186
116.5,0,5.03260870992729,0.83599755807396,0.841970170508646,0.656051624127742,0.270157821896467
116.51,0,5.01759806483237,0.836667727305286,0.838642982312678,0.653122006366648,0.270449809965194
116.52,0,5.00283034546144,0.833951516016678,0.83631939631559,0.653882838603592,0.26980950313514
116.53,0,4.98830841805909,0.83556605618566,0.838886979290451,0.653840357298132,0.269535706292005
116.54,0,4.97403509113049,0.835689213171515,0.839606988822938,0.652522871763374,0.271062150731919
116.55,0,4.96001311585108,0.836475603332343,0.840225503471329,0.654110359399561,0.27003550090744
116.56,0,4.94624518650389,0.837183674236794,0.83602106967169,0.652961828839315,0.270512502562522
116.57,0,4.93273394094264,0.838261436614634,0.836830260549667,0.653767988812733,0.273032031931656
116.58,0,4.9194819610791,0.838339198504363,0.839173177565985,0.654277396744724,0.269245800986425
116.59,0,4.90649177339316,0.839166145846994,0.838263862437954,0.654350381526346,0.269504688366533
116.6,0,4.89376584946392,0.83793128488916,0.838037244422266,0.654176660764916,0.271061859125621
116.61,0,4.88130660652041,0.8370367320218,0.835546463524514,0.655229977013243,0.270270372980154
116.62,0,4.86911640801011,0.838407015357542,0.836489109055184,0.653481849378375,0.269236297104331
116.63,0,4.85719756418395,0.837401718712548,0.835419561299656,0.654993758166978,0.270063292438025
116.64,0,4.84555233269608,0.838092647152618,0.838988774561792,0.653447880205,0.269956268134207
116.65,0,4.83418291921685,0.838487176092181,0.836402801981034,0.654849607241004,0.271697863391957
116.66,0,4.82309147805762,0.840699866671287,0.84105305878478,0.654858635843794,0.270275675365274
116.67,0,4.81228011280561,0.839430811476552,0.837651089564912,0.656988367617348,0.26869336919245
116.68,0,4.80175087696763,0.842464276604054,0.836177641442148,0.656841177167175,0.271637761177747
116.69,0,4.79150577462079,0.840876047913296,0.838648481989075,0.653774032024472,0.27019692531472
116.7,0,4.78154676106901,0.841289980014317,0.837596804053512,0.656295700978028,0.268400758231153
116.71,0,4.77187574350388,0.839328044370545,0.836987340057166,0.655599154834062,0.267980201066523
116.72,0,4.76249458166818,0.841373710995226,0.836024327501398,0.657576323787854,0.270897517982811
116.73,0,4.75340508852091,0.842665697711881,0.836157864558895,0.658342643316096,0.272970114774879
116.74,0,4.74460903090227,0.843784573471485,0.835124648541578,0.655874159315624,0.27044349419327
116.75,0,4.73610813019734,0.843653101966009,0.83527452625438,0.656253894717702,0.27018254356895
116.76,0,4.72790406299704,0.843487702951277,0.834775269950381,0.658342366858073,0.270159881205569
116.77,0,4.71999846175505,0.843254457651468,0.835027473608644,0.655572856546793,0.271240377935204
116.78,0,4.71239291543954,0.844453323986564,0.831460958715227,0.654846787213333,0.270204286197518
116.79,0,4.70508897017819,0.841621803294317,0.83430227927781,0.656193852643004,0.272336256337852
116.8,0,4.69808812989556,0.842714674458404,0.835282514895955,0.657271300506755,0.267621226602776
116.81,0,4.69139185694143,0.842674256218714,0.835290903752986,0.652793642695365,0.2675256427488
116.82,0,4.68500157270896,0.84172433623612,0.83537714683367,0.656409308327318,0.270872881955773
116.83,0,4.67891865824159,0.843282164604587,0.835131999739677,0.656526566196884,0.270430846637163
116.84,0,4.67314445482763,0.845697417437899,0.833984629389275,0.657513962357602,0.269078686320006
116.85,0,4.66768026458123,0.847617766363181,0.834681533507313,0.657544973375088,0.268479910977713
116.86,0,4.662527351009,0.844704682167909,0.835563793886256,0.655827125539421,0.269903640548887
116.87,0,4.65768693956108,0.846130209472152,0.835948967627908,0.655867726372067,0.269855754281481
116.88,0,4.65316021816578,0.845950992692671,0.836369143790551,0.659111113057319,0.270698058514421
116.89,0,4.64894833774678,0.844705492623482,0.835323231096368,0.656175576176953,0.267610239477124
116.9,0,4.64505241272212,0.846907324972719,0.833787356786661,0.655112862974504,0.268869810979478
116.91,0,4.64147352148399,0.847556826992256,0.836710325711338,0.657411531393303,0.269818207677073
116.92,0,4.63821270685865,0.844640641497877,0.835466854211946,0.658345985801993,0.270710270617142
116.93,0,4.63527097654554,0.842301023238894,0.833752330049027,0.656426069563959,0.270063983574548
116.94,0,4.63264930353493,0.845486869763802,0.83215946739613,0.656425922661857,0.269870746611948
116.95,0,4.63034862650344,0.845789218940313,0.834602469371886,0.658613656848732,0.27107327323703
116.96,0,4.62836985018665,0.843646646748074,0.831372483050525,0.655444237351238,0.269902891723753
116.97,0,4.6267138457283,0.844468092847833,0.83560444288185,0.65920995278609,0.268288983051678
116.98,0,4.62534090071392,0.843385346086292,0.832541294606331,0.656613686573499,0.270516555852565
116.99,0,4.62405161400961,0.844065794158074,0.833518049529148,0.65825828004864,0.269584880272221
117,0,4.6228200566883,0.84591907410064,0.830454130167824,0.657119011104556,0.269925122900643
117.01,0,4.6216463622759,0.844891870730252,0.832045502571551,0.658393206639006,0.2706397002039
117.02,0,4.62053064674942,0.845248966661818,0.832181089916213,0.65493033597585,0.268532424495155
117.03,0,4.61947300848716,0.844166963189511,0.833665370052017,0.65636111244588,0.269494458411707
117.04,0,4.6184735282279,0.844242769878529,0.83398800470789,0.656588864058312,0.270938071172288
117.05,0,4.61753226903934,0.84559594278429,0.836130440263961,0.656234860605518,0.270000550962132
117.06,0,4.61664927629566,0.846558640956785,0.831668292550691,0.656269013165417,0.269125149503058
117.07,0,4.61582457766433,0.843954591928383,0.833572885723796,0.657246951221821,0.270478928967689
117.08,0,4.6150581831022,0.846626362604443,0.832956679600307,0.658069508288084,0.271969507727991
117.09,0,4.61435008486077,0.846585104559195,0.829227698759167,0.655234519371041,0.268933506499717
117.1,0,4.61370025750077,0.846205780959463,0.833142748105124,0.655342300089079,0.26871321648177
117.11,0,4.61310865791592,0.846326818891506,0.832364615446214,0.654773024996242,0.270317100078548
117.12,0,4.61257522536601,0.845542718098201,0.832954240399127,0.658660673008171,0.269168242489712
117.13,0,4.6120998815191,0.844417432874772,0.832894180697749,0.65511970860358,0.27160781341049
117.14,0,4.61168253050296,0.844960015076434,0.832606187189636,0.657785753459628,0.270744844189467
117.15,0,4.61132305896561,0.846196974964219,0.834173233275283,0.659603501357406,0.267912032889555
117.16,0,4.611021336145,0.847303658374165,0.83159922140592,0.656194029044127,0.26851428583974
117.17,0,4.61308628294506,0.846112135316606,0.832454210256667,0.656917201947158,0.26856805747197
117.18,0,4.63630324776012,0.844801047167668,0.830068339924127,0.658355034969607,0.268475822106778
117.19,0,4.64693296767967,0.844676702620833,0.832735912163952,0.657907939329637,0.270073183128815
117.2,0,4.65376921610801,0.843130939806534,0.83356267067568,0.655995799796873,0.26771456424778
117.21,0,4.66015327735379,0.844626975131889,0.831328924024071,0.655525017069867,0.270581101574992
117.22,0,4.66674329349786,0.846624703150621,0.832218710202947,0.656398321345934,0.26860483996044
117.23,0,4.67364690639745,0.843650794305714,0.830030727680842,0.659698177936397,0.266367991845082
117.24,0,4.6808802202699,0.842362864709862,0.832509514789102,0.653073717991903,0.271087055834967
117.25,0,4.68844549007573,0.840851130952368,0.830873161173426,0.655311313406968,0.27051713028245
117.26,0,4.6963429618393,0.843466578507355,0.829542776165463,0.656487586087069,0.268965788700522
117.27,0,4.70457257396307,0.843013850485857,0.831931777713066,0.658145094538153,0.27170569073466
117.28,0,4.71313419243024,0.843010574954865,0.830332209465258,0.657079086658974,0.269922064911044
117.29,0,4.72202764214773,0.841955510084855,0.831558772456581,0.656532611313633,0.271328497523985
117.3,0,4.73125271066477,0.841103927593008,0.834451937427995,0.656804565366089,0.271239756661178
117.31,0,4.7408091482018,0.841251824424732,0.829315601176592,0.654055163384937,0.270471646997233
117.32,0,4.75069666717857,0.839906561247319,0.832250332269782,0.658448158497856,0.271316425620286
117.33,0,4.76091494166144,0.839015108153239,0.831311912332589,0.652586635071577,0.270247556651198
117.34,0,4.77146360678506,0.836933726281618,0.830231881424619,0.6555585408124,0.269934175589726
117.35,0,4.78234225815668,0.837374911759922,0.832225339856069,0.656950075713721,0.267680957875915
117.36,0,4.79355045124469,0.839260966372342,0.833037678267605,0.654889386355067,0.270501582192027
117.37,0,4.80508770075286,0.83607899065653,0.830822600604272,0.656767135308075,0.269438917932625
117.38,0,4.81695347998093,0.833999302853703,0.831644034460444,0.65626807733791,0.27170301738157
117.39,0,4.82914722017312,0.835128937231699,0.829803932492101,0.654939196346722,0.271998972938714
117.4,0,4.84166830985529,0.834599682168527,0.831825116348081,0.654305291898566,0.271653347951024
117.41,0,4.85451609416218,0.834823730837618,0.83193678875035,0.656794169503806,0.272334732727664
117.42,0,4.86768987415578,0.835020767091101,0.830147051373649,0.655773281333273,0.270797717676948
117.43,0,4.88118890613615,0.835888683558971,0.831723268516691,0.653379227924193,0.270885757627856
117.44,0,4.89501240094593,0.834758372276484,0.831690669842316,0.653919088349736,0.271610747254436
117.45,0,4.90915952326984,0.834441244023579,0.832220425549318,0.652656859591753,0.268953970159961
117.46,0,4.92362939093048,0.833602176895253,0.83104919204384,0.654042011995951,0.270113458074288
117.47,0,4.93842107418191,0.833318659882057,0.832543193264074,0.652673860554341,0.267851454559272
117.48,0,4.95353359500218,0.832666577292034,0.832735958220349,0.655972188825299,0.269149927026807
117.49,0,4.96896592638652,0.830442359010857,0.831413260243672,0.652888230493156,0.269482465983075
117.5,0,4.98471699164237,0.832263241614325,0.830791095204383,0.653654245479853,0.268585334306023
117.51,0,5.0007856636879,0.831702122801185,0.830053200140324,0.65374341336857,0.270158745979548
117.52,0,5.01717076435545,0.831684541444836,0.83094478818919,0.653548216133641,0.269457861754022
117.53,0,5.03387106370146,0.829429283887441,0.833987159437468,0.652501777767042,0.272368949769722
117.54,0,5.05088527932431,0.826615228789278,0.829218543255153,0.654371228304161,0.270771819385312
117.55,0,5.06821207569189,0.824651584376254,0.832479278138322,0.654616140160973,0.268194604356896
117.56,0,5.08585006348017,0.827091264397378,0.832595694891699,0.653909282487321,0.27179698301323
117.57,0,5.1037977989246,0.827707395963819,0.830595791687802,0.654951150652497,0.270285900997237
117.58,0,5.12205378318589,0.825102735433322,0.828690577228078,0.652719085918639,0.270580471012701
117.59,0,5.14061646173179,0.825511777456888,0.831163262215797,0.653289829581885,0.269721045682309
117.6,0,5.1594842237365,0.822051487979729,0.831678924409249,0.652484308663732,0.26950290413411
117.61,0,5.1786554014994,0.824090709051531,0.831872836564334,0.653011155454383,0.268609779640068
117.62,0,5.1981282698848,0.82142399374293,0.833683307093289,0.652871035948215,0.271057073486426
117.63,0,5.2179010457842,0.822933593668063,0.828620142210347,0.652879780721403,0.271560194126949
117.64,0,5.23797188760301,0.82277319909003,0.831107457427987,0.654450498998326,0.2700013099579
117.65,0,5.25833889477314,0.823351458642491,0.830462190122742,0.652448298016307,0.272456754207073
117.66,0,5.27900010729329,0.821015262597216,0.831295128829374,0.653671906251459,0.268715992217505
117.67,0,5.29995350529866,0.820377596535087,0.831184659809456,0.653750976801726,0.269991031005081
117.68,0,5.32119700866143,0.815695339012877,0.835643888579098,0.651376457909971,0.267759619721139
117.69,0,5.34272847662417,0.818146581281668,0.834355768167826,0.653963187937253,0.271106166769279
117.7,0,5.36454570746738,0.815844149571974,0.831538223846936,0.648298975830907,0.266484912781233
117.71,0,5.38664643821309,0.814449622075578,0.833157254894346,0.650296990721766,0.270928324143597
117.72,0,5.40902834436596,0.814440431415836,0.833933785584673,0.649569983988078,0.270172823581373
117.73,0,5.43168903969361,0.815778295640474,0.829243327921917,0.652401813901161,0.267005836331823
117.74,0,5.45462607604768,0.816477657972213,0.830034277933371,0.652377006992449,0.269635313083011
117.75,0,5.47783694322739,0.814582698047403,0.831987238984746,0.65129448938797,0.274034979690026
117.76,0,5.50131906888675,0.811866139450588,0.828693094178209,0.65286269571601,0.269379496196686
117.77,0,5.52506981848739,0.810406290004887,0.831042011599884,0.651608252761476,0.271465191548528
117.78,0,5.54908649529817,0.81225422824288,0.831273608667753,0.65090496372259,0.271176818254575
117.79,0,5.57336634044318,0.810755025775751,0.831351806325768,0.648793654926017,0.27074471885724
117.8,0,5.59790653299944,0.809207422310247,0.831784196139552,0.650876421702203,0.271332559959843
117.81,0,5.62270419014592,0.809696062568947,0.834956237712713,0.652490686199871,0.269885460637793
117.82,0,5.64775636736479,0.807982483604941,0.83306255558378,0.649575995928007,0.269069077570015
117.83,0,5.67306005869674,0.80439141763766,0.832774125329954,0.646531866895973,0.268657223253401
117.84,0,5.69861219705109,0.805620463880355,0.833690125882401,0.649426654992099,0.270956554185771
117.85,0,5.72440965457237,0.806101545237104,0.833455799911605,0.648364623023399,0.269829098765217
117.86,0,5.75044924306409,0.804954187028657,0.833806388453152,0.651410813792033,0.270268232853138
117.87,0,5.77672771447116,0.80284303565502,0.831534440302755,0.648691004941345,0.270374390630058
117.88,0,5.80324176142175,0.803962786504474,0.832500475118379,0.649889483678832,0.267958109011585
117.89,0,5.82998801782979,0.801518806376679,0.834455132224618,0.648655974625139,0.270105538565551
117.9,0,5.85696305955875,0.803038130438806,0.833860511473828,0.647447589183393,0.269450571265452
117.91,0,5.88416340514782,0.799454716307323,0.834950432544265,0.648236729803364,0.268137064322643
117.92,0,5.91158551660124,0.798920142991925,0.834625517239609,0.647527026448461,0.269079473551592
117.93,0,5.93922580024129,0.799424325374419,0.831589768729718,0.646842206992554,0.270421095516962
117.94,0,5.96708060762591,0.800436693546249,0.833345582160103,0.650948823023472,0.267362426114784
117.95,0,5.99514623653125,0.797827904884591,0.833685298755389,0.648443623779069,0.270357282893682
117.96,0,6.02341893199983,0.795551126682233,0.833399692067861,0.649791183363244,0.267532176402303
117.97,0,6.05189488745467,0.79555902223357,0.832835521578774,0.649537203225134,0.271481790003175
117.98,0,6.08057024587975,0.795818648453253,0.834172374625808,0.646691024200098,0.272231092121016
117.99,0,6.10944110106699,0.795737908873458,0.83366748671495,0.647506067717218,0.270083992231876
118,0,6.13850349893016,0.796707154308482,0.831507975713058,0.646059494234734,0.270424082205509
118.01,0,6.16775343888549,0.793857396613387,0.834749087035167,0.644854096961281,0.268253005851173
118.02,0,6.19718687529926,0.791631379789513,0.832211106767802,0.645991831164191,0.273429257088181
118.03,0,6.22679971900224,0.791225626640666,0.835537662154793,0.646428074251995,0.269936592429188
118.04,0,6.25658783887061,0.788355708767181,0.833595293833824,0.646729823838698,0.268366979870936
118.05,0,6.28654706347352,0.789985476011941,0.832545334387903,0.645397083705823,0.269193890682192
118.06,0,6.31667318278644,0.789887280087419,0.834123836820976,0.647456328167272,0.271420100974038
118.07,0,6.34696194997031,0.789504339014041,0.83169355787738,0.649072497246208,0.271361518915305
118.08,0,6.37740908321575,0.78685686026124,0.833926378606164,0.646338003899097,0.269250479167255
118.09,0,6.4080102676516,0.7858193689341,0.833951556514482,0.64717090972303,0.268131725525394
118.1,0,6.43876115731738,0.78600337754354,0.833142929497671,0.645300826070383,0.268871304758209
118.11,0,6.46965737719861,0.785306688013773,0.835141307012354,0.648044111657966,0.27166998885402
118.12,0,6.50069452532418,0.781085354422268,0.833984276282535,0.646802174700225,0.271781588111541
118.13,0,6.53186817492472,0.781276356920906,0.833633071580694,0.644965184349009,0.267647277592561
118.14,0,6.56317387665104,0.781190053283823,0.835433406014071,0.647679603486607,0.26896722003221
118.15,0,6.59460716085121,0.78184323650415,0.834470759045909,0.645691803085256,0.269271632295326
118.16,0,6.62616353990527,0.779016107692726,0.833995941296184,0.643649956145042,0.268045281460329
118.17,0,6.65783851061593,0.779854329347094,0.837292515387723,0.643845668885155,0.271788661441873
118.18,0,6.68962755665406,0.781085028250468,0.834177313485151,0.646505089624042,0.270002823066765
118.19,0,6.72152615105729,0.778952840916713,0.837031968144817,0.645876168628217,0.269380394538463
118.2,0,6.75352975878008,0.779182740557761,0.833979756447028,0.64821930510692,0.271312076471053
118.21,0,6.78563383929356,0.778624329775639,0.836399442739648,0.644590765980937,0.270413365936813
118.22,0,6.81783384923339,0.774398831700156,0.836845259446986,0.645654759760044,0.271811121774555
118.23,0,6.85012524509359,0.773933725100327,0.835396306503371,0.644188024261541,0.270765490465116
118.24,0,6.88250348596469,0.774951625528154,0.83394017801915,0.645892639751574,0.272976671740862
118.25,0,6.91496403631368,0.77424220727807,0.833802698401924,0.6442490005753,0.269764110042881
118.26,0,6.94750236880406,0.770815966557054,0.838358356410281,0.646701828410049,0.269808234103716
118.27,0,6.98011396715363,0.768545475900135,0.839376572848631,0.644908799320865,0.272129163993135
118.28,0,7.0127943290276,0.771933378606016,0.834629511586106,0.644638878756824,0.269466586973065
118.29,0,7.04553896896494,0.770663495892022,0.835611673855878,0.642319541799306,0.270071460542786
118.3,0,7.07834342133544,0.769622220306868,0.836515100915495,0.639821881884896,0.271912876809897
118.31,0,7.11120324332491,0.767767137205128,0.835792268640925,0.644151824653812,0.269171639796045
118.32,0,7.14411401794615,0.765308122558748,0.838356433136836,0.643616565102624,0.269846403749071
118.33,0,7.17707135707309,0.764340901478359,0.836957291863807,0.643233296291465,0.26979821370214
118.34,0,7.21007090449531,0.763831852004609,0.832822125374959,0.642534438042626,0.26985556409105
118.35,0,7.24310833899041,0.764802998734656,0.83630201037344,0.642540056043302,0.273466859961037
118.36,0,7.27617937741146,0.76299936725661,0.838685379340018,0.6430576227776,0.270568098847194
118.37,0,7.30927977778672,0.762234333110718,0.838001432088445,0.643350932625013,0.270653380105745
118.38,0,7.34240534242879,0.761984376388366,0.836081284112138,0.64441013148074,0.268324464468746
118.39,0,7.37555192105049,0.761871249763884,0.837463532922976,0.641471225950803,0.267568636313921
118.4,0,7.40871541388438,0.761155484085496,0.83717967096446,0.645180060870722,0.269102270571444
118.41,0,7.44189177480327,0.756493746501009,0.838557804290019,0.644124352486796,0.270824966352141
118.42,0,7.47507701443863,0.758819784044957,0.837165763274604,0.644889710781464,0.270349302048933
118.43,0,7.50826720329388,0.758901454721215,0.837493581271668,0.644462313843894,0.271301718839381
118.44,0,7.54145847484998,0.758896628092174,0.836938219566955,0.642469659697248,0.26913003342889
118.45,0,7.57464702865996,0.757349870203843,0.840040170387607,0.645601667684531,0.269626871701251
118.46,0,7.60782913342969,0.756127555982531,0.842284759679731,0.643173926115524,0.270099592421865
118.47,0,7.64100113008179,0.754182795353453,0.838493326558649,0.643230478444998,0.269755727474885
118.48,0,7.6741594347999,0.755365236955559,0.840701043347337,0.642610618520561,0.270540229263059
118.49,0,7.70730054205015,0.754563303129533,0.837026806309799,0.641070677622668,0.269946693102122
118.5,0,7.74042102757722,0.75397130076697,0.841702662584402,0.644298310257301,0.268440834362753
118.51,0,7.77351755137177,0.752617392293953,0.840258276952325,0.64417555904634,0.268839621814629
118.52,0,7.80658686060653,0.753692322640383,0.839804053488359,0.642237942902994,0.269412317292035
118.53,0,7.83962579253834,0.748874921224347,0.839539010518529,0.643081259227683,0.267255032854533
118.54,0,7.87263127737294,0.75054896301223,0.841046819555952,0.644567203642094,0.26946087279112
118.55,0,7.9056003410903,0.75060285941522,0.839865731328374,0.643373578769717,0.271694768779245
118.56,0,7.93853010822718,0.749202732793681,0.84212676786862,0.642631034391592,0.267299496717545
118.57,0,7.97141780461464,0.748257488463664,0.842467291839528,0.641114096607284,0.269685346893802
118.58,0,8.00426076006785,0.748251166455175,0.839504421105394,0.642247922048556,0.272387083922726
118.59,0,8.03705641102536,0.746628765494431,0.841253120269622,0.641787803250481,0.267423595947845
118.6,0,8.0698023031356,0.744823361652529,0.841204070783604,0.640302860076363,0.27115289516038
118.61,0,8.10249609378809,0.744856504336337,0.84221953634835,0.642115937825178,0.271031692658735
118.62,0,8.13513555458688,0.744901795650849,0.839966591900944,0.645037062286508,0.268800222461226
118.63,0,8.16771857376401,0.741911466574998,0.842972119296236,0.643016569898914,0.270341498958606
118.64,0,8.20024315853084,0.743240407124216,0.840469424904609,0.641610659745326,0.270276536436686
118.65,0,8.23270743736478,0.742822212361207,0.84313878384149,0.643502518315075,0.269120683053627
118.66,0,8.26510966222983,0.742061490096615,0.842549360922976,0.642923369737217,0.26918424317137
118.67,0,8.29744821072844,0.740939889498237,0.841913482523851,0.641449292772899,0.267162005920083
118.68,0,8.3297215881832,0.741268511946012,0.844558709761212,0.642304924099514,0.270833274673006
118.69,0,8.36192842964629,0.740310716934688,0.844422880171302,0.643518249723833,0.270806957465749
118.7,0,8.39406750183507,0.7375471641299,0.845095851684986,0.64347462835817,0.271308747549644
118.71,0,8.42613770499215,0.736807298628539,0.845668651532896,0.641815109078828,0.274449238796309
118.72,0,8.45813807466861,0.736320861804087,0.841941945021968,0.643151476674088,0.265722739979226
118.73,0,8.49006778342851,0.739836660719055,0.841876716870816,0.642424899932637,0.268449895882697
118.74,0,8.52192614247387,0.736480365330505,0.843469774166605,0.641827138546283,0.2703160266043
118.75,0,8.55371260318852,0.737458182730386,0.845097209628528,0.644804078502803,0.268216637630219
118.76,0,8.58542675859993,0.73435435344359,0.842006115538156,0.639079786477923,0.271361947869625
118.77,0,8.6170683447579,0.732814700531681,0.844553048614744,0.643987515475693,0.270235113878874
118.78,0,8.64863724202915,0.733726536563687,0.847288628420094,0.642303891457758,0.268790793429243
118.79,0,8.68013347630719,0.733715147648719,0.844038120336501,0.643635676615071,0.269943814679537
118.8,0,8.71155722013668,0.731432216670603,0.845545474050454,0.643165225854936,0.270440925931226
118.81,0,8.74290879375157,0.732658808796053,0.84309782293573,0.646405935314954,0.269011072734218
118.82,0,8.77418866602671,0.731200409872055,0.846163817613717,0.644490484361872,0.26997697562964
118.83,0,8.80539745534263,0.729265411441436,0.846511496738722,0.64447843260264,0.268316458942542
118.84,0,8.83653593036294,0.729377355712849,0.846073253972276,0.642319255996795,0.271205248905829
118.85,0,8.86760501072444,0.728765262095135,0.845182001215412,0.644908375942041,0.267722058419455
118.86,0,8.89860576763978,0.72849193323336,0.845978160266428,0.645138792250129,0.265941469177943
118.87,0,8.92953942441284,0.72496241652359,0.846368132673238,0.64295768605381,0.268313167805924
118.88,0,8.96040735686681,0.725381765167232,0.846355345977718,0.642428258531415,0.268844978306776
118.89,0,8.99121109368536,0.726949081511963,0.84875380000604,0.643944885903099,0.271206144284948
118.9,0,9.0219523166672,0.726100402038183,0.84721959157041,0.639870954253933,0.272011671939545
118.91,0,9.05263286089464,0.725435952707171,0.848766948812979,0.64423142507324,0.270193391831512
118.92,0,9.08325471481644,0.725063586890553,0.848664443527671,0.643238378750133,0.268775538133022
118.93,0,9.1138200202458,0.726716784555443,0.851185559195426,0.645002160166105,0.270076006903552
118.94,0,9.14433107227427,0.724113666148893,0.8477509269352,0.644393968247167,0.266074998008122
118.95,0,9.17479031910224,0.72366517529364,0.849135488438982,0.644980826641636,0.270153924641957
118.96,0,9.20520036178702,0.720824936283902,0.850710561425839,0.644264658465581,0.267984172742297
118.97,0,9.23556395390966,0.721875515888233,0.851808772718425,0.643855029256849,0.271577949677165
118.98,0,9.26588400116133,0.722349134354085,0.848671652203626,0.64595139253833,0.270371911108822
118.99,0,9.29616356085065,0.720816946796574,0.847143187308017,0.643178407279387,0.269530921496732
119,0,9.32640584133309,0.720838347305788,0.849536656215125,0.647127348302662,0.269781026137799
119.01,0,9.35661420136391,0.719992593455674,0.849157314838997,0.646083660687375,0.269572463959465
119.02,0,9.38679214937579,0.720963675341933,0.84928560333111,0.64522064085173,0.268318041785214
119.03,0,9.41694334268282,0.719777462791414,0.851682253988303,0.645310954459467,0.267697534088343
119.04,0,9.44707158661228,0.716650077217291,0.849480840950218,0.646242578278232,0.268328985120132
119.05,0,9.47718083356577,0.718056602463459,0.848774034803785,0.647052041544993,0.268888744662924
119.06,0,9.50727518201133,0.715821108391546,0.851683459202237,0.64624027827543,0.271206054850758
119.07,0,9.53735887540824,0.71494658331861,0.850792814476878,0.648148486538033,0.27016532989673
119.08,0,9.56743630106623,0.715428950038148,0.851700094574501,0.647336285515534,0.269938372914942
119.09,0,9.59751198894084,0.715894474779644,0.851470250543137,0.644182673480199,0.268641283098325
119.1,0,9.62759061036668,0.715519868972124,0.85267607501146,0.647561377851924,0.270019312659935
119.11,0,9.65767697673068,0.713118978602098,0.851512310694755,0.647171756662762,0.269161750115194
119.12,0,9.68777603808672,0.710347033931909,0.851067467727003,0.646430096802764,0.270410039376046
119.13,0,9.71789288171409,0.710625572748858,0.85146095804951,0.64734060457997,0.268925244707679
119.14,0,9.74803273062136,0.710150066714825,0.854763385405687,0.647813512551801,0.270847842336857
119.15,0,9.77820094199755,0.710547115730904,0.85342423947689,0.645605087826186,0.269012684347297
119.16,0,9.80840300561273,0.710882045410179,0.854698626989068,0.648218254677605,0.268021390399773
119.17,0,9.83864454217001,0.708822512136494,0.854859205710764,0.646626916900434,0.270732205251689
119.18,0,9.8689313016107,0.710447504928274,0.855734145339174,0.645451018394349,0.270477219684768
119.19,0,9.89926916137472,0.707897805245121,0.855559855360505,0.646956970123285,0.267620796792942
119.2,0,9.92966412461823,0.708185696338261,0.853287659479261,0.647805644898436,0.270275741158921
119.21,0,9.9601223183904,0.706601871453739,0.856643913813185,0.65061844147824,0.271404249776798
119.22,0,9.9906499917712,0.707660661427442,0.856513708346155,0.644383336032291,0.266781081460695
119.23,0,10.0212535139723,0.703304120230703,0.854640804526603,0.646838770071134,0.268904142936818
119.24,0,10.0519393724026,0.707141566936795,0.855270864701525,0.649340198919191,0.271267469381931
119.25,0,10.0827141707012,0.703143930696067,0.857261794697935,0.651294893823218,0.271688560467863
119.26,0,10.1135846267379,0.705851894245267,0.854556357389516,0.651154726859849,0.268171067484147
119.27,0,10.1445575705857,0.702037576562473,0.853527757249002,0.648962602169829,0.270306805404861
119.28,0,10.1756399424636,0.705684715800821,0.85697990276831,0.65124090677741,0.270619035066179
119.29,0,10.2068387906555,0.703738463625258,0.856189847412268,0.647054727233497,0.270097330959655
119.3,0,10.2381612694032,0.703789259651675,0.856588937821982,0.649522718961837,0.268458417287892
119.31,0,10.2696146367776,0.70394164561278,0.855783431284556,0.648863808608338,0.271247758491431
119.32,0,10.3012062525287,0.701058856073447,0.857674779702812,0.647229420097323,0.27068911601838
119.33,0,10.3329435759161,0.699306466522807,0.857899156188925,0.651132061360369,0.268198916239061
119.34,0,10.3648341635219,0.699840854770553,0.859485505718499,0.649288693403964,0.270985054558295
119.35,0,10.3968743136087,0.69946212532638,0.858751102795253,0.649090477515437,0.270689644567223
119.36,0,10.4285144950885,0.700313851603984,0.856014321592904,0.651139421615843,0.270329133749307
119.37,0,10.4598708132099,0.699453266242747,0.858047857868241,0.65125803597354,0.271726372333895
119.38,0,10.491296289369,0.69812214338585,0.860570269965695,0.651558099042556,0.271920567372727
119.39,0,10.522885528631,0.698385301550485,0.858873080727164,0.650069340789257,0.271708768976221
119.4,0,10.554662362991,0.697849055262705,0.859569464563139,0.648266765331059,0.27119189095578
119.41,0,10.5866372969391,0.695617106316094,0.859956054872219,0.651372941154224,0.267341951473919
119.42,0,10.6188186719141,0.696038539864891,0.861282399777759,0.650691331173626,0.270587314507803
119.43,0,10.651214548568,0.695291625346673,0.859673383827996,0.650292034629806,0.2704965754061
119.44,0,10.6838330025789,0.695868444159464,0.861910526034562,0.649532833025648,0.274094034627192
119.45,0,10.7166821679305,0.695002127797073,0.861293702664843,0.648319097164539,0.272113094908701
119.46,0,10.7497702414532,0.696238465641955,0.860176546309438,0.652869847659641,0.271190487234724
119.47,0,10.7831054815424,0.692728444510522,0.859528609890778,0.648638873661481,0.271254484026595
119.48,0,10.8166962060083,0.691028087002718,0.862593387159073,0.651104985971198,0.272052733008035
119.49,0,10.8505507897957,0.691805378957558,0.860684024413628,0.651414577678938,0.267747309736305
119.5,0,10.8846776626816,0.692063704785884,0.860452009608138,0.65170478807806,0.270147351213061
119.51,0,10.9190853069688,0.693608923620896,0.861459605123395,0.649980672438966,0.271137388917611
119.52,0,10.953782255176,0.692327961075934,0.859732750029878,0.653028189365982,0.269401613308931
119.53,0,10.9887770877267,0.690948732662785,0.86210418330226,0.651571807266593,0.268669314590059
119.54,0,11.0240784306357,0.686995269091909,0.865098582024136,0.649585283031561,0.268936108281098
119.55,0,11.0596949531943,0.689521658302758,0.863762952697169,0.6513822648388,0.27183314637111
119.56,0,11.0956353656538,0.68664747063273,0.864872268488191,0.651843974733896,0.270813885248231
119.57,0,11.1319084169068,0.686811198459707,0.860084106876335,0.654860213283958,0.271210501270808
119.58,0,11.1685228921666,0.685544459537175,0.866285886859502,0.651968474383503,0.268565769167905
119.59,0,11.205487610645,0.685441225012434,0.862737865665563,0.653372955921882,0.270138465318569
119.6,0,11.2428114232263,0.685078865105939,0.864574974785667,0.654189987208566,0.270423870774433
119.61,0,11.2805032101392,0.685137057486901,0.866351106796556,0.654163793285446,0.2689524308065
119.62,0,11.3185718786254,0.683048006227153,0.863733319491553,0.655030866671713,0.271620254856432
119.63,0,11.357026360604,0.685846939380406,0.862453972320472,0.652982884432815,0.272165400352964
119.64,0,11.3958756103309,0.685068145647948,0.866665962001172,0.654095010877718,0.274169171843815
119.65,0,11.4351286020545,0.680045917088616,0.864348994010614,0.65239924433981,0.270420026525866
119.66,0,11.4747943276638,0.681829627170953,0.865027762436309,0.655165212338347,0.270148910669015
119.67,0,11.5148817943313,0.683445985870384,0.868327564690964,0.65194388842866,0.269743030143269
119.68,0,11.555400022148,0.68001661010065,0.864438377758163,0.654321635406992,0.270679981231519
119.69,0,11.5963580417494,0.68067909741861,0.867713116838388,0.653600200119078,0.269548427573345
119.7,0,11.6377648919338,0.679083901895314,0.86549048908179,0.655092815115245,0.268699833665771
119.71,0,11.6796296172686,0.678188559745717,0.864011454756238,0.653963334599343,0.27094914627779
119.72,0,11.7219612656867,0.678868220486208,0.868741646531176,0.655384182135497,0.271913746727887
119.73,0,11.7647688860698,0.677682179640876,0.871154582651546,0.656477539171972,0.270654584113165
119.74,0,11.8080615258186,0.676492181388117,0.868915806667779,0.657650115202159,0.267932669160022
119.75,0,11.8518482284078,0.677079761449578,0.867564396135597,0.654406505760804,0.267616422100009
119.76,0,11.8961380309259,0.676516780983921,0.86835572623461,0.654138940268811,0.268582883177181
119.77,0,11.9409399615974,0.675748808600733,0.870259196852054,0.652527807663607,0.269504705266045
119.78,0,11.9862630372867,0.674794571506992,0.867892890427812,0.656364024965219,0.269594557107236
119.79,0,12.0321162609822,0.674144166959712,0.868646124034109,0.654786818382073,0.268106087304125
119.8,0,12.0785086192593,0.671670388118791,0.868645605635246,0.655988055083516,0.267843129973051
119.81,0,12.1254490797212,0.6717391900234,0.869421658690881,0.655952717258844,0.269957225676944
119.82,0,12.1729465884152,0.671228670890857,0.872013424560058,0.654745660919582,0.270208833154541
119.83,0,12.2210100672245,0.66966690346208,0.870880222144898,0.655780030848347,0.271738803392645
119.84,0,12.2696484112325,0.668600666818289,0.871313869078383,0.656324225333341,0.268880738128915
119.85,0,12.3188704860598,0.671992240058572,0.874757502475011,0.654752153706375,0.270517986324008
119.86,0,12.3686851251705,0.668128481563912,0.869435700694032,0.654082187310804,0.27205695805266
119.87,0,12.4191011271482,0.665389592540296,0.873665995281115,0.655597856478139,0.269460853057104
119.88,0,12.4701272529394,0.669994140682564,0.874039909339261,0.656925269307352,0.270218385939782
119.89,0,12.5217722230624,0.665844292391876,0.870626854640253,0.653256317369388,0.270235488367809
119.9,0,12.5740447147808,0.666915390244279,0.87335773378621,0.65509830597928,0.268625096674185
119.91,0,12.6269533592409,0.664887289270462,0.873105300019771,0.656183172815326,0.270505169250011
119.92,0,12.6805067385693,0.664843055712956,0.874845392178183,0.656263632408684,0.269108093944211
119.93,0,12.7347133829318,0.664609111485478,0.874358434425988,0.65472530177368,0.271747417807395
119.94,0,12.7895817675504,0.663053772349,0.872824122063173,0.653576944247112,0.271096080900984
119.95,0,12.8451203096784,0.661633606812825,0.87560630125794,0.658880913932767,0.269676236048443
119.96,0,12.9013373655307,0.659688714556323,0.874022010738315,0.656039636646153,0.269026015751637
119.97,0,12.9582412271693,0.657922628833353,0.874061950457956,0.655183300243389,0.270512440595733
119.98,0,13.0158401193421,0.659338676607561,0.872705876045668,0.658093823103645,0.269579333064982
119.99,0,13.0741421962737,0.658018524851181,0.874253653327014,0.65809531009927,0.272942776991661
120,0.85,13.1331555384077,0.655958164628973,0.877410002957392,0.656346728603346,0.267449653339623
120.01,0.85,13.1928881490978,0.658633834410289,0.875493423668034,0.656681629055478,0.271694784449673
120.02,0.85,13.2533479512483,0.656768421976692,0.874899865883389,0.653961515860236,0.26809427423725
120.03,0.85,13.3145427839024,0.653102141512763,0.875250975151051,0.655685825084036,0.267649606901341
120.04,0.85,13.376480398776,0.654625066196778,0.874933896390381,0.653482701769263,0.272447909830954
120.05,0.85,13.4391684567382,0.654407074251909,0.875705470988496,0.657209808717757,0.268929199577381
120.06,0.85,13.5026145242363,0.653600697133016,0.877218100454634,0.657213826234675,0.272136733163971
120.07,0.85,13.5668260696646,0.652504763730897,0.87489296321988,0.659759631928579,0.270975647738341
120.08,0.85,13.6318104596766,0.652367891910256,0.877442349114521,0.656190857960948,0.269476428231373
120.09,0.85,13.6975749554398,0.646854475071653,0.879160283591414,0.657799660344264,0.269208919595882
120.1,0.85,13.7641267088323,0.650100983658601,0.87543028361267,0.65710485344504,0.272209541624391
120.11,0.85,13.8314727585814,0.650371694615455,0.877580987645906,0.656575474212853,0.269080491567781
120.12,0.85,13.8996200263433,0.649575120413384,0.877452242120545,0.654305704260065,0.270102556935061
120.13,0.85,13.9685753127231,0.644380817746062,0.878327135181636,0.656476429614983,0.267742004364156
120.14,0.85,14.0383452932366,0.647992777366873,0.877178392303421,0.654793463355764,0.268259490300089
120.15,0.85,14.1089365142116,0.643085512721541,0.878871341512221,0.654105022765705,0.273202153252007
120.16,0.85,14.1803553886301,0.642394543470572,0.881391134727087,0.657988224816369,0.273573769000395
120.17,0.85,14.2526081919123,0.645673770600481,0.880926883458969,0.656868074685687,0.269076700590433
120.18,0.85,14.3257010576399,0.64229313710659,0.879479842368216,0.658018627748305,0.271834977989277
120.19,0.85,14.3996399732222,0.643398325677628,0.878730520198727,0.656873271232643,0.266725724411663
120.2,0.85,14.474430775503,0.641429030341922,0.87941802846399,0.655758410023371,0.270783912106541
120.21,0.85,14.5500791463108,0.640762491208378,0.883147781123259,0.65537948808737,0.268563099133206
120.22,0.85,14.6265906079517,0.640527063794588,0.880633595807607,0.659427968218565,0.268880727176008
120.23,0.85,14.7039705186466,0.639303681601217,0.880764779570687,0.655374453727922,0.269230057849008
120.24,0.85,14.7822240679128,0.6348416728765,0.880956743324866,0.659146231895443,0.267688060622296
120.25,0.85,14.8613562718931,0.638852195157237,0.883920170622017,0.656627909424872,0.270163116512714
120.26,0.85,14.9413719686311,0.636488756249004,0.883976922184078,0.655272326828164,0.268762855304511
120.27,0.85,15.0222758132961,0.636520136400053,0.882823691215631,0.656923329069162,0.269514535535485
120.28,0.85,15.1040722733584,0.634175171992443,0.880191901012544,0.6586898701009,0.271545680106194
120.29,0.85,15.1867656237167,0.634764506128238,0.881572471831321,0.655634932521281,0.271920882911234
120.3,0.85,15.2703599417796,0.633129865596932,0.882411412146578,0.658721533215634,0.268358001198583
120.31,0.85,15.3548591025035,0.633046781239886,0.882370514526499,0.656836938072414,0.269834760655132
120.32,0.85,15.4402667733884,0.631672550874315,0.883440292938565,0.658154933594064,0.269825336686375
120.33,0.85,15.5265864094347,0.628256032253219,0.886216111685242,0.656325747003625,0.269817412986506
120.34,0.85,15.613821248063,0.630739907691541,0.883241202756845,0.6581626163002,0.266540888037276
120.35,0.85,15.701974304,0.625893647625902,0.887093321684687,0.655155448629569,0.26893109922756
120.36,0.85,15.7910483641328,0.627703254950799,0.885623681142155,0.654666791655341,0.270014563222564
120.37,0.85,15.8810459823351,0.626742729811733,0.885255591047696,0.658569585171954,0.268763191202751
120.38,0.85,15.9719694742681,0.623221367611391,0.886635134138789,0.656399107381314,0.270560029177865
120.39,0.85,16.06382091216,0.621378148528071,0.887713707929917,0.657686678256401,0.271518375225463
120.4,0.85,16.1566021195665,0.621296797392699,0.886301450040802,0.654461442818661,0.272178010799339
120.41,0.85,16.2503146661179,0.619134322196941,0.885452919623642,0.657174982812158,0.270118758964825
120.42,0.85,16.3449598622538,0.622288062228589,0.887838531967692,0.656286995974743,0.270926240347057
120.43,0.85,16.4405387539526,0.618683621226983,0.886616102232126,0.653927239387823,0.270750447610171
120.44,0.85,16.5370521174577,0.61483121154439,0.887571718906313,0.656362980883498,0.26993471319578
120.45,0.85,16.6345004540053,0.616843369666798,0.887782661499393,0.65741340711955,0.268796863543947
120.46,0.85,16.7328839845593,0.618913684865972,0.8874639876359,0.656133325236385,0.269545059178462
120.47,0.85,16.8322026445562,0.613148471580408,0.885286226318841,0.656813203173297,0.270838673160711
120.48,0.85,16.9324560786668,0.613239724378523,0.885913090333196,0.656097160023036,0.268200357368133
120.49,0.85,17.0336436355778,0.612100646401911,0.888771591245332,0.653344540470782,0.267245173662322
120.5,0.85,17.1357643628006,0.610834369368014,0.887462495614633,0.656349125884951,0.269110419017567
120.51,0.85,17.2388170015099,0.609316264076651,0.888542862549153,0.653988087967702,0.269956753679274
120.52,0.85,17.3427999814211,0.610025521373791,0.890669023926465,0.655334154119867,0.272245179763357
120.53,0.85,17.4477114157081,0.606081371066947,0.888895280708678,0.657866522220542,0.26967766850898
120.54,0.85,17.553549095971,0.606548656945382,0.88815707355778,0.65773556431705,0.274444926667147
120.55,0.85,17.660310487257,0.606046374922358,0.890291884531213,0.654669512512462,0.270215258032779
120.56,0.85,17.7679927231421,0.602810397190326,0.891542670263776,0.652876998387975,0.273000808884484
120.57,0.85,17.8765926008789,0.602797889711332,0.891344168743108,0.654751260190102,0.270398167188513
120.58,0.85,17.9861065766175,0.604584685618002,0.892299494971182,0.657785830140312,0.268735446366907
120.59,0.85,18.0965307607056,0.60296168893434,0.891334736580747,0.65273509970129,0.270845543342814
120.6,0.85,18.207860913074,0.600037788842552,0.892929199662963,0.654939541120932,0.27036642324247
120.61,0.85,18.3202343639424,0.59846001908891,0.890805946127194,0.654567742170298,0.268133592258247
120.62,0.85,18.435592126799,0.600374057386647,0.892405146342586,0.654211552194249,0.270808253178771
120.63,0.85,18.5531931314224,0.597793318037019,0.891681114258467,0.6566867466272,0.270055937989832
120.64,0.85,18.6720657926827,0.597639057375096,0.891530805828596,0.653540818728539,0.271137401617526
120.65,0.85,18.7919457522668,0.596295345936386,0.892889756386566,0.651296885327829,0.27361095840325
120.66,0.85,18.9127698767389,0.593733317267514,0.89403247858737,0.652661787593046,0.270548373611406
120.67,0.85,19.0345196809974,0.594558951815398,0.894191860725764,0.653602146918104,0.268996988917708
120.68,0.85,19.1571857115007,0.593278805587235,0.891859639026687,0.654797511093575,0.270381992447548
120.69,0.85,19.2807600426138,0.59090876128374,0.891726993071502,0.653660437397644,0.268749410038559
120.7,0.85,19.4052347312506,0.588479288826867,0.895817699773796,0.653219756095909,0.269912933433537
120.71,0.85,19.5306014987877,0.585566699951545,0.896286751531054,0.653799729305198,0.268696977347738
120.72,0.85,19.6550373481811,0.58698065235357,0.892988213086186,0.653820929686173,0.270072141031095
120.73,0.85,19.7649671118722,0.585689576043221,0.894869501593838,0.654533315392255,0.270673967541384
120.74,0.85,19.8673201595427,0.586599078428083,0.893421653076597,0.653153642803782,0.266492887782006
120.75,0.85,19.9681744274547,0.58326371656482,0.893464671304809,0.65232248950048,0.270483892668311
120.76,0.85,20.0546145560679,0.586384618316625,0.895475193692378,0.654231110179744,0.267550654847368
120.77,0.85,20.1181052930264,0.58607967511377,0.893672303969932,0.65518133639027,0.268022815140376
120.78,0.85,20.1747166435988,0.585630155881945,0.895063665902521,0.654491724519418,0.271909050951356
120.79,0.85,20.2298743067588,0.579996812548439,0.897225227512408,0.652993009187084,0.269393135174425
120.8,0.85,20.2848217512794,0.581571708761114,0.8980279531104,0.651685341455329,0.268545019712923
120.81,0.85,20.339808944704,0.578814230156782,0.897427001770531,0.651859088234515,0.267624005114941
120.82,0.85,20.3948739243855,0.579636694069945,0.897233237822368,0.653124725426654,0.269547115718621
120.83,0.85,20.4500109092934,0.584408690590451,0.898585146269439,0.653027353748439,0.271619364369055
120.84,0.85,20.5052050468507,0.579606919387033,0.896773843114751,0.653012545445231,0.271020241852768
120.85,0.85,20.5604394958563,0.579454807716391,0.897112957756668,0.648470617023572,0.268225033856693
120.86,0.85,20.6156968651694,0.579415333795116,0.895876971874585,0.651354973891823,0.270394993399578
120.87,0.85,20.6709595086357,0.580421345968446,0.898905998766241,0.652588226454994,0.268870134861875
120.88,0.85,20.7262095891567,0.582248586254011,0.896203918045508,0.651825952209226,0.271302549119868
120.89,0.85,20.7814290964012,0.575680788873201,0.897632187205487,0.65154419185316,0.270656872725859
120.9,0.85,20.8365998553595,0.57931021914914,0.896810516270583,0.652787745909867,0.27176087134002
120.91,0.85,20.8917035332296,0.577936077819293,0.899653099889831,0.649729141857129,0.271515692460943
120.92,0.85,20.9467216461382,0.578525633321111,0.898686386513273,0.650193969000361,0.26628460368989
120.93,0.85,21.0016355659962,0.577692717144533,0.898215527240957,0.650832954686616,0.269717389123063
120.94,0.85,21.0564265275495,0.575991891037959,0.899315666889383,0.649013459817891,0.269092326281009
120.95,0.85,21.1110756356338,0.573853139492998,0.902106666228958,0.651229358321439,0.271926249740382
120.96,0.85,21.1655638726349,0.576670173771112,0.90070826352095,0.651554765671135,0.269724710214643
120.97,0.85,21.2198721061519,0.575298824700388,0.901436547492404,0.649688995817345,0.269744289459608
120.98,0.85,21.273981096861,0.576996486853879,0.902175990774736,0.649086522148175,0.266406025574796
120.99,0.85,21.3278715065773,0.57457638379274,0.900328600853385,0.650627709146919,0.270242424588611
121,0.85,21.3815239065098,0.572135728851069,0.901919017060047,0.649225087179667,0.271274656056212
121.01,0.85,21.4349187857082,0.576696432049301,0.898869865020062,0.647583038083452,0.268322747722301
121.02,0.85,21.4880365596958,0.574283508811923,0.900447369827235,0.647777046586339,0.27131185881907
121.03,0.85,21.5408575792849,0.572767511031809,0.900963191043994,0.650248245385144,0.27107176677112
121.04,0.85,21.5933621395694,0.573813984672715,0.899205433442177,0.648874326132233,0.270412302589121
121.05,0.85,21.6455304890913,0.576852295801532,0.901888119310389,0.646909482566719,0.271758217447907
121.06,0.85,21.697342839174,0.57421894040614,0.902247885214603,0.645933062129791,0.268508575677869
121.07,0.85,21.7487793734179,0.571797255618297,0.899600513771639,0.646265415674512,0.269672875051293
121.08,0.85,21.7998202573522,0.572086483891988,0.903412811516474,0.644867557513141,0.26841242965205
121.09,0.85,21.8504456482363,0.573572192914211,0.902011748201231,0.649062126147031,0.271879037988609
121.1,0.85,21.9006357050054,0.570493494323215,0.90270260516475,0.648869057725283,0.269280722211278
121.11,0.85,21.950370598352,0.570370260444447,0.901913694152485,0.647660232404966,0.27087798490406
121.12,0.85,21.9996305209371,0.571758334392411,0.904852937778778,0.647583207619842,0.270644655461743
121.13,0.85,22.0483956977244,0.570158468270606,0.900854117462932,0.646000813939403,0.272319019858935
121.14,0.85,22.0966463964276,0.570699561066323,0.904901735370684,0.647182867409842,0.271261827630699
121.15,0.85,22.1443629380653,0.569183765255554,0.903587015006463,0.64500285023515,0.269821279558573
121.16,0.85,22.1915257076135,0.568982116948702,0.904420673045232,0.646913932734899,0.269410251129239
121.17,0.85,22.2381151647483,0.568205297494801,0.903958953832791,0.648775797359361,0.267685388291032
121.18,0.85,22.2841118546692,0.568055494444129,0.899782688361839,0.647533918732246,0.271689208680816
121.19,0.85,22.3294964189948,0.568860742099049,0.903713740733542,0.646232166336043,0.271037100912828
121.2,0.85,22.3742496067205,0.569447096926467,0.904147533243284,0.647148569351089,0.270487451541268
121.21,0.85,22.4183522852303,0.568372941074521,0.904507598351429,0.645218130925443,0.269117999109273
121.22,0.85,22.4617854513516,0.567384960578606,0.904950573634118,0.648375232485201,0.269262257416992
121.23,0.85,22.5045302424434,0.567519259520716,0.906490029793302,0.645904436804464,0.268906701891374
121.24,0.85,22.5465679475086,0.565633198294618,0.905443140822693,0.648656872290535,0.270743911473373
121.25,0.85,22.5878800183195,0.565745361138745,0.907909445169771,0.645460257468451,0.269838157054703
121.26,0.85,22.628448080545,0.56736423991956,0.907303961644721,0.645931671519993,0.269056881567453
121.27,0.85,22.6682539448718,0.56553654050092,0.906281668479908,0.645623487146074,0.268333195786023
121.28,0.85,22.7072796181054,0.564838349405626,0.906252008084406,0.6457129373298,0.268433315348254
121.29,0.85,22.7455073142426,0.565025328306794,0.909756877227085,0.64549515272652,0.269436056878153
121.3,0.85,22.7829194655031,0.565236201989199,0.907244084501346,0.645077188218282,0.272741168189787
121.31,0.85,22.8194987333102,0.566252719536805,0.906532976154115,0.643239714948925,0.268037388312799
121.32,0.85,22.8552280192079,0.566772481323548,0.907952211363331,0.645479091953931,0.271778896133373
121.33,0.85,22.8900904757052,0.565633990383583,0.906390020920875,0.644523255786759,0.271570041702462
121.34,0.85,22.9240695170348,0.563947223198578,0.906005215096514,0.644082073385274,0.271846099762362
121.35,0.85,22.9571488298147,0.564508299082474,0.908365469018415,0.645738361450261,0.270120245756987
121.36,0.85,22.9893123836036,0.562255473741648,0.907958039874828,0.646515755187985,0.270845301131904
121.37,0.85,23.0205444413359,0.565479618766687,0.907299509767269,0.646870124299286,0.272066561029356
121.38,0.85,23.0508295696267,0.563686596698328,0.90623989647453,0.644160025790182,0.269977976987564
121.39,0.85,23.0801526489361,0.56217127340205,0.908466471253993,0.645524366260625,0.271289985971575
121.4,0.85,23.1084988835794,0.563521471636119,0.911042932999897,0.645825000658325,0.271494556243747
121.41,0.85,23.1358538115744,0.563663616239633,0.911570527788959,0.645551351056628,0.268561380445857
121.42,0.85,23.1622033143136,0.562974081072101,0.907054582697845,0.644567076393109,0.269059917219924
121.43,0.85,23.1875336260504,0.563057470803337,0.909732962522724,0.644789809667804,0.269616211702898
121.44,0.85,23.2118313431889,0.562245782727105,0.90750932738282,0.644755649551694,0.268204456327767
121.45,0.85,23.2350834333669,0.563478140920555,0.906389910753961,0.643322463713206,0.269013636079
121.46,0.85,23.25727724432,0.564963749916618,0.909829053916612,0.644078332567687,0.270793581884596
121.47,0.85,23.2784005125196,0.56379275290757,0.910267215424018,0.642879153759955,0.270293776088002
121.48,0.85,23.2984413715712,0.560764785128328,0.912329655462053,0.645459622053057,0.271571763660487
121.49,0.85,23.3173883603655,0.565050567817861,0.911494397730469,0.642311949410802,0.270930750287302
121.5,0.85,23.335230430972,0.559645729614156,0.908815043807576,0.641481687023456,0.270405495356258
121.51,0.85,23.3519569562656,0.563238233746962,0.910517920466767,0.641984748343073,0.270706570424782
121.52,0.85,23.3675577372768,0.561563050395202,0.910926596191528,0.64405974883323,0.271242042093566
121.53,0.85,23.3820230102575,0.562877326861082,0.913775396027199,0.640564114665938,0.271019835909517
121.54,0.85,23.3953434534529,0.561802860946708,0.910690723364585,0.64171305111091,0.269169065575715
121.55,0.85,23.4075101935721,0.564512723673469,0.911267161081943,0.644128451289371,0.268248065925726
121.56,0.85,23.4185148119484,0.56356474704897,0.910154520141111,0.641896227094247,0.269362552386192
121.57,0.85,23.4283493503835,0.559385299038984,0.912946828224005,0.644894494504618,0.270120671333319
121.58,0.85,23.437072685666,0.565724996757908,0.911313059899426,0.642559502710875,0.269160158368768
121.59,0.85,23.4454300538919,0.559262395162118,0.911311656520138,0.642830260868818,0.270227788408957
121.6,0.85,23.4536040418367,0.560432061758695,0.910485045445448,0.642779855646794,0.26877685929612
121.61,0.85,23.461593902608,0.562605331257753,0.912249315041682,0.642742577282496,0.268773196990668
121.62,0.85,23.4693989355554,0.56459027595024,0.913045286190955,0.643842349798754,0.269370410468741
121.63,0.85,23.4770184864008,0.562736683212674,0.912603918151962,0.647076607220947,0.269788915493475
121.64,0.85,23.4844519473553,0.56169223531394,0.911047976491076,0.644594298731183,0.2674611128148
121.65,0.85,23.4916987572221,0.563797008144018,0.910594245393742,0.639523030687724,0.268151641851245
121.66,0.85,23.4987584014845,0.56240711120788,0.911338324363504,0.642755782272461,0.267809733151779
121.67,0.85,23.5056304123815,0.560908156898753,0.911993492592698,0.64157703310473,0.26958988826072
121.68,0.85,23.5123143689678,0.561414140313842,0.915141602041897,0.643335508695952,0.269743481500305
121.69,0.85,23.518809897161,0.56120631870491,0.911689262938353,0.644120533186191,0.270439599617327
121.7,0.85,23.5251166697743,0.562784500516974,0.914886636821209,0.643185069781631,0.271096013172442
121.71,0.85,23.5312344065354,0.562682375713343,0.911307106361578,0.643605972928622,0.271939151001093
121.72,0.85,23.5371628740914,0.563162063412557,0.913807184162912,0.643134694974483,0.269625335437157
121.73,0.85,23.5429018860002,0.56295095122714,0.914020019886066,0.644470892304513,0.271200179221312
121.74,0.85,23.548451302707,0.56291997064448,0.914544778453115,0.644946692394229,0.271616083705403
121.75,0.85,23.5538110315083,0.563231908525891,0.913867849962333,0.642976983913714,0.271340881988912
121.76,0.85,23.5589810265006,0.563585962203423,0.91498004011488,0.642408197349128,0.270246578357668
121.77,0.85,23.5639612885166,0.562915307750514,0.912660925137436,0.645327527244539,0.270274818414774
121.78,0.85,23.5687518650463,0.562260044312673,0.915704216546566,0.644699116360866,0.267750965907021
121.79,0.85,23.5733528501454,0.562700518256238,0.914560196196025,0.644042082469025,0.27032906659572
121.8,0.85,23.5535885553492,0.56370832236562,0.912939449180199,0.642298651034285,0.268756543239867
121.81,0.85,23.4593771977091,0.56307627066408,0.915870172748171,0.64591412913989,0.270460397161232
121.82,0.85,23.4177629362677,0.565199975274061,0.913254259662707,0.643574437980748,0.270286453120382
121.83,0.85,23.391585223037,0.566331030337077,0.91500036936259,0.641653358487237,0.269279657870181
121.84,0.85,23.3676562470771,0.565649049771355,0.914406868990543,0.643377328631504,0.268288873514166
121.85,0.85,23.3431667723398,0.5657406752202,0.914858146171705,0.644581011670801,0.273219572660261
121.86,0.85,23.3175967642782,0.565895934496426,0.914119268478234,0.642487205605174,0.269822636181767
121.87,0.85,23.2908595711799,0.566300323732319,0.916041319101148,0.642573207660188,0.271050936090105
121.88,0.85,23.2629462797028,0.567241089967694,0.915787453413971,0.643228411502098,0.269915434139045
121.89,0.85,23.2338618766884,0.566864703813436,0.915124958384976,0.64479308646332,0.269960324833585
121.9,0.85,23.2036141101914,0.564600664124151,0.914251496540759,0.645008340321016,0.269445290460074
121.91,0.85,23.172211568254,0.569010408639254,0.914262156712675,0.6456610639257,0.271375342932101
121.92,0.85,23.1396633452463,0.566678560419423,0.913808838504911,0.643887451894225,0.272035256953983
121.93,0.85,23.1059789792278,0.56753007408972,0.914351049990348,0.643006719740753,0.269682929398455
121.94,0.85,23.0711684351563,0.56919260405157,0.91832051799162,0.643930247325282,0.268270803338815
121.95,0.85,23.035242095631,0.566779202642056,0.917127926253656,0.643523545056477,0.270309569570376
121.96,0.85,22.9982107526803,0.566933892814338,0.915007950411913,0.643562342295606,0.270267502302925
121.97,0.85,22.9600855995041,0.566792838061527,0.916404563700641,0.642740065594859,0.270605277422712
121.98,0.85,22.9208782219938,0.566978055757267,0.915138524890066,0.642752651345096,0.269070063120041
121.99,0.85,22.8806005900086,0.571106538580012,0.917318369975832,0.64333366751997,0.27052659961396
122,0.85,22.8392650484138,0.567420672984237,0.915317721839788,0.642823737911048,0.270510631976139
122.01,0.85,22.7968843078888,0.568001533620205,0.916987868144822,0.644979798701276,0.27077783151209
122.02,0.85,22.7534714355166,0.569171989019423,0.917968796385745,0.645961067775929,0.26972642255865
122.03,0.85,22.709039845164,0.569077339944449,0.915489199350573,0.642086522087452,0.27140267340891
122.04,0.85,22.6636032876647,0.572306898376724,0.915871154934791,0.64327915389406,0.269800568940429
122.05,0.85,22.6171758408147,0.570892689150297,0.918252550981445,0.642961009922859,0.269384060008926
122.06,0.85,22.5697718991926,0.571687909270726,0.917627246090218,0.643937887500647,0.268446648497294
122.07,0.85,22.5214061638141,0.572491943586097,0.918060257877787,0.646376557769988,0.269547231029135
122.08,0.85,22.4720936316346,0.571827874074102,0.916814681412476,0.645969437245288,0.269413708349755
122.09,0.85,22.4218495849083,0.572816007647442,0.915041462530321,0.641703320308659,0.271010931367814
122.1,0.85,22.3706895804175,0.572709933931259,0.917423148858032,0.643338410214427,0.272732088565666
122.11,0.85,22.3186294385822,0.576306673204856,0.917196709548221,0.645272573603116,0.268878650301649
122.12,0.85,22.2656852324626,0.573750643581245,0.91675061728719,0.644332460001834,0.269999055479898
122.13,0.85,22.2118732766651,0.575892844167511,0.918560801545963,0.65010545057387,0.270770337253253
122.14,0.85,22.1572101161634,0.577920701389004,0.916138304510696,0.644655174867224,0.272823205115808
122.15,0.85,22.101712515047,0.57595394708193,0.917472158097372,0.645205891216036,0.270401424625046
122.16,0.85,22.0453974452072,0.575117557097312,0.91927133511606,0.644901233336329,0.269874785438271
122.17,0.85,21.9882820749737,0.575094704013786,0.916030825275997,0.644095312957905,0.271145618052548
122.18,0.85,21.9303837577114,0.57540096846726,0.918221233986873,0.645384603511427,0.269162076852103
122.19,0.85,21.8717200203895,0.581015252152995,0.920025963501779,0.644192869889804,0.270465375758656
122.2,0.85,21.8123085521339,0.579316027707382,0.915657150267683,0.647780769275487,0.27140847404416
122.21,0.85,21.7521671927744,0.579251812550082,0.91664196683105,0.642722881088132,0.269249671932358
122.22,0.85,21.691313921396,0.579573085795585,0.916910696016317,0.645082263346849,0.270221540682265
122.23,0.85,21.6297668449073,0.580913905877677,0.919015213417424,0.648939242751707,0.267981773844451
122.24,0.85,21.5675441866341,0.579261965315797,0.918579552622814,0.645216744068362,0.270160150066797
122.25,0.85,21.5046642749504,0.579943402541822,0.916391650722809,0.64620841227113,0.272547549772365
122.26,0.85,21.4411455319566,0.583414747488985,0.915469661978897,0.646833389869262,0.272050834778013
122.27,0.85,21.3770064622138,0.585263657578777,0.918664028243042,0.647178583303441,0.270675307815467
122.28,0.85,21.3122656415454,0.585013982837796,0.919464794233183,0.648109923143072,0.273111876189106
122.29,0.85,21.2469417059151,0.582456991089617,0.91986205555717,0.648198291659533,0.269244473312962
122.3,0.85,21.1810533403896,0.582810724513974,0.918690637665267,0.647076479395873,0.270423241775948
122.31,0.85,21.1146192681968,0.58307152010889,0.921489618897902,0.649542988415224,0.271600592632557
122.32,0.85,21.0476582398868,0.584716564808887,0.918690474137746,0.645242711883267,0.266435580424989
122.33,0.85,20.980189022605,0.585744182490406,0.91958571588611,0.649456029310951,0.271166357355292
122.34,0.85,20.9122303894854,0.58622570715946,0.921512461593132,0.649677522732344,0.26982229262969
122.35,0.85,20.8438011091723,0.585761848883305,0.918954280296094,0.649202658820695,0.270768519536247
122.36,0.85,20.7749199354775,0.584693753242452,0.920225083875934,0.647955885477416,0.270345910966947
122.37,0.85,20.7056055971808,0.588298216731421,0.917638093301879,0.650089967697171,0.26853056040521
122.38,0.85,20.6358767879814,0.587744463462057,0.919428426881579,0.647486273915361,0.270759052203931
122.39,0.85,20.5657521566059,0.591134525007607,0.921026551737916,0.64541825867228,0.273091597842713
122.4,0.85,20.4952502970806,0.591012699289686,0.91921275311717,0.646531132450654,0.268719161691458
122.41,0.85,20.4243897391728,0.592490203315628,0.917921648732676,0.645700565388129,0.268589068632277
122.42,0.85,20.3531889390092,0.590412565979966,0.91884192410035,0.647282461316434,0.270582721650012
122.43,0.85,20.2816662698737,0.594867128980429,0.918416980658941,0.648942955808355,0.270993300802445
122.44,0.85,20.2098400131942,0.592692307701459,0.919022316301668,0.650077964109445,0.271458064536322
122.45,0.85,20.1377283497182,0.591938627294953,0.918380700031205,0.64868636257306,0.272409122184343
122.46,0.85,20.0653493508869,0.594502185115745,0.917178616340858,0.650207281919981,0.269093457599315
122.47,0.85,19.9927209704074,0.597481439805331,0.918196430913826,0.649312458020716,0.271792123735896
122.48,0.85,19.9198610360313,0.597976386571653,0.916781184814136,0.647532749326335,0.269364421551743
122.49,0.85,19.8467872415392,0.595606027940544,0.919041664731992,0.65018243060158,0.27157992101956
122.5,0.85,19.7735171389378,0.596997860803122,0.918107731124915,0.649828461428033,0.267964283304417
122.51,0.85,19.7000681308706,0.598899104035418,0.918570707861462,0.649466226993805,0.270535913708247
122.52,0.85,19.6264574632456,0.602839439615646,0.916181332294147,0.650831932717371,0.268265602751331
122.53,0.85,19.552702218082,0.60027806326816,0.919265736112456,0.651498882070304,0.269624865005821
122.54,0.85,19.478819306579,0.596706912999382,0.918820849693788,0.650603115054202,0.268306524502394
122.55,0.85,19.4053134325329,0.600374275537538,0.918461101816621,0.648864399178199,0.271313177101846
122.56,0.85,19.3333507724888,0.600996540623475,0.915714210610302,0.651312700061288,0.267783875027537
122.57,0.85,19.2618516957621,0.60223164228628,0.91746464229682,0.650934200851365,0.268785064199967
122.58,0.85,19.1903812122544,0.601398758920041,0.917629020218002,0.649592296203751,0.269887190211814
122.59,0.85,19.1188712330275,0.60294365071041,0.92145020420839,0.651619410860421,0.271073792496363
122.6,0.85,19.0473246124947,0.603174179373498,0.919258988085327,0.649484659398351,0.268027360590537
122.61,0.85,18.9757547135031,0.605519198857644,0.916220379736972,0.652817562236246,0.272943204820844
122.62,0.85,18.9041760968717,0.605029536264065,0.917180690164672,0.65258865300694,0.270641994507066
122.63,0.85,18.8326032803333,0.606087337229377,0.921294973123516,0.654074210266556,0.271392586975072
122.64,0.85,18.7610505866793,0.607740811167248,0.917497269476042,0.651255213233731,0.268031678207527
122.65,0.85,18.6895321235481,0.608946303714381,0.918527096842922,0.651295250115258,0.268889733772588
122.66,0.85,18.6180617777567,0.60905360728298,0.915190530848711,0.65083962700622,0.268274151773163
122.67,0.85,18.5466532112315,0.609270427746563,0.916667308417555,0.651088320661363,0.27230843247573
122.68,0.85,18.4753198572612,0.607640632223025,0.916691133056286,0.652495004073024,0.269151039194151
122.69,0.85,18.4040749169599,0.610452891489314,0.917600372085552,0.651319391057216,0.271204195580706
122.7,0.85,18.332931355933,0.610462342006429,0.919054716039861,0.652209299721504,0.265906588772462
122.71,0.85,18.2619019011425,0.609197278378382,0.918914467175039,0.650377282532193,0.271154677742724
122.72,0.85,18.1909990379715,0.611738934644114,0.917970106262234,0.653070052857853,0.270905844817519
122.73,0.85,18.1202350074846,0.611617952099737,0.919097275249318,0.654529290998248,0.269623018664774
122.74,0.85,18.0496218038815,0.613865314499918,0.917290636588094,0.651514572345957,0.271058411534462
122.75,0.85,17.9791711721426,0.61411267531108,0.919321729440443,0.654091342593556,0.269807150980823
122.76,0.85,17.9088946058623,0.616157324302572,0.917647413507643,0.651444803390291,0.271556745346413
122.77,0.85,17.8388033452682,0.615533952029929,0.918436606886654,0.652797868195859,0.271280512587059
122.78,0.85,17.7689083754232,0.617449335336149,0.919808002712108,0.651969749664107,0.269425969610271
122.79,0.85,17.6992204246069,0.616195922841442,0.917877964668536,0.653198208397935,0.269804309032335
122.8,0.85,17.629749962874,0.616837643920282,0.917765833813037,0.652265791160769,0.26946471352633
122.81,0.85,17.5605072007848,0.621860978455804,0.916732750552461,0.656920236455761,0.270202515243498
122.82,0.85,17.4915020883065,0.617215052285208,0.917717869580898,0.653464367099454,0.272199587618234
122.83,0.85,17.4227443138807,0.619369183655272,0.916734440751145,0.653605930363519,0.268964422793856
122.84,0.85,17.3542433036532,0.623442652078118,0.91807546429583,0.655035301230619,0.271552656046511
122.85,0.85,17.2860082208635,0.622662651013694,0.919037937714239,0.652988274590309,0.272212784428557
122.86,0.85,17.2180479653896,0.620288844232281,0.916892640459084,0.656460978154202,0.271525808174596
122.87,0.85,17.1503711734447,0.624067369283769,0.919035706314761,0.653936218971657,0.27167084349893
122.88,0.85,17.082986217422,0.622064034741698,0.918529170039195,0.657329817346873,0.270403184018118
122.89,0.85,17.0159012058835,0.625733854704493,0.915477130640622,0.655531294788733,0.271373064512673
122.9,0.85,16.9491239836898,0.625275947689284,0.918330667738366,0.654995686802335,0.271657735538664
122.91,0.85,16.8826621322657,0.628078340364848,0.91598881392585,0.655177252304162,0.270773873208686
122.92,0.85,16.8165229699991,0.625527848436259,0.918980266800204,0.653717747788471,0.268036015029542
122.93,0.85,16.7507135527681,0.628779850814827,0.91951479990253,0.653856040049332,0.272650897440594
122.94,0.85,16.6852406745936,0.627218458635791,0.917312888809509,0.652699186471196,0.271335169402133
122.95,0.85,16.6201108684124,0.631262697153974,0.91833592341261,0.65643233032397,0.270300439505514
122.96,0.85,16.5553304069674,0.629469982189302,0.914684473831982,0.655199035360722,0.267061820093234
122.97,0.85,16.4909053038111,0.631865088212583,0.914725121708971,0.656512842783261,0.268390507056151
122.98,0.85,16.4268413144189,0.632859930008271,0.919600955969255,0.657148746622891,0.271565870303732
122.99,0.85,16.3631439374067,0.632707703872429,0.918816730367965,0.656771884770282,0.268956519068926
123,0.85,16.2998184158514,0.634183277159153,0.915806861116479,0.658303066115145,0.270830383984683
123.01,0.85,16.2368697387086,0.633621402563269,0.918998157537079,0.658928029242495,0.270374754700507
123.02,0.85,16.1743026423249,0.633901679009599,0.915343815981078,0.653216515836833,0.272455286938045
123.03,0.85,16.1121216120401,0.634084582555224,0.916218553787256,0.656231948846606,0.271113335703839
123.04,0.85,16.0503308838767,0.63807763368783,0.91791865464808,0.655812141794037,0.269231311839265
123.05,0.85,15.9889344463127,0.635731599400744,0.913496939963217,0.65565455599117,0.270602463528132
123.06,0.85,15.9279360421335,0.639010223928289,0.916553047939877,0.656882381965127,0.268613960561633
123.07,0.85,15.8673391703608,0.637450472530279,0.916051113460039,0.657091033642739,0.270749553465901
123.08,0.85,15.8071470882537,0.636918328522461,0.918357581212541,0.655699258282452,0.271182629564872
123.09,0.85,15.7473628133795,0.640346722144546,0.916319002937977,0.65434337172604,0.26879162465747
123.1,0.85,15.6879891257509,0.637061200510229,0.91464084701123,0.654647081225007,0.269858547438521
123.11,0.85,15.6290285700256,0.640882559378373,0.91835280001182,0.657379597828183,0.270074435958281
123.12,0.85,15.5704834577664,0.641821962922345,0.916945105297002,0.65451811630644,0.271052313670402
123.13,0.85,15.5123558697577,0.641128125539114,0.914825530123886,0.656710836440629,0.270145095177322
123.14,0.85,15.4546476583759,0.642740611109019,0.916000171241582,0.657024012507772,0.269979533850907
123.15,0.85,15.3973604500113,0.640614066657578,0.914519496979275,0.659741899877154,0.272471253334941
123.16,0.85,15.3404956475369,0.643442473756901,0.91643982020191,0.655089834776328,0.2674899794599
123.17,0.85,15.2840544328243,0.644438718881386,0.913631909461108,0.65420079704886,0.270284260308948
123.18,0.85,15.228037769301,0.64408859128951,0.916935866807398,0.657628050486676,0.270069565186244
123.19,0.85,15.1724464045487,0.646325473265081,0.914910477194095,0.655224163888225,0.272832081801975
123.2,0.85,15.1172808729395,0.648647459084194,0.915162404860901,0.659112313020825,0.268696347859528
123.21,0.85,15.062541498307,0.6460265403183,0.915677114589569,0.656526163370918,0.268308002057659
123.22,0.85,15.0082283966514,0.645467913352922,0.914704142639555,0.658568885983274,0.269406116523434
123.23,0.85,14.9543414788749,0.650291350588501,0.915030497403178,0.65615623895902,0.268115807044232
123.24,0.85,14.9008804535464,0.647842739838794,0.916529820820703,0.656911114670603,0.267006332461193
123.25,0.85,14.8478448296934,0.648875566483393,0.915847598956544,0.656378575747124,0.268228582508055
123.26,0.85,14.7952339196186,0.648010994777785,0.91337032146531,0.657964112023937,0.269912100751761
123.27,0.85,14.7430468417399,0.653288052744881,0.913316264210978,0.654972108657114,0.271890116894234
123.28,0.85,14.6912825234515,0.652496465585105,0.912681358763465,0.654147397729297,0.270056151515455
123.29,0.85,14.6399397040063,0.650422630957705,0.914724315120092,0.656146028886941,0.269296381433729
123.3,0.85,14.5890169374148,0.652495294355178,0.915344586206522,0.65816403502805,0.270668202976112
123.31,0.85,14.5385125953624,0.651802018367811,0.913985824776427,0.657617238500204,0.269770292416203
123.32,0.85,14.4884248701417,0.65561834670636,0.914840308870124,0.65697454590426,0.27214707744475
123.33,0.85,14.438751777599,0.655100894601359,0.913574093205239,0.657650375111429,0.270247323598504
123.34,0.85,14.3894911600943,0.655162621752919,0.912936632436452,0.653599920310218,0.271696953101873
123.35,0.85,14.3406406894731,0.65821253991546,0.914134261111954,0.657799832397962,0.268685022913384
123.36,0.85,14.2921978700492,0.656173880185613,0.912886032836781,0.656249891448035,0.267304291282628
123.37,0.85,14.2441600415977,0.658146267267561,0.911534747937401,0.655452481612455,0.268718067655419
123.38,0.85,14.1965243823569,0.658374400474766,0.913154804245919,0.657840456124243,0.272112517192441
123.39,0.85,14.1492879120392,0.659485651955779,0.91117741464042,0.658699468113416,0.269466305491862
123.4,0.85,14.1024474948491,0.661003619059097,0.911910651334891,0.657616448792637,0.270067127442162
123.41,0.85,14.0559998425088,0.660860388976795,0.909069979951951,0.656082888383496,0.272369649166731
123.42,0.85,14.0099415172896,0.661737231562512,0.911418161797766,0.656219776315958,0.272070904221533
123.43,0.85,13.9642689350505,0.661923003412271,0.911106008887004,0.658263582108385,0.27195751212309
123.44,0.85,13.918978368281,0.661638093641151,0.909649211128677,0.655603484385941,0.268570708674903
123.45,0.85,13.8740659491502,0.662280512590981,0.91132944850852,0.65675190952851,0.27011269703723
123.46,0.85,13.8295276725604,0.663243985982349,0.910487608692912,0.657590780289042,0.27156638962678
123.47,0.85,13.7853593992053,0.665330752031102,0.911146789643936,0.65658711833986,0.269761031305996
123.48,0.85,13.7415568586326,0.662617092384025,0.910907702662008,0.656132805330595,0.269527978818932
123.49,0.85,13.6981156523115,0.664551635222407,0.911865304340863,0.65754075934515,0.271158653849994
123.5,0.85,13.6550312567035,0.66462486986232,0.910549147606718,0.653383416604963,0.272119883470845
123.51,0.85,13.6122990263384,0.666195345382711,0.907124418876423,0.656819801048251,0.270363768136634
123.52,0.85,13.5699141968935,0.666655803505662,0.910794459642836,0.657078293299863,0.268482024452665
123.53,0.85,13.527871888278,0.66523316664304,0.909452230988232,0.658486699319286,0.269105713977832
123.54,0.85,13.4861671077206,0.664133220857805,0.909091210388148,0.657262668950732,0.268508219480242
123.55,0.85,13.4447947528627,0.669011771342252,0.909390123833083,0.655883138877329,0.271421395396789
123.56,0.85,13.4037496148552,0.666474380457644,0.910227033406948,0.657767870224598,0.268044141072768
123.57,0.85,13.3630263814602,0.668686489534643,0.907219035774237,0.658356284911015,0.269920840910337
123.58,0.85,13.3226196401583,0.670833692550648,0.910929201131487,0.652817563624665,0.267703843338897
123.59,0.85,13.2825238812596,0.669278479236714,0.909459616815157,0.655472657156679,0.268330008596889
123.6,0.85,13.2427335010217,0.669589896557109,0.909887258254741,0.657550775739542,0.270389564847404
123.61,0.85,13.2032428047722,0.673205372974997,0.90817995259734,0.65202145076551,0.268025747456784
123.62,0.85,13.164046010037,0.673285940646737,0.906548185078018,0.654227898270781,0.272043930002295
123.63,0.85,13.1251372496757,0.672181931287695,0.907063499878613,0.653054513739483,0.269082067305499
123.64,0.85,13.0865105750222,0.67326307035446,0.90869634438383,0.653698056369059,0.270992726309673
123.65,0.85,13.0481599590327,0.67537037277907,0.908463073279164,0.655804341580423,0.268743853467126
123.66,0.85,13.0100792994407,0.673280775454248,0.906037762786259,0.655309378429992,0.271387613107624
123.67,0.85,12.9722624219184,0.674613107161352,0.907860224971173,0.656614447759637,0.268998548081036
123.68,0.85,12.9347030832467,0.673981099348461,0.904500422224021,0.653544774432863,0.271826625879456
123.69,0.85,12.897394974492,0.679136481498983,0.906975236531772,0.653465478589129,0.270042185273259
123.7,0.85,12.8603317241918,0.672611711672342,0.908485243333991,0.653989345538723,0.268977087920143
123.71,0.85,12.8235069015473,0.673846225560234,0.905742288060604,0.654060839305823,0.270234591567065
123.72,0.85,12.7869140196257,0.676916909425281,0.90624304067534,0.654545753614771,0.270271731792017
123.73,0.85,12.7505465385704,0.678353396959285,0.908155951699749,0.656800478173459,0.269635143860745
123.74,0.85,12.7143978688197,0.682023158396319,0.907830555932718,0.653680512725912,0.266997461848614
123.75,0.85,12.6784613743354,0.679654176953285,0.907375789317887,0.655174829524206,0.269134916784946
123.76,0.85,12.6427303758386,0.679437317073813,0.903579767117646,0.654726983520684,0.272221923696628
123.77,0.85,12.6071981540567,0.683619423740857,0.907428532034705,0.654044975524858,0.267761775426833
123.78,0.85,12.5718579529776,0.678390461825053,0.906032527245146,0.655661902350051,0.271587670265111
123.79,0.85,12.5367029831138,0.68011550367718,0.905519238863484,0.65386862336237,0.270434836003654
123.8,0.85,12.5017264247758,0.684320313042225,0.903862268206913,0.655947742732607,0.270406170495989
123.81,0.85,12.4669214313533,0.680711793422844,0.907194413836677,0.651792481193722,0.271284484320469
123.82,0.85,12.4322811326064,0.682515325060621,0.905677664229915,0.654043365154841,0.270834964189592
123.83,0.85,12.3977986379646,0.685395856803396,0.90357290421716,0.652550378521714,0.26952475962084
123.84,0.85,12.3634670398345,0.685390156421582,0.902597358750048,0.652110124777985,0.271206018793529
123.85,0.85,12.329279416915,0.685983536843693,0.901412061644487,0.652417624486045,0.269497561069004
123.86,0.85,12.2952288375213,0.683732225337014,0.902671039635535,0.655140843474384,0.271661485288144
123.87,0.85,12.2613083629151,0.683591853237009,0.902857212404697,0.653832394410017,0.27275913234244
123.88,0.85,12.2275110506421,0.684223119229958,0.902297925345304,0.652473604807591,0.268453315897433
123.89,0.85,12.1938299578761,0.685491054059183,0.89954279166274,0.65478644515245,0.270990283395681
123.9,0.85,12.1602581447687,0.685751099515394,0.903235956519812,0.653431061419174,0.269294238923396
123.91,0.85,12.1267886778037,0.687816667319229,0.900544408994278,0.652244969988195,0.269538613545411
123.92,0.85,12.0934146331569,0.688784220302716,0.901948267554039,0.652442403417332,0.270392261010326
123.93,0.85,12.0601291000586,0.685877727135406,0.901156792103256,0.651238557782182,0.270076318374544
123.94,0.85,12.02692518416,0.689137593572865,0.902174322539712,0.652332677420824,0.271724470719193
123.95,0.85,11.9937960109004,0.689690146526945,0.904828724993334,0.653232271488481,0.26852694812449
123.96,0.85,11.9607347288768,0.691883895231364,0.900517099669791,0.650910508978705,0.269132586118669
123.97,0.85,11.9277345132124,0.690946470218928,0.902989809172984,0.651683515921627,0.269356891131082
123.98,0.85,11.8947885689246,0.693201504451115,0.899958014632433,0.651653436984403,0.271358094870782
123.99,0.85,11.8618901342909,0.689682346202561,0.903404299243342,0.650466534018287,0.270567692685628
124,0.85,11.8290324842109,0.693519298763418,0.900621696270096,0.651158087135706,0.268688968888899
124.01,0.85,11.7962089335645,0.693801436463029,0.900591524746733,0.652534030847193,0.270175192901636
124.02,0.85,11.763412840563,0.693458646589731,0.901174450013319,0.649024289146115,0.269493136800765
124.03,0.85,11.7306376100934,0.693526644997964,0.898088853778558,0.652408901631363,0.269115842263401
124.04,0.85,11.6978766970543,0.692699132060816,0.901578415756158,0.650545844301292,0.269605425018398
124.05,0.85,11.66512360968,0.696092889344724,0.898702201305925,0.650062350206674,0.271431434516606
124.06,0.85,11.6323719128539,0.696896285479945,0.897294014950957,0.653518032020746,0.270460104280815
124.07,0.85,11.5996152314078,0.697454502876836,0.897126555631761,0.649814204550855,0.269557486128548
124.08,0.85,11.5668472534053,0.698254655260145,0.897746056670396,0.649100803226816,0.271496028298708
124.09,0.85,11.5340617334091,0.698463105231942,0.89848701842018,0.649777515678949,0.272628096216263
124.1,0.85,11.501252495728,0.697369501978469,0.899354645187923,0.649532932485848,0.268616872829125
124.11,0.85,11.4684134376446,0.698594874515253,0.897540656716639,0.650126414937115,0.270817118105232
124.12,0.85,11.4355385326186,0.700988327451884,0.899002192048306,0.648153664356534,0.270293346290922
124.13,0.85,11.4026218334665,0.699786075615605,0.898625329930774,0.648733478983247,0.26824470459749
124.14,0.85,11.369657475514,0.699728337473418,0.896904742251163,0.647914413992141,0.272126883018644
124.15,0.85,11.3366165970949,0.700081876197753,0.900791521152201,0.64954880796615,0.269073282478779
124.16,0.85,11.3027947584643,0.700934456840983,0.898067574087291,0.64743879991435,0.270924759154383
124.17,0.85,11.2683990095911,0.700911558880569,0.895341553349814,0.647504880211178,0.2704801236253
124.18,0.85,11.2338301675259,0.703189774325743,0.895773743163836,0.649687312101081,0.272147999536466
124.19,0.85,11.19917157399,0.702704615289121,0.896213301006427,0.652748993481377,0.270683462162915
124.2,0.85,11.164431264486,0.703232583255546,0.895435410814808,0.646905865679965,0.269851507691076
124.21,0.85,11.1296055796931,0.701682454422136,0.895982620321254,0.650251874304048,0.269170777633582
124.22,0.85,11.094689461443,0.701180068789854,0.894833163910864,0.648643036187853,0.267195447185832
124.23,0.85,11.0596778020679,0.705848270879901,0.895527657223744,0.649780064731969,0.270304460205967
124.24,0.85,11.0245655975327,0.704660602750973,0.897073378011301,0.648480460937355,0.26757306194799
124.25,0.85,10.989347964409,0.707801061020952,0.896464859730406,0.649026529956783,0.268570110596368
124.26,0.85,10.9540201436405,0.706667414482004,0.894969711374338,0.645839753380427,0.269044388165952
124.27,0.85,10.9185775032468,0.708286337862024,0.894536067511577,0.650000894088009,0.270603296346731
124.28,0.85,10.883015540924,0.709364613000438,0.893849748001934,0.644041141345694,0.27078144436301
124.29,0.85,10.8473298865848,0.706892273978795,0.891141724134219,0.645748831783674,0.270605378235198
124.3,0.85,10.8115163048322,0.70962075505657,0.893221972186034,0.648500832331408,0.269049403421848
124.31,0.85,10.7755706973634,0.710240029284615,0.891890710476687,0.645331019981417,0.268611406647367
124.32,0.85,10.739489105301,0.710690243805311,0.891307609404204,0.646008645854879,0.268306068472671
124.33,0.85,10.7032677114487,0.710785205126243,0.893636872337345,0.648495095873904,0.267203230815641
124.34,0.85,10.6669028424698,0.711201375367625,0.894227160159945,0.647392178154443,0.272418228879285
124.35,0.85,10.6303909709849,0.712427931815737,0.889401225632272,0.644290096504115,0.269148006915796
124.36,0.85,10.5937287175881,0.711961299272468,0.892874057141329,0.649616307504444,0.273560596553706
124.37,0.85,10.5569128527776,0.714388000160992,0.893471034130333,0.647881722936855,0.270441605369073
124.38,0.85,10.5199402987994,0.712859833278998,0.89154976411769,0.643629475264312,0.269870575508838
124.39,0.85,10.482808131402,0.716132122461038,0.892649881849303,0.64622317773638,0.269716067209468
124.4,0.85,10.4455135814993,0.714260669159442,0.889448811641284,0.644296205358871,0.268803387815073
124.41,0.85,10.4080540367398,0.717008961700891,0.892489897159805,0.64398843890436,0.271569584350268
124.42,0.85,10.3704270429799,0.714871621641863,0.889271258499043,0.645644270963292,0.269998349729543
124.43,0.85,10.3326303056603,0.715746353514743,0.891366918685041,0.646677720669248,0.272806503796471
124.44,0.85,10.2946616910816,0.718481992891865,0.888823544526619,0.646005076916772,0.269919215247088
124.45,0.85,10.2565192275793,0.720035075584941,0.887304762980758,0.6455818270093,0.269099151009008
124.46,0.85,10.2182011065953,0.721092886156342,0.890927395625762,0.645755645761229,0.27099147959676
124.47,0.85,10.1797056836438,0.722249263526517,0.88952127481923,0.64431626022513,0.271220444161018
124.48,0.85,10.141031479172,0.723110852311152,0.889478597746212,0.644695133230801,0.268817115211108
124.49,0.85,10.1021771793114,0.721105174562179,0.887813524130186,0.644548832731016,0.271053295414379
124.5,0.85,10.0631416365206,0.72313661405252,0.890862809104619,0.644817278844105,0.271382634650672
124.51,0.85,10.0239238701172,0.72235679522985,0.889375150547811,0.645705164071756,0.271228560066211
124.52,0.85,9.98452306669703,0.723794446365936,0.886638974562396,0.643482350777294,0.269946540069402
124.53,0.85,9.94493858044176,0.721156246111837,0.886706078531425,0.644490303088336,0.268718235077683
124.54,0.85,9.90516993331137,0.727291272273964,0.887834954642356,0.647354716195813,0.269004077283077
124.55,0.85,9.86521681512242,0.727074670929174,0.885550409589579,0.645913452600388,0.268210474631768
124.56,0.85,9.82507908351058,0.725495964719492,0.887518343135155,0.642354679588371,0.26933989609907
124.57,0.85,9.78475676377708,0.727845146330344,0.886533094794188,0.644610000359276,0.269291186634146
124.58,0.85,9.74425004861846,0.727572335596577,0.885387913703389,0.644984225980933,0.26872396403829
124.59,0.85,9.70355929773942,0.729859706218506,0.887462657711304,0.642543135489015,0.271396797032229
124.6,0.85,9.66268503734835,0.72929857768263,0.88673792623788,0.644411662550911,0.269257043445504
124.61,0.85,9.62162795953552,0.728714267996293,0.883285886201635,0.644165706065974,0.268791206837795
124.62,0.85,9.58038892153406,0.733653580612156,0.886346373169001,0.644115000266947,0.271191215930531
124.63,0.85,9.53896894486375,0.729432936120075,0.886256756225794,0.643365519592096,0.269105394914564
124.64,0.85,9.49736921435785,0.734373018814182,0.883854318602017,0.643292799797488,0.270850679376835
124.65,0.85,9.45559107707379,0.733904925568979,0.886904569234861,0.642525808881199,0.272111064211616
124.66,0.85,9.41363604108772,0.733821958240148,0.884353942915611,0.643089182875994,0.271017147515951
124.67,0.85,9.37150577417409,0.736004725782839,0.884535390921762,0.643738487835167,0.270285809505926
124.68,0.85,9.32920210237096,0.735328662111811,0.883645474089447,0.64156914335139,0.270253748467372
124.69,0.85,9.28672700843186,0.737961571544209,0.88321436768153,0.641976118202595,0.268729742580201
124.7,0.85,9.24408263016557,0.73795556089056,0.881661465380095,0.640561972593268,0.270445417920714
124.71,0.85,9.20127125866487,0.738950538605141,0.88249107176145,0.645687520258265,0.270308994853353
124.72,0.85,9.15829533642578,0.739677707706447,0.883924360157691,0.643327367876127,0.272283999608674
124.73,0.85,9.11515745535875,0.738612508345418,0.879580160209442,0.643246054666525,0.270288311959847
124.74,0.85,9.07186035469342,0.737497850706439,0.880844320426643,0.641831991224752,0.271825608007785
124.75,0.85,9.02840691877883,0.742798721526182,0.880134921419763,0.642746236962672,0.270254753460674
124.76,0.85,8.98480017478085,0.742391503195143,0.880813318010659,0.639951665889188,0.272972156240152
124.77,0.85,8.94104329027909,0.742911744236443,0.880555753592904,0.642147923670574,0.26956391231628
124.78,0.85,8.89713957076514,0.741380013432317,0.881622442913191,0.641936990740914,0.27062452736557
124.79,0.85,8.85309245704475,0.747919683769337,0.881047060284245,0.641965346445563,0.270907823909499
124.8,0.85,8.80890552254613,0.748547099399691,0.880123988405456,0.643122531581348,0.267103034550831
124.81,0.85,8.764582470537,0.747105508460896,0.881038821532526,0.640848157858054,0.268711650309091
124.82,0.85,8.72012713125297,0.749334432125459,0.880048024738375,0.6417991244668,0.271371089275105
124.83,0.85,8.67554345894002,0.748401352854722,0.88142606815074,0.644165155530649,0.27060975007102
124.84,0.85,8.63083552881389,0.74941001174591,0.878483500753795,0.64364039591944,0.268045115958602
124.85,0.85,8.58600753393939,0.748265932461948,0.879312424413582,0.640809399207117,0.26760335299147
124.86,0.85,8.54106378203267,0.752298624951607,0.880976143770234,0.644766860393466,0.269041958850835
124.87,0.85,8.49600869218946,0.75362192175391,0.87721372822483,0.643108955721964,0.270886839008562
124.88,0.85,8.45084679154268,0.751779059423909,0.876337152915265,0.645526816597123,0.26910022951237
124.89,0.85,8.40558271185265,0.754040028797342,0.877138377475716,0.642398896522861,0.270906521850607
124.9,0.85,8.3602211860333,0.756677353172143,0.878048018309821,0.644557417649064,0.268693721740117
124.91,0.85,8.31476704461771,0.75538352467764,0.877595195167454,0.642211371198096,0.269224097640776
124.92,0.85,8.26922521216686,0.758852513756588,0.875926327679703,0.644725176965403,0.271935051066411
124.93,0.85,8.22360070362479,0.759627240389612,0.876349159539971,0.640901699384989,0.269318139104663
124.94,0.85,8.17789862062398,0.759856140054343,0.875289328540733,0.643390110296234,0.271709914396537
124.95,0.85,8.1321241477448,0.760119726247857,0.876488993217454,0.641656215353037,0.268767433851971
124.96,0.85,8.08628254873252,0.760456383176579,0.877240728077665,0.642410573589102,0.270063180502814
124.97,0.85,8.04037916267582,0.763594458038599,0.875490649117423,0.643759923737013,0.266867061526063
124.98,0.85,7.99441940015058,0.763015125544371,0.875401956960743,0.647092056809698,0.271209746013959
124.99,0.85,7.94840873933299,0.767799369276777,0.873911757739035,0.641619675487846,0.267009069318995
125,0,7.90235272208536,0.766673884359286,0.877544818306475,0.643638054795316,0.271733619948783
125.01,0,7.85625695001927,0.768331395597303,0.875534971609599,0.64312835402868,0.270159506934615
125.02,0,7.81012708053922,0.767459426331897,0.874391913344276,0.644005845560833,0.268758649005839
125.03,0,7.76396882287117,0.769109339221626,0.873565216172416,0.642981899812845,0.269390639380812
125.04,0,7.71778793407986,0.769641783695112,0.876200834283643,0.642809903626885,0.270670439898133
125.05,0,7.67159021507849,0.772433744458109,0.873119775698239,0.645852597143737,0.269644093774595
125.06,0,7.62538150663504,0.770785172178431,0.872349807553406,0.641713605879442,0.271540103761294
125.07,0,7.57916768537889,0.774265218687211,0.870923116116858,0.646363967048241,0.271776292940467
125.08,0,7.53295465981169,0.775086693297238,0.873551006108655,0.643546761356368,0.269142997746056
125.09,0,7.48674836632618,0.774882894026626,0.874153232667397,0.64303038652571,0.269592624920735
125.1,0,7.44055476523698,0.777677738424084,0.871441744554172,0.643834361557333,0.270061232657792
125.11,0,7.39437983682686,0.780009749013505,0.872148867366438,0.643787158632419,0.271835410138175
125.12,0,7.34822957741237,0.776306484927753,0.871138465803241,0.644814155355046,0.271206895632243
125.13,0,7.30210999543245,0.778731155566626,0.871261559859969,0.645407480894581,0.268845232957133
125.14,0,7.25602710756347,0.781115804214312,0.871510236854366,0.644299843384376,0.269996185750209
125.15,0,7.20998693486458,0.78377558789383,0.867916977442748,0.64367128068604,0.270089544020796
125.16,0,7.16399549895645,0.781030205587553,0.869648542005786,0.64455670328659,0.27107030707204
125.17,0,7.12547127783527,0.783910035240687,0.870495300032891,0.645580805263807,0.26860935384961
125.18,0,7.09768572428514,0.782805153573617,0.871224542343771,0.645002258497785,0.269233690764037
125.19,0,7.07221607576359,0.787571285009609,0.87092561467191,0.644476873768885,0.269855717842444
125.2,0,7.04697759160595,0.785649226207161,0.866772389365451,0.645022518359793,0.267710650416987
125.21,0,7.02191886664559,0.785258955919054,0.86925352255297,0.642105820970335,0.267311417207072
125.22,0,6.99685279240905,0.786025280459103,0.868555353841427,0.643273011658926,0.270530644648247
125.23,0,6.97167617088398,0.788398389123713,0.870954042931743,0.644964097611874,0.270504749529397
125.24,0,6.94637581487098,0.789434922715532,0.866711279590215,0.64536086976912,0.27024033462938
125.25,0,6.92095528884936,0.789257603688356,0.867811404156705,0.644595104726893,0.2680215451456
125.26,0,6.8954203103554,0.789474637073307,0.867627824241639,0.64346480329882,0.272464347944781
125.27,0,6.86977683303309,0.790282039784347,0.868093665452823,0.642603444477989,0.269395339960684
125.28,0,6.84403085520469,0.789445289670562,0.868124823102583,0.645955101754772,0.269530545041818
125.29,0,6.81818840405518,0.788280235053798,0.866260443503135,0.647243432872908,0.269569470293997
125.3,0,6.79225553222547,0.788000854609941,0.867499052962674,0.644432912355791,0.271491849263719
125.31,0,6.76623831461872,0.791248995102224,0.866959699167501,0.641963435085377,0.269432882256323
125.32,0,6.74014284510799,0.791430653088341,0.865743243707411,0.645581969760366,0.270901524911265
125.33,0,6.71397523324107,0.795500919952086,0.862911738941539,0.644837513409868,0.270730935744504
125.34,0,6.68774160096781,0.790861808212392,0.865894124481674,0.645868519702003,0.270421352256738
125.35,0,6.66144807939585,0.79398677808126,0.863396882192164,0.646557140079097,0.268206860288702
125.36,0,6.63510080557798,0.795044223702226,0.866020440413889,0.645661223427239,0.271560863333894
125.37,0,6.60870591933406,0.795706960820276,0.865241406028857,0.645424596919806,0.267946560502319
125.38,0,6.58226956010992,0.792729923073151,0.862895312859609,0.647745086951317,0.274094171783806
125.39,0,6.55579786387614,0.795579653698433,0.867353242339578,0.643905441883904,0.270422258346688
125.4,0,6.52929696006917,0.797658253803082,0.866041534816542,0.647710012293967,0.270228057807683
125.41,0,6.5027729685771,0.79909864165953,0.861912716358938,0.646160354147769,0.272189940917374
125.42,0,6.47623199677269,0.799130658009178,0.862733457537871,0.646178585294838,0.269997229095498
125.43,0,6.44968013659564,0.796726361862869,0.859764979187463,0.648811610150925,0.269037946611506
125.44,0,6.42312346168649,0.798021005563443,0.863853984255827,0.645330085653765,0.269444411665476
125.45,0,6.39656802457417,0.79931591311974,0.864604973588235,0.646888607836116,0.270756087003373
125.46,0,6.3700198539191,0.80030544654233,0.862053186807682,0.646580127903796,0.270058593507307
125.47,0,6.34348495181375,0.803434361922347,0.863282356738335,0.649795910016117,0.271144572782018
125.48,0,6.31696929114254,0.804143825372274,0.861362003784109,0.646418990834422,0.270205400091595
125.49,0,6.29047881300263,0.801642653311961,0.8614050131147,0.646738429173524,0.269888755547627
125.5,0,6.26401942418721,0.803966034326947,0.860244669588954,0.648857617569859,0.270161307506912
125.51,0,6.2375969947327,0.80653149956894,0.859721821315984,0.650360664405976,0.270013316763425
125.52,0,6.21121735553138,0.809225126370983,0.862158745305827,0.648810818253552,0.270602822510421
125.53,0,6.18488629601049,0.807650093885615,0.861878088502644,0.649540147324119,0.272365606296936
125.54,0,6.15860956187916,0.806535810603009,0.861817176387438,0.647620584081319,0.271104964248472
125.55,0,6.13239285294403,0.809073000027389,0.862047472473797,0.647247244821547,0.27265387134206
125.56,0,6.10624182099458,0.806165937834215,0.858967799159384,0.650137948866464,0.269841722236451
125.57,0,6.08016206775912,0.804334216106673,0.862001261786864,0.648629813490986,0.267879535953113
125.58,0,6.0541591429319,0.810890225488282,0.859471874138196,0.648756698979352,0.269511700275711
125.59,0,6.02823854227219,0.808309168732818,0.859461837399715,0.648991275548661,0.268906802976545
125.6,0,6.00240570577586,0.811813973324309,0.858253685471846,0.649411316458178,0.270050437577053
125.61,0,5.97666601591958,0.811916762004516,0.85842200153632,0.647715767456,0.27289388670166
125.62,0,5.95102479597848,0.814692936764683,0.858281420372684,0.650806910190729,0.267092215610532
125.63,0,5.92548730841691,0.811322166825094,0.857627661934393,0.649499709310684,0.270153551545089
125.64,0,5.90005875335293,0.815170318800655,0.860887840908703,0.647306204953092,0.270549990108773
125.65,0,5.87474426709624,0.812775616055111,0.856638361474765,0.651646826768415,0.269670941543969
125.66,0,5.84954892075947,0.813048021126039,0.857602513266726,0.65092618792191,0.270690105059866
125.67,0,5.82447771894294,0.815722686910536,0.857270933346726,0.651521631007658,0.271193332807946
125.68,0,5.79953559849246,0.817743454586148,0.853908523564584,0.649621024069465,0.27062729576732
125.69,0,5.77472742732969,0.816739803633447,0.855229776386116,0.651318070562755,0.269691826265679
125.7,0,5.75005800335494,0.814533156002733,0.858127484056594,0.651871307362544,0.268092744194329
125.71,0,5.72553205342168,0.819162845012472,0.8552128126732,0.650821846877958,0.268889739493417
125.72,0,5.70115423238219,0.819195921749993,0.858413200984668,0.651906069768689,0.267861476508069
125.73,0,5.67692912220385,0.817057841904655,0.856714462972786,0.650281888524597,0.271557979947354
125.74,0,5.65286123115502,0.819615636306899,0.855195929472594,0.654037167630907,0.269212942883574
125.75,0,5.62895499305999,0.82191971614814,0.856012635435492,0.650880950527594,0.269020595525741
125.76,0,5.60521476662192,0.82138480051912,0.856125447965217,0.651558160033957,0.270019210959881
125.77,0,5.58164483481283,0.821475435337998,0.857058187331759,0.651995497248179,0.270108771842802
125.78,0,5.5582494043297,0.823159580408721,0.854476611575177,0.652722412621259,0.271568860081243
125.79,0,5.53503260511552,0.824654699358593,0.854999107822695,0.65306611086184,0.268031023872551
125.8,0,5.51199848994411,0.824696968317262,0.852536629604728,0.651366538689969,0.269717068690195
125.81,0,5.48915103406754,0.824765168493147,0.852543109683435,0.65103299108607,0.268173372160423
125.82,0,5.46649413492498,0.827358979685473,0.853726840004363,0.652044317333515,0.268860881120132
125.83,0,5.44403161191141,0.826199168652354,0.856035179255088,0.652007380227772,0.269036795292752
125.84,0,5.42176720620514,0.825799542460024,0.851950949331088,0.650845886221858,0.269390826303902
125.85,0,5.39970458065249,0.824396010122743,0.851725884633873,0.653860304450797,0.272681290480598
125.86,0,5.37784731970827,0.825687514423591,0.853222539550728,0.65401202064133,0.267660925445539
125.87,0,5.35619892943065,0.827786983449441,0.848940538822219,0.6534697478845,0.26809457588534
125.88,0,5.33476283752875,0.828495865515115,0.85402587787972,0.651781638238515,0.268850329305681
125.89,0,5.31354239346139,0.829334290048242,0.851584043943009,0.65177387148561,0.270624763956142
125.9,0,5.29254086858564,0.8316384024003,0.848867131816116,0.653321958148733,0.268365215987067
125.91,0,5.27176145635322,0.8313245673108,0.850401489976454,0.652606936148223,0.269924905066354
125.92,0,5.25120727255337,0.829316149612991,0.850131323294748,0.652270960021737,0.269510247728551
125.93,0,5.23088135560045,0.832207791615549,0.84990238533269,0.65337730024733,0.269175142537434
125.94,0,5.21078666686439,0.831962293180409,0.847232792750158,0.654688816358673,0.267414825114674
125.95,0,5.19092609104272,0.834166108513805,0.850078816706121,0.652867947733902,0.267750697782385
125.96,0,5.17130243657201,0.832713510513095,0.850412204734182,0.656613165915417,0.270360839811217
125.97,0,5.15191843607727,0.833691552531476,0.849546537616927,0.652692712168239,0.271010514131262
125.98,0,5.13277674685749,0.834585162806826,0.851454003752199,0.654638444958378,0.270306363871831
125.99,0,5.11387995140568,0.834627973048604,0.851977352490459,0.654121844263775,0.268330416650105
126,0,5.09523055796139,0.837294613801386,0.848271388678053,0.655112615609288,0.271471845196571
126.01,0,5.07683100109434,0.836812332928383,0.850868429224908,0.653777467950162,0.27069394421644
126.02,0,5.05868364231721,0.837478661824331,0.84860774176695,0.654864590431554,0.270513993098609
126.03,0,5.04079077072573,0.838838775251953,0.84810966634076,0.657016398410506,0.268658364137043
126.04,0,5.02315460366472,0.835283688399782,0.84893167750265,0.654824576409455,0.271708080280908
126.05,0,5.00577728741795,0.838904030636078,0.848020109797262,0.654362967590205,0.271783643382341
126.06,0,4.98866089792034,0.83755604085046,0.850378083714824,0.655048596579237,0.26778913976476
126.07,0,4.97180744149076,0.839165378640334,0.848018692491837,0.653283290630686,0.270631324277531
126.08,0,4.95521885558375,0.839277874047805,0.845334259632308,0.652974283109687,0.269157376883928
126.09,0,4.93889700955837,0.83878153371207,0.845505690418467,0.655315950869633,0.268733765590188
126.1,0,4.92284370546274,0.841912402557027,0.845607880131068,0.656752501740964,0.268935695364765
126.11,0,4.90706067883243,0.840698660616265,0.845966594021738,0.655678048468788,0.269480646007348
126.12,0,4.89154959950129,0.840012871489173,0.846916952115148,0.656236437675214,0.267830002680166
126.13,0,4.87631207242295,0.841375395706424,0.848546930310523,0.65753711286988,0.270641842390078
126.14,0,4.8613496385015,0.841506150495792,0.846617672524444,0.652689558009701,0.268338328842827
126.15,0,4.84666377542992,0.843081909605272,0.848299965534082,0.654607696822763,0.270567774651772
126.16,0,4.8322558985345,0.845434424818129,0.845976242959884,0.656961362414843,0.268547222885859
126.17,0,4.81812736162411,0.84186517352436,0.846773890180833,0.65556366141439,0.267883449558782
126.18,0,4.80427945784254,0.845857286586746,0.843988249910679,0.65395510437477,0.273809305215394
126.19,0,4.79071342052266,0.844160525274091,0.844839929538955,0.657776268630799,0.270731025981866
126.2,0,4.77743042404107,0.845707968372283,0.846632464259095,0.654777665822268,0.270207022668195
126.21,0,4.76443158467179,0.845773892494448,0.841088787653465,0.652431194141473,0.273465168213208
126.22,0,4.75171796143759,0.845599219064701,0.845669014738977,0.655935996398639,0.270498797622184
126.23,0,4.73929055695793,0.844080427708975,0.844094076710742,0.656861189670078,0.269239990791131
126.24,0,4.72715031829206,0.846938032411464,0.847013539327056,0.657684856584194,0.271709884977888
126.25,0,4.71529813777607,0.846862357585745,0.841547669756861,0.654676654761015,0.270036163818346
126.26,0,4.7037348538529,0.846921049051867,0.843044760985587,0.657187725073671,0.268614312752135
126.27,0,4.69246125189399,0.848186517916996,0.844935466981625,0.657465400041139,0.270372083573212
126.28,0,4.68147806501148,0.848494990986596,0.843317367309487,0.656237669143233,0.267168655148006
126.29,0,4.67078597486016,0.85010839165503,0.839747039978219,0.65707925887714,0.27086710603506
126.3,0,4.6603856124278,0.847794365359212,0.84139879909565,0.65678149539274,0.270326286915704
126.31,0,4.65027755881314,0.851795065164342,0.842277739849922,0.657813516672705,0.272122674657783
126.32,0,4.64046234599047,0.848678256639782,0.840007699884669,0.658748405642703,0.27075317645436
126.33,0,4.63094045756009,0.850560222358213,0.845424463618726,0.656883436284845,0.269593473938061
126.34,0,4.62171232948351,0.850228886856127,0.842719634254099,0.656856068560475,0.269127695180815
126.35,0,4.61277835080295,0.851573809949997,0.842191770075096,0.657694459015157,0.270940885821708
126.36,0,4.604138864344,0.852433332858154,0.846996752297398,0.656806963733882,0.271294520908679
126.37,0,4.59579416740103,0.852403666786555,0.842457021215306,0.654532530421396,0.271275878720839
126.38,0,4.58774451240454,0.849740385707034,0.839949038354269,0.658076452937154,0.274604406420863
126.39,0,4.57999010756973,0.85067003914672,0.840020092121162,0.658023958456053,0.270656179518378
126.4,0,4.5725311175259,0.852624448430474,0.839943330183664,0.65935924424481,0.267577508732637
126.41,0,4.56536766392593,0.852349857692133,0.841371211867883,0.659633792912327,0.268349864295132
126.42,0,4.5584998260355,0.852571884210182,0.843457586696237,0.656870814296095,0.270567349279393
126.43,0,4.55192764130147,0.850724625073388,0.840825108699065,0.656638008613852,0.272004126743326
126.44,0,4.54565110589903,0.85418136486265,0.838443267276132,0.658987263675535,0.271344734161566
126.45,0,4.53967017525733,0.855982715885808,0.840603661290061,0.653509212369502,0.267865660012401
126.46,0,4.53398476456304,0.854704723143621,0.840135278546704,0.655231769390048,0.270089122971268
126.47,0,4.52859474924186,0.854662940854708,0.839367807418933,0.656218332673854,0.2708485097498
126.48,0,4.52349996541741,0.853376689842427,0.839480010677475,0.656580625860451,0.266530957987204
126.49,0,4.51870021034756,0.853118259612775,0.839220606783487,0.659129559986211,0.268028878173255
126.5,0,4.5141952428378,0.853846642592807,0.838187376903436,0.656232180248871,0.270128831024465
126.51,0,4.50998478363174,0.852253778556477,0.840263705791728,0.655366410529192,0.271620200885126
126.52,0,4.50606851577853,0.853762557279725,0.838915387073982,0.656677456783773,0.271330730219187
126.53,0,4.50244608497713,0.854784210680062,0.839122626757444,0.657005391977255,0.269741643800828
126.54,0,4.49911709989765,0.855290444960404,0.839439590843592,0.658606575749208,0.26844156058651
126.55,0,4.49608113247944,0.854742519134747,0.838004300947667,0.656415445981649,0.269945976515484
126.56,0,4.49333771820637,0.852781020292127,0.839819574202225,0.65750203035605,0.268282767689674
126.57,0,4.49088635635923,0.853832484511568,0.842546828302613,0.656622954216657,0.270819569438492
126.58,0,4.48872651024537,0.854248425308739,0.840269417301709,0.657728959725258,0.268885310165751
126.59,0,4.48685760740602,0.856679247959919,0.839006150146035,0.654441698755098,0.271227016430992
126.6,0,4.48527903980123,0.854790961875405,0.836378933994658,0.656832215049596,0.269801254155641
126.61,0,4.48396378561916,0.8529227694307,0.838278454413131,0.655189041613426,0.271488293974041
126.62,0,4.48273244035513,0.855291668422321,0.836833827941871,0.657181331465335,0.268169128509946
126.63,0,4.48155159586774,0.855797994658935,0.836164141718885,0.656475925224225,0.271491307458131
126.64,0,4.48042112340934,0.855033003047941,0.837951469808415,0.657362823161896,0.270863282390626
126.65,0,4.4793408787117,0.853087574410676,0.835287113172458,0.653498616602693,0.268069672158524
126.66,0,4.47831070208071,0.852909307055044,0.836052807874544,0.656688370835285,0.269339767586393
126.67,0,4.47733041849886,0.854670733906254,0.836628341831991,0.655035598694744,0.270044544325119
126.68,0,4.47639983773554,0.856543525797018,0.837390765949621,0.656456914127426,0.268970198504105
126.69,0,4.47551875446505,0.854689086290203,0.835123912379075,0.652632744458943,0.271904239532705
126.7,0,4.47468694839225,0.855360575929528,0.835747723808217,0.655798722718129,0.270635039106654
126.71,0,4.4739041843857,0.852265134119919,0.837659679022031,0.656050810454017,0.273645863859669
126.72,0,4.47317021261832,0.855985770785652,0.834858424798661,0.657332562546732,0.270598370485567
126.73,0,4.47248476871526,0.856110105607611,0.837342262327916,0.6549512805394,0.270745929279913
126.74,0,4.47184757390914,0.855887448000329,0.833298065588731,0.657249468500557,0.269586854740842
126.75,0,4.47125833520228,0.857602657990736,0.83600744834455,0.658261588133655,0.270210785624192
126.76,0,4.47071674553605,0.852229730887501,0.83440486742774,0.65610810536206,0.271837466607838
126.77,0,4.47022248396693,0.852831867329064,0.836216835455432,0.6553155658665,0.268313851915976
126.78,0,4.4697752158495,0.853506223248836,0.834965919695067,0.653219587223296,0.267650529070242
126.79,0,4.46937459302589,0.856742048323387,0.834769620954405,0.657619673495179,0.2687101611155
126.8,0,4.46902025402178,0.85411063148115,0.835503824638644,0.655287411099891,0.269194770012905
126.81,0,4.47582398832646,0.853273743679171,0.834783719338082,0.65814416098913,0.268668530670532
126.82,0,4.49420554037362,0.853307629385091,0.835925868324508,0.656897137221889,0.269542930280109
126.83,0,4.50226883965995,0.852084525886993,0.834781199208091,0.655232897349711,0.269633987438709
126.84,0,4.50788807695723,0.850900128438379,0.832564030204226,0.653762690093805,0.270460224599918
126.85,0,4.51331383602983,0.851759391677009,0.833868785868002,0.65625402737206,0.269670199079416
126.86,0,4.51893584321099,0.852602412438909,0.834530246822677,0.652657622233993,0.270426857592585
126.87,0,4.52480887488702,0.853589028882434,0.834226290142065,0.654501540092686,0.270285509652166
126.88,0,4.53093856712096,0.849643629242325,0.834716537465327,0.654457688287601,0.269736959857111
126.89,0,4.53732413517002,0.849548320192823,0.835297536801129,0.653154076230716,0.272538340048833
126.9,0,4.54396399991647,0.850372146248328,0.836460859487429,0.655486827731901,0.272094989789238
126.91,0,4.55085646215345,0.852255341050706,0.83463435713982,0.653323366366489,0.269414699253835
126.92,0,4.55799977661463,0.850981009916203,0.83279444670391,0.654056417905146,0.270821974894118
126.93,0,4.56539215922726,0.851798065345783,0.833226000010942,0.652757513473496,0.270789520155883
126.94,0,4.57303178758761,0.848502668368839,0.834723625803952,0.652561245589235,0.270490948968692
126.95,0,4.58091680083008,0.849656415602998,0.834004632899904,0.652402025036857,0.26929528391447
126.96,0,4.58904529945833,0.847379383005025,0.833413136939766,0.652729408688352,0.26913872215106
126.97,0,4.59741534518316,0.847721545521657,0.83207181735476,0.650273125128378,0.270811423902592
126.98,0,4.60602496077023,0.85194164767868,0.832324877259804,0.653261049311706,0.27186934486137
126.99,0,4.61487212989893,0.848298935092913,0.834133676715801,0.653494548489812,0.270583356097239
127,0,4.62395479703347,0.847181118680243,0.831173417890004,0.653110522096656,0.270007170866236
127.01,0,4.63327086730741,0.846201774582043,0.834878436210717,0.653542880083495,0.268836959005233
127.02,0,4.64281820642279,0.84668928690361,0.832860171870374,0.651727053231764,0.269101591503238
127.03,0,4.65259464056521,0.847365373137771,0.832662391817584,0.652613968660358,0.271639052081308
127.04,0,4.66259795633599,0.845927263410076,0.832770718929035,0.65390138345961,0.271524334128287
127.05,0,4.67282590070253,0.846582043712248,0.831319866491585,0.651428537510394,0.271548861344217
127.06,0,4.68327618096831,0.843448936978718,0.834317290556159,0.652804423252028,0.270631890411676
127.07,0,4.69394646476348,0.846154628106515,0.832413755300723,0.651055750073532,0.270963053232011
127.08,0,4.70483438005741,0.846209940676451,0.833469557679542,0.651591423868192,0.269588594232259
127.09,0,4.71593751519423,0.842304219712443,0.831980520277328,0.651847103706979,0.269654860387177
127.1,0,4.72725341895265,0.843667585687671,0.829772062862347,0.652524349949889,0.267820705704375
127.11,0,4.73877960063109,0.845679050372407,0.832542578151476,0.65268139669445,0.270232939290335
127.12,0,4.75051353015935,0.843419731603343,0.832653531404557,0.65166023626444,0.268622468120723
127.13,0,4.76245263823784,0.841705059952664,0.834438746372576,0.650764131438165,0.267117791581758
127.14,0,4.77459431650551,0.839705885816312,0.831845954822755,0.650592261379824,0.272445232572775
127.15,0,4.7869359177376,0.842900178812424,0.831710123961661,0.65247748798763,0.271198559097662
127.16,0,4.79947475607405,0.839940136927546,0.831320930558707,0.651873076869783,0.272320897963644
127.17,0,4.8122081072799,0.839889193491733,0.835778895422249,0.651066717991046,0.269746789286447
127.18,0,4.82513320903832,0.841718616554917,0.83220446543248,0.650781828743013,0.269429288484115
127.19,0,4.83824726127751,0.837126023033461,0.830673768910914,0.651478344424876,0.271023441956306
127.2,0,4.85154742653226,0.839986030074086,0.832237225954039,0.650472788612013,0.271581676963757
127.21,0,4.86503083034104,0.838355680151017,0.831808083311271,0.651130841122929,0.269408923613186
127.22,0,4.87869456167958,0.837160331489075,0.830291334452084,0.651265279580533,0.269264880607525
127.23,0,4.89253567343166,0.835691260023232,0.834020315692045,0.649462602055562,0.27028375064661
127.24,0,4.90655118289791,0.836125958534428,0.829751963491308,0.650395046499694,0.271271800278277
127.25,0,4.92073807234342,0.835621674526703,0.832117261293682,0.648092472203173,0.272665913858785
127.26,0,4.93509328958476,0.838136350347421,0.832059287366713,0.648143842447556,0.271137651961509
127.27,0,4.94961374861717,0.837156503651136,0.830962481176618,0.64930791846636,0.268937707525666
127.28,0,4.96429633028235,0.835431034688955,0.83279440206959,0.64995074598961,0.271778478941125
127.29,0,4.97913788297762,0.836817000310327,0.830503606275885,0.646444620967236,0.272413631692214
127.3,0,4.99413522340682,0.834117062837809,0.831007302837456,0.645535791049642,0.271915151762095
127.31,0,5.00928513737341,0.829488741277194,0.831470960842501,0.649457268064308,0.268256638876412
127.32,0,5.02458438061623,0.832110676932485,0.832631110354616,0.64681840961665,0.269852167014616
127.33,0,5.04002967968822,0.831253718459963,0.830817283178715,0.647413926907102,0.269359792954834
127.34,0,5.0556177328784,0.83096874271362,0.834313717670294,0.649200948668372,0.269674678395442
127.35,0,5.07134521117738,0.830523804632076,0.831591326906385,0.647507152477276,0.268911974190794
127.36,0,5.08720875928653,0.830787688864207,0.833871229786941,0.650615439245755,0.269307923680572
127.37,0,5.10320499667098,0.831353694496246,0.829331936776484,0.648110868152211,0.269056443316702
127.38,0,5.11933051865642,0.828583164734276,0.829986823955154,0.648532447554028,0.269460237512676
127.39,0,5.13558189756984,0.827774066685299,0.831720103939521,0.649166561259921,0.268101477393453
127.4,0,5.15195568392397,0.826789630276878,0.829218907308569,0.647735151590315,0.269013635837577
127.41,0,5.16844840764549,0.82609316582638,0.829336794698483,0.647393114648473,0.26955576555069
127.42,0,5.18505657934657,0.826983563516458,0.831918516723932,0.647115029502715,0.27051082152798
127.43,0,5.20177669163976,0.825280385993104,0.830218422263851,0.647454320271289,0.270934647023908
127.44,0,5.21860522049568,0.826835771376379,0.832119626023997,0.648236963839478,0.26872373156294
127.45,0,5.2355386266433,0.82490530567388,0.833086497693679,0.647781186697692,0.27010104897725
127.46,0,5.25257335701213,0.825424491563701,0.832616170034041,0.646790008142744,0.271649890683721
127.47,0,5.26970584621606,0.822482674098588,0.830983553877797,0.650140802744643,0.270173541285015
127.48,0,5.28693251807816,0.823488998248291,0.830262292216095,0.646800239512022,0.27298762169048
127.49,0,5.30424978719566,0.822685520471485,0.830552804027397,0.645221111400405,0.269081379243997
127.5,0,5.32165406054457,0.821150534819247,0.829011264659362,0.647625746126996,0.270093709321596
127.51,0,5.33914173912313,0.823827437042572,0.83016250926145,0.647334894011187,0.268949049761302
127.52,0,5.35670921963311,0.82271204641965,0.828724668459864,0.646021249475938,0.269767411927886
127.53,0,5.3743528961982,0.818210174758249,0.831035804923318,0.646558204166052,0.270450461884112
127.54,0,5.39206916211843,0.823474009204296,0.830951448433194,0.645815103176825,0.269923327795566
127.55,0,5.40985441165955,0.819365959523989,0.831735637340604,0.645293271798153,0.270579511204618
127.56,0,5.42770504187641,0.820120645027629,0.830682140332878,0.648133238015657,0.269992480590526
127.57,0,5.44561745446892,0.817504616193302,0.831226723228646,0.645898032496474,0.269617128366287
127.58,0,5.46358805766961,0.821465881002617,0.831576783427427,0.646315961093308,0.267610104581561
127.59,0,5.48161326816139,0.816442968574753,0.831712966317762,0.643801081782902,0.27167341365827
127.6,0,5.49968951302411,0.816952033928915,0.8328914493559,0.642176183472334,0.268551656931218
127.61,0,5.51781323170863,0.814159647498774,0.831269947873603,0.643673446571787,0.270892039518201
127.62,0,5.53598087803684,0.814972218601137,0.830859145224151,0.645331953547425,0.270459178444629
127.63,0,5.55418892222617,0.813364628893793,0.83056123532094,0.644524881190216,0.26960475971955
127.64,0,5.57243385293704,0.812606877430605,0.829675091318353,0.643406857760362,0.270868377922259
127.65,0,5.59071217934158,0.812420124167347,0.830211100189364,0.644558819620179,0.270109209240312
127.66,0,5.60902043321192,0.810833012378124,0.830642604936275,0.641530440045993,0.271252436080635
127.67,0,5.62735517102651,0.81054685472844,0.83080478139238,0.64295301959634,0.269191144751458
127.68,0,5.64571297609253,0.811120085151223,0.830811156926748,0.645041973752482,0.269462149019238
127.69,0,5.66409046068265,0.811659696252241,0.832704134236997,0.646318741440991,0.266242884415594
127.7,0,5.68248426818444,0.811393976367894,0.831991572563404,0.643360851016687,0.270957837624864
127.71,0,5.70089107526025,0.811891045971736,0.83280802830702,0.646166929323867,0.271079721823955
127.72,0,5.71930759401603,0.807586165419117,0.831614794846093,0.645480390941284,0.270794839676587
127.73,0,5.73773057417687,0.810901427836571,0.833627255816115,0.645892548856123,0.269814770276923
127.74,0,5.75615680526742,0.807576632849404,0.832426909174701,0.642567494241479,0.270177821753262
127.75,0,5.7745831187952,0.805859952347835,0.830526535767333,0.646072733673915,0.269783991302821
127.76,0,5.79300639043474,0.807889946254209,0.833661812190173,0.644909316231894,0.270756520801227
127.77,0,5.81142354221059,0.807635730351461,0.831147771750204,0.642735778934404,0.269848274829691
127.78,0,5.82983154467707,0.805696938887249,0.834920786264285,0.643092961477145,0.270734691507825
127.79,0,5.84822741909273,0.804406394213017,0.831610801823099,0.641177835474922,0.270229491695365
127.8,0,5.86660823958755,0.807047630757117,0.832475761515027,0.644368058296916,0.269221694027784
127.81,0,5.88497113532065,0.805170837293511,0.831679242908823,0.64617391897314,0.269760743541061
127.82,0,5.90331329262652,0.803947108078566,0.830854897834968,0.643896707359381,0.270075542115425
127.83,0,5.92163195714768,0.805633102963989,0.832528104430944,0.642318382481014,0.270131290137614
127.84,0,5.93992443595169,0.804518531946927,0.82841181801504,0.642963672027801,0.269716940038381
127.85,0,5.95818809963044,0.805595360974912,0.833504387145885,0.643046250631556,0.269208794402525
127.86,0,5.97642038437965,0.801943913504397,0.832385676226627,0.643958794284331,0.271157241067694
127.87,0,5.9946187940566,0.799151785501973,0.835167439097668,0.645215669459584,0.271431654893621
127.88,0,6.01278090221394,0.797805757892427,0.831793831441453,0.642306235984773,0.268564340028812
127.89,0,6.03090435410777,0.79821096711959,0.831868077865463,0.645010314134403,0.271751205691707
127.9,0,6.04898686867771,0.798641046499758,0.831753249514286,0.643277185559661,0.267643126742207
127.91,0,6.06702624049734,0.796238484832538,0.833985429955241,0.643006419644877,0.266994477699108
127.92,0,6.08502034169283,0.798859718544126,0.83052587538146,0.644986516985835,0.270125877658465
127.93,0,6.102967123828,0.795831998760594,0.830061280986425,0.64352436690638,0.269712594755886
127.94,0,6.12086461975392,0.796893571349408,0.831248238583721,0.64324953925057,0.267230308511946
127.95,0,6.13871094542116,0.79618531150861,0.833570579361119,0.645392299491171,0.270248695342474
127.96,0,6.15650430165305,0.793541025919981,0.835842139917043,0.643665204351374,0.269055905873522
127.97,0,6.17424297587815,0.795415097686299,0.833788749275981,0.642775924985085,0.272963041033955
127.98,0,6.19192534382019,0.79617546152742,0.833215628528534,0.641285366679017,0.269973234838998
127.99,0,6.20954987114402,0.793355523110212,0.831775137584646,0.642182912309841,0.269647793222066
128,0,6.22711511505575,0.794281427473738,0.83521973104025,0.642338674915731,0.271366458834548
128.01,0,6.24461972585584,0.792543923634519,0.831974616474447,0.644921853841014,0.271608235367747
128.02,0,6.26206244844342,0.792618212194377,0.831886257450128,0.643412968002876,0.272220626736944
128.03,0,6.27944212377062,0.788487692756811,0.834433056666041,0.643568192093026,0.269693069801903
128.04,0,6.29675769024551,0.790294936049414,0.831864755587896,0.639844717853829,0.269547201144778
128.05,0,6.31400818508242,0.79183789479042,0.834055086861988,0.645352300684581,0.26977417972274
128.06,0,6.33119274559826,0.792663948395342,0.833878367167941,0.64167154036396,0.268807201196708
128.07,0,6.34831061045406,0.79091103646585,0.833079428711293,0.643073803933914,0.269749311744188
128.08,0,6.3653611208403,0.78975762797174,0.832972802564402,0.640939214913753,0.272555555641655
128.09,0,6.3823437216053,0.790434757061027,0.834871439222335,0.641514681579787,0.271385253388547
128.1,0,6.39925796232555,0.790031429998581,0.832518931133456,0.64431057172726,0.271970863115704
128.11,0,6.41610349831738,0.789439536892311,0.833096980071368,0.642426874581849,0.269264543679606
128.12,0,6.43288009158905,0.787393564654314,0.835676174807451,0.640856431782293,0.270824380061409
128.13,0,6.44958761173249,0.786411495849674,0.835215474607519,0.642936090948159,0.271511677956739
128.14,0,6.46622603675444,0.786045048098489,0.83415427757236,0.640863957937952,0.26783971294174
128.15,0,6.482795453846,0.786446658028036,0.835853369962032,0.641599544885089,0.273562544231635
128.16,0,6.49929606009051,0.788420582213247,0.83495680518049,0.643728792434187,0.267717338392285
128.17,0,6.51572816310928,0.784004612883013,0.834896999410186,0.645753272529251,0.268875332830771
128.18,0,6.53209218164478,0.784320387173068,0.833011899204488,0.642360938490258,0.27048925823673
128.19,0,6.54838864608127,0.785296079517268,0.833910644080677,0.641625191026278,0.267911619679683
128.2,0,6.56461819890264,0.783883520150918,0.836466737926239,0.643137902917913,0.273089632837287
128.21,0,6.58078159508743,0.782762735989288,0.836714003137184,0.64329515730203,0.269055218660885
128.22,0,6.59687970244109,0.781196798413734,0.831368595090074,0.644496487382254,0.270644473645208
128.23,0,6.61291350186562,0.783422443453941,0.838023635172964,0.642546256271408,0.268263581059496
128.24,0,6.62888408756671,0.782167555143455,0.837125109434433,0.642928452086641,0.268645200596613
128.25,0,6.64479266719876,0.780635480952984,0.836677495691128,0.642575592589531,0.268040771790667
128.26,0,6.66064056194805,0.7815262945285,0.834537793485884,0.641033633476566,0.270765898139785
128.27,0,6.67642920655455,0.781985650022351,0.836325321420545,0.645568475812329,0.267712356187743
128.28,0,6.69216014927279,0.778730828534747,0.838042225223769,0.642395273087911,0.272617883601848
128.29,0,6.70783505177251,0.779157901381543,0.836019864446863,0.644810953457263,0.26838280019312
128.3,0,6.72345568897958,0.780496128543605,0.834433526136356,0.645584906976969,0.268973189989656
128.31,0,6.739023948858,0.778650301555762,0.83659292151532,0.644258886367676,0.270827291533522
128.32,0,6.7545418321337,0.77845278133296,0.836593124530285,0.64378563774734,0.27133577317564
128.33,0,6.77001145196119,0.777197081143012,0.836935710084881,0.646038096476699,0.270196176382974
128.34,0,6.78543503353364,0.776797027250091,0.836507648942885,0.645004868459579,0.270396213505359
128.35,0,6.8008149136376,0.777289630181888,0.837619172626869,0.644612485845837,0.271776293633971
128.36,0,6.81615354015346,0.777834893476732,0.836946502110321,0.645209523021002,0.270381201391167
128.37,0,6.83145347150248,0.775672539215027,0.838092197455976,0.642817617391247,0.27079164097584
128.38,0,6.84671737604176,0.775997780729843,0.838400059098502,0.644602177717458,0.269092695609965
128.39,0,6.86194803140831,0.773898973582638,0.836468053494872,0.641474173528065,0.270319089933029
128.4,0,6.87714832381332,0.772576453501368,0.839768380199666,0.645272875363206,0.27139202657301
128.41,0,6.89232124728818,0.775082108956803,0.840231191718831,0.647840524532542,0.271093775160628
128.42,0,6.90746990288339,0.773605074704602,0.840401153982084,0.643894802708364,0.270889236080689
128.43,0,6.92259749782181,0.773547746416344,0.839004928490159,0.641789225733699,0.269981881387885
128.44,0,6.93770734460756,0.773893821017928,0.836479712170027,0.647613262219629,0.267540658091384
128.45,0,6.95280286009232,0.772034206178095,0.840221728256581,0.646822432912653,0.26849588382135
128.46,0,6.96788756450016,0.771165620669778,0.838350775561394,0.648127803751462,0.270680077693763
128.47,0,6.98296508041251,0.770720784575779,0.838109719318972,0.644422041418319,0.271954418509063
128.48,0,6.99803913171508,0.773431335567426,0.837726971686056,0.648269120402173,0.270802616708045
128.49,0,7.01311354250784,0.773329127242565,0.841130764982832,0.644713671247832,0.269665936599646
128.5,0,7.02819223598001,0.771498408560879,0.842002463297037,0.644704127877587,0.269805134718812
128.51,0,7.04327923325136,0.768708135120046,0.838079577261864,0.645994230806316,0.271290333493166
128.52,0,7.05837865218177,0.770588774291576,0.841554035511751,0.646875747116311,0.268193979477152
128.53,0,7.07349470615028,0.770679518202034,0.839804570503872,0.646710453867162,0.269912327492355
128.54,0,7.08863170280551,0.771289831925689,0.839166182352795,0.64716203116661,0.268689837182791
128.55,0,7.10379404278903,0.766430356797669,0.840789207305483,0.646687634619558,0.267516163764273
128.56,0,7.11898621843323,0.769982973493554,0.840573245919034,0.64587352087699,0.269921315834263
128.57,0,7.13421281243532,0.770279634671036,0.842210361471835,0.644657166153374,0.270599039729098
128.58,0,7.1494784965092,0.76791284291142,0.840901661193022,0.646631059825049,0.269722321425702
128.59,0,7.16478803001658,0.76910190019026,0.840607628232851,0.644428835964353,0.268558541503683
128.6,0,7.18014625857919,0.767140964022417,0.842477845962376,0.648472763789272,0.266563175918889
128.61,0,7.19555811267342,0.766659966497921,0.84088835373939,0.647176215281095,0.272317907820099
128.62,0,7.21102860620915,0.766707212875082,0.840387283829141,0.645795154879515,0.270317231246978
128.63,0,7.22656283509416,0.766947674731371,0.842028627104996,0.646990899856895,0.268181306432435
128.64,0,7.24216597578563,0.7649015646839,0.843191513922222,0.649439867645525,0.271462604823715
128.65,0,7.25784328383045,0.765028002677823,0.840412177468101,0.647233718574868,0.269315410001695
128.66,0,7.27360009239533,0.765739767118476,0.841097061645593,0.648271727133546,0.269016476603918
128.67,0,7.28944181078869,0.762526930082684,0.840917991284299,0.650857666229008,0.268586864200591
128.68,0,7.30537392297519,0.76309746058374,0.841399498748709,0.647109932563686,0.27164492011703
128.69,0,7.32140198608467,0.766259405987365,0.843077458723417,0.648800055442427,0.268221105573204
128.7,0,7.33753162891657,0.763527989182638,0.844412129604402,0.648588878425104,0.271335856525269
128.71,0,7.3537685504411,0.762465012091595,0.844945976342059,0.648884915391635,0.270807681583523
128.72,0,7.37011851829855,0.763749786101372,0.842803623546294,0.650240336631851,0.270266881780012
128.73,0,7.38658736729772,0.759392771143618,0.845627515119424,0.649171260090332,0.270438370466206
128.74,0,7.40318099791482,0.758656998947443,0.843160675376978,0.648419979885117,0.27141452456656
128.75,0,7.4199053747935,0.761541572408552,0.844703686064921,0.649621556556683,0.271394165985011
128.76,0,7.4367665252477,0.759467749492959,0.845549681974221,0.646456678677788,0.269030188142253
128.77,0,7.45377053776771,0.757663957275759,0.84348886514868,0.648637012215668,0.270831495086887
128.78,0,7.47092356053052,0.759845485930858,0.845009544600332,0.649603735725469,0.271715167788473
128.79,0,7.48823179991547,0.757323940469905,0.844642640464067,0.651238852981914,0.270842088749429
128.8,0,7.50570151902598,0.759811030332698,0.842741289186745,0.652363280935494,0.269436303632029
128.81,0,7.52333903621783,0.75786470055292,0.844210917873339,0.649645636809325,0.270590266657908
128.82,0,7.54115072363505,0.761023116029584,0.84486577418711,0.653313450066172,0.269897014772689
128.83,0,7.55914300575381,0.757140800724517,0.845494667100903,0.650891942786403,0.272234321261178
128.84,0,7.57732235793487,0.755587799512355,0.845482530881329,0.650911176005438,0.271840248190718
128.85,0,7.59569530498538,0.757930819119147,0.845734411018387,0.649869423453544,0.271348826379503
128.86,0,7.61426841972994,0.757125339845932,0.845238031826374,0.650588658134131,0.269923783922137
128.87,0,7.63304832159185,0.755792454279266,0.848593309590083,0.652368146244117,0.271732910321119
128.88,0,7.65204167518447,0.75283632200145,0.845576125275754,0.651075014025466,0.271356043613926
128.89,0,7.67125518891312,0.754167710620548,0.845952679465003,0.650774344679746,0.268851037053334
128.9,0,7.69069561358766,0.756108936198206,0.847101892940538,0.650929757917562,0.269213848871526
128.91,0,7.71036974104574,0.75245680769673,0.848619770702192,0.650801095411835,0.270069669213613
128.92,0,7.73028440278707,0.753062918315443,0.847534821530566,0.6511322027953,0.271647667818911
128.93,0,7.75044646861834,0.754119488043017,0.849507906458438,0.651904343713465,0.270452244171046
128.94,0,7.77086284530888,0.755597875908528,0.849695363833267,0.652888978377024,0.268734673569773
128.95,0,7.791540475257,0.752221212726206,0.845292311082328,0.652762834285832,0.269037815439249
128.96,0,7.81248633516665,0.750732654071793,0.847735627677972,0.652889480904278,0.267997242304358
128.97,0,7.83370743473402,0.751391329064404,0.847827075498133,0.651857480771325,0.266877021528493
128.98,0,7.85521081534413,0.749287137694763,0.851271916919585,0.652807298604287,0.271736634267871
128.99,0,7.87700354877667,0.75246334476481,0.848775719197108,0.653343537006924,0.267343412407965
129,0,7.89909273592058,0.748569115912885,0.850794155115795,0.649783586669184,0.268649258981028
129.01,0,7.92148550549712,0.748025275859489,0.847486824047749,0.653187435287642,0.270534466310879
129.02,0,7.94418901279083,0.747889948247327,0.850789267916798,0.651886481591436,0.269136864684954
129.03,0,7.96721043838721,0.74554788836644,0.85201279298119,0.651689843048596,0.268450500997528
129.04,0,7.99055698691723,0.747863666445,0.852718178481459,0.655657305322512,0.271308608179749
129.05,0,8.01423588580721,0.748262312230318,0.847963334449687,0.651274659913563,0.271078154808088
129.06,0,8.03825438403361,0.74515979061804,0.850064821368309,0.655046537426186,0.270581560926367
129.07,0,8.06261975088181,0.74557804227291,0.853467090932128,0.653286986798164,0.268362874691074
129.08,0,8.08733927470784,0.744403422200595,0.850351053474466,0.655255792895184,0.270309522238908
129.09,0,8.11242026170212,0.745734684487145,0.849965184612255,0.653692136353216,0.268832442249912
129.1,0,8.1378700346543,0.743344543590941,0.849693779439545,0.654829180407144,0.268361669474973
129.11,0,8.16369593171802,0.74209360642653,0.850873599311576,0.655756387273512,0.266675341691281
129.12,0,8.18990530517428,0.743422130937054,0.850244662228204,0.653018663533677,0.272301018062689
129.13,0,8.21650552019272,0.73850230565936,0.85378079454583,0.653685454233129,0.271627422883298
129.14,0,8.24350395358902,0.743227846233239,0.85283818145656,0.653173845226268,0.271160688175586
129.15,0,8.27090799257773,0.740034859447802,0.852559206794922,0.653915396529554,0.268150982425855
129.16,0,8.29872503351853,0.740015586356726,0.853225979532026,0.653094159052441,0.271202672605054
129.17,0,8.32696248065553,0.736877634036185,0.852310871333424,0.653154134042209,0.271039564967113
129.18,0,8.35562774484719,0.738903027163686,0.852188761482382,0.655397280098732,0.270048453686721
129.19,0,8.38472824228625,0.738943577930797,0.853243331163922,0.655972675862351,0.27021131448642
129.2,0,8.41427139320788,0.736429332741246,0.852771957295245,0.654828379570353,0.26957013166532
129.21,0,8.44426462058458,0.73647778468768,0.853767688833439,0.655804245773296,0.268128720481803
129.22,0,8.47471534880639,0.737547425797989,0.856755369953543,0.656164002123897,0.267106476145665
129.23,0,8.50563100234488,0.73477993707711,0.857463914642994,0.65495726666092,0.26790936283358
129.24,0,8.53701900439949,0.736493508596339,0.853852045454025,0.655558252930736,0.272141121635791
129.25,0,8.56888677552425,0.733708337431183,0.851814922299834,0.656756429675358,0.26981774579812
129.26,0,8.60124173223392,0.732324876313287,0.857241819892391,0.658452527118362,0.269421470042777
129.27,0,8.63409128558731,0.732524640660415,0.855848546327567,0.655411568621911,0.269620669058695
129.28,0,8.66744283974658,0.733143474629788,0.856956688299884,0.655826306087035,0.267386438950197
129.29,0,8.70130379051075,0.731738804843526,0.855279297660076,0.65627452568156,0.271611893712003
129.3,0,8.73568152382188,0.730235533657906,0.853693442632039,0.6559158185565,0.268849743424776
129.31,0,8.77058341424192,0.729184951667041,0.857280706568308,0.657420193720314,0.269206627985489
129.32,0,8.80601682339918,0.729681403614325,0.85839679201851,0.657340394513662,0.271394870662789
129.33,0,8.84198909840242,0.728594777939662,0.857166880235514,0.65611626730568,0.269200830245566
129.34,0,8.8785075702206,0.727677309634897,0.857232878464299,0.654610806172332,0.270399882653592
129.35,0,8.91557955202744,0.729690859670077,0.858490704429947,0.656397491498927,0.271968641205877
129.36,0,8.95321233750856,0.72746912611678,0.859037019233268,0.655794099068151,0.270368901082918
129.37,0,8.99141319912968,0.727070231944695,0.859551806349336,0.655832743796642,0.270000110651527
129.38,0,9.03018938636435,0.726039987353131,0.858432137608686,0.6534418070699,0.269616988921381
129.39,0,9.06954812387984,0.723741450865412,0.858155378130688,0.655051742922308,0.270882050484517
129.4,0,9.10949660967909,0.722496264073056,0.857947121969321,0.656424111791757,0.270174815898832
129.41,0,9.15004201319762,0.721910084826421,0.860378791896961,0.656985165175504,0.26816306823476
129.42,0,9.19119147335393,0.719596950923265,0.857676044651064,0.654527946659692,0.269484124027834
129.43,0,9.23295209655132,0.720998422015053,0.861441241470487,0.656072818360019,0.269640540197465
129.44,0,9.27533095463036,0.71974601112495,0.858051400015595,0.656952599899688,0.270695140880343
129.45,0,9.31833508277031,0.718944715611994,0.858109328041696,0.658721744340033,0.266842380024908
129.46,0,9.36197147733801,0.720239666786208,0.860712706811782,0.65486715594177,0.267356454286478
129.47,0,9.40624709368274,0.716238037609135,0.860030697886604,0.657654168347189,0.270191226526822
129.48,0,9.45116884387656,0.717724432964064,0.861278894992904,0.657128686392016,0.271246987668001
129.49,0,9.49674359439785,0.714634375636463,0.86040239591988,0.657459876891937,0.269822747790146
129.5,0,9.54297816375731,0.717534871162985,0.860442629867703,0.654740790265016,0.268369167871798
129.51,0,9.5898793200656,0.715770507553874,0.861094214946693,0.656732259992301,0.271151944960011
129.52,0,9.63745377854104,0.71279873461753,0.861451220609369,0.657495658880786,0.269095686372837
129.53,0,9.6857081989563,0.713831693193395,0.861240818022426,0.657180254952871,0.272343729388983
129.54,0,9.73464918302373,0.710982734737806,0.86108499763063,0.656486056768283,0.26997606192423
129.55,0,9.7842832717179,0.713876570781139,0.865053369438613,0.658982475243903,0.271737327725471
129.56,0,9.83461694253443,0.710616121480722,0.861074566134899,0.657757751681224,0.269434146289982
129.57,0,9.88565660668494,0.709516017050541,0.863395550267369,0.656600407226237,0.269475735733974
129.58,0,9.93740860622702,0.707121104018127,0.862284967293507,0.658304116073465,0.270304596072219
129.59,0,9.98987921112863,0.707856780148933,0.863989585533784,0.65752612896213,0.268057228306241
129.6,0,10.0430746162665,0.705103282395472,0.863639011810146,0.65475959656546,0.272281825302543
129.61,0,10.0970009383584,0.705007721370686,0.863146502824822,0.658123953123805,0.270754126346897
129.62,0,10.1516642128286,0.701624160990287,0.863808245790399,0.65957845844777,0.269251406089289
129.63,0,10.2070703906057,0.705113743500915,0.864648649468062,0.655230855010676,0.269232719020638
129.64,0,10.2632253348547,0.701423945367533,0.864705955450612,0.655635988004699,0.267985084337338
129.65,0,10.3201348176411,0.700634809458035,0.867771963408472,0.656802780073511,0.269646234076364
129.66,0,10.3778045165275,0.700591125504994,0.866858395982804,0.65572684389783,0.270450646939841
129.67,0,10.4361564383826,0.701449253037959,0.863884153503645,0.65545966595637,0.272708104831254
129.68,0,10.4941400203678,0.699819453360223,0.866685029482473,0.654056917715675,0.271075287350483
129.69,0,10.552213732468,0.696786099770787,0.868084195034545,0.657347488715265,0.270632675261003
129.7,0,10.6108897630354,0.696275084080258,0.867024722558318,0.65596437122263,0.270081567598962
129.71,0,10.6702898010627,0.697910000557593,0.86841407147704,0.656315491824497,0.272563335209001
129.72,0,10.730439291912,0.695598244598445,0.864861248036017,0.65810792876523,0.269263571034599
129.73,0,10.7913459912627,0.69415613623223,0.867677213260282,0.657329813728482,0.2713765659123
129.74,0,10.8530146578457,0.694080139873018,0.866615004333378,0.657615142859703,0.272774006904939
129.75,0,10.9154494775958,0.692938268497516,0.868544896294467,0.657315979585819,0.271411705666842
129.76,0,10.9786544376062,0.689826420748067,0.870611207483252,0.654884915433117,0.271128012162469
129.77,0,11.0426333791798,0.690823436204645,0.86891103772434,0.655201414025436,0.270078065661494
129.78,0,11.1073900023752,0.68842815803438,0.866201305446797,0.655903137882479,0.27044868296776
129.79,0,11.1729278633379,0.688093970601437,0.86999990047281,0.656685535402085,0.26997943747963
129.8,0,11.2392503705404,0.686845388349573,0.866870934089334,0.657160346927225,0.269343838149909
129.81,0,11.306360780828,0.686334104272818,0.869207376592901,0.656999599689264,0.26982202329118
129.82,0,11.374262195404,0.682999332552701,0.868420669874949,0.655334744257553,0.270831500621604
129.83,0,11.4429575557741,0.684463192612372,0.86969469480996,0.657869536950525,0.267733635055493
129.84,0,11.5124496396558,0.681906204325585,0.871451911556381,0.654741797185125,0.269619726595023
129.85,0,11.5827410568545,0.680694126359753,0.872384303642281,0.655636417930547,0.26972660639401
129.86,0,11.6538342451115,0.680978405143809,0.873199606469569,0.65641216718415,0.270090772849556
129.87,0,11.7257314659236,0.676754923625529,0.871920189859203,0.65730187791241,0.27108381823423
129.88,0,11.7984348003394,0.67931810378798,0.871962945103931,0.655420032712932,0.271290890976039
129.89,0,11.8719461447349,0.675766379913927,0.870247958682835,0.65625691387378,0.269694623173409
129.9,0,11.9462672065706,0.677317612798032,0.873421460910484,0.657010115500065,0.269346608498729
129.91,0,12.0213995001348,0.67472435851425,0.872885040988837,0.656640353122428,0.268101302222416
129.92,0,12.0973443422756,0.674079700658319,0.873953171800467,0.654908382853562,0.270441596033232
129.93,0,12.1741028481259,0.671604927007067,0.872224415487906,0.655597018496373,0.269816760244248
129.94,0,12.2516759268241,0.672737469556736,0.874745807052752,0.656775972420264,0.270428093211118
129.95,0,12.330064277236,0.669569635219899,0.871875808128102,0.65487757642813,0.269748493126924
129.96,0,12.4092683836801,0.667872855869459,0.872826893831228,0.651111480354772,0.269968497206723
129.97,0,12.4892885116612,0.668348214911385,0.873892422022806,0.655334305930438,0.268141154746067
129.98,0,12.5701247036178,0.664460303397986,0.873738547392378,0.654364529638247,0.272751780963087
129.99,0,12.6517767746852,0.668675564912096,0.874021624989501,0.655201271665162,0.270991430949888
130,0.85,12.7342443084803,0.662468201320478,0.8745528231655,0.653884142531987,0.269932008167981
130.01,0.85,12.8175266529134,0.665348575805372,0.874440955466829,0.653050477429723,0.271754737423828
130.02,0.85,12.9016229160303,0.662510809747551,0.876603972314416,0.652645363174714,0.269214300265326
130.03,0.85,12.9865319618895,0.662184642012321,0.874033534768496,0.654891729132841,0.269542789019892
130.04,0.85,13.0722524064816,0.66037071998907,0.876812294954806,0.654476797933609,0.270532018615967
130.05,0.85,13.1587826136935,0.65975561949796,0.877691269901946,0.654626404386114,0.269280436437741
130.06,0.85,13.2461206913237,0.658405898032146,0.879199238738626,0.651658765190657,0.269584493845055
130.07,0.85,13.3342644871539,0.65852900293979,0.875586118851501,0.654516177311624,0.2709330300682
130.08,0.85,13.4232115850826,0.65576698790588,0.875360959458452,0.653618155288369,0.267554653074651
130.09,0.85,13.5129593013256,0.652573153907036,0.876924022306297,0.653481468826474,0.267812381396534
130.1,0.85,13.6035046806891,0.653864362223562,0.876741687826906,0.654108899164614,0.269725887275069
130.11,0.85,13.6948444929212,0.652994491265099,0.87807190078618,0.655616926983827,0.268168162615754
130.12,0.85,13.7869752291475,0.652774209085284,0.875666936123714,0.652739177578681,0.269111604803272
130.13,0.85,13.8798930983962,0.650265965455346,0.877112854949435,0.655205493380855,0.271855962429562
130.14,0.85,13.9735940242196,0.648513125986512,0.878684582239009,0.654413166400421,0.270126511142342
130.15,0.85,14.0680736414161,0.645149241235926,0.880316286557553,0.652834122907871,0.270568641724194
130.16,0.85,14.1633272928601,0.647917280168543,0.877824029287777,0.653768905539802,0.270701776736765
130.17,0.85,14.2593500264458,0.646276243651248,0.880645711848537,0.655121937151254,0.268584967645516
130.18,0.85,14.3561365921495,0.644042914525922,0.880828718345194,0.651794219691521,0.271731392908566
130.19,0.85,14.4536814392181,0.641823936708219,0.881439772657139,0.652869655798508,0.270292761596458
130.2,0.85,14.5519787134887,0.640503370576076,0.880295096346829,0.650946013353204,0.268080922301
130.21,0.85,14.6510222548459,0.642037098796715,0.881049593745684,0.651132862031381,0.27002201236603
130.22,0.85,14.7508055948227,0.639142313879994,0.882589161329786,0.650197252785006,0.270331570947446
130.23,0.85,14.8513219543507,0.637572981817485,0.881158762246707,0.652838397995266,0.272687030649996
130.24,0.85,14.9525642416671,0.6373579422304,0.88150910703577,0.648030446602708,0.270301811664174
130.25,0.85,15.054525050381,0.635810470715192,0.881398153902158,0.649597905418752,0.26976005387551
130.26,0.85,15.1571966577102,0.63349481936669,0.881420322498078,0.652210414504178,0.267653390314738
130.27,0.85,15.2605710228895,0.630833095429832,0.880755373526837,0.650358295167456,0.271247728144377
130.28,0.85,15.3646397857587,0.63174882820271,0.880376424126127,0.651102145803802,0.272532639158328
130.29,0.85,15.4693942655364,0.633413009017808,0.883207141412912,0.65168341952648,0.270919922512495
130.3,0.85,15.5748254597838,0.630195584722278,0.886208750069705,0.651305137746304,0.271421006523839
130.31,0.85,15.6809240435658,0.631145794687416,0.883358059539158,0.649479226364367,0.269570496415293
130.32,0.85,15.7876803688129,0.625738493208937,0.884206239839486,0.651871125401971,0.271609058426279
130.33,0.85,15.895084463892,0.627568917011092,0.880434708614763,0.653877611711293,0.268729578598201
130.34,0.85,16.0031260333885,0.625910646491387,0.882800188388117,0.652326681117742,0.271600473634849
130.35,0.85,16.1117944581066,0.622934239074015,0.884906388187469,0.650888340146193,0.268551736222976
130.36,0.85,16.2210787952931,0.623123729809708,0.882766577049955,0.650904686241228,0.271698919387907
130.37,0.85,16.3309677790881,0.620288143731673,0.887317609256447,0.650723547357251,0.267519793628403
130.38,0.85,16.441449821208,0.620265705834018,0.885210239115306,0.649249737975573,0.270252892390837
130.39,0.85,16.5525130118662,0.616513728823059,0.88485287639982,0.65018571691131,0.267623293831556
130.4,0.85,16.664145120935,0.618057570863735,0.88555405090103,0.649397986985623,0.270581332488635
130.41,0.85,16.7763335993513,0.614655043552539,0.887330947646163,0.649926959713093,0.270014442694166
130.42,0.85,16.8890655807741,0.614409254576293,0.8842096614617,0.649557270833253,0.26983464262646
130.43,0.85,17.0023278834937,0.61522428303925,0.885280558766295,0.650670480151134,0.270616208648821
130.44,0.85,17.1161070125969,0.614079600086797,0.884450321074036,0.648607723366116,0.267333654907262
130.45,0.85,17.2303891623937,0.613328529442686,0.885956707976385,0.648618424158063,0.270325846422768
130.46,0.85,17.3451602191057,0.609132969742501,0.889295505311441,0.650828353109866,0.271270279627646
130.47,0.85,17.46040576382,0.609990388153148,0.887649340253661,0.648569353501773,0.27308348132307
130.48,0.85,17.5761110757123,0.607406393287374,0.88669103529423,0.647810335262055,0.272773240143996
130.49,0.85,17.6922611355395,0.60953036685367,0.888252884747865,0.646618005644745,0.270281632914627
130.5,0.85,17.8088406294043,0.60692520065608,0.88646248014396,0.645677282245876,0.268926890278584
130.51,0.85,17.9258339527946,0.606510565960581,0.890192978468575,0.648718571594899,0.270120005571837
130.52,0.85,18.0432252148982,0.604321690469855,0.886003655373018,0.644522054945918,0.272134784339515
130.53,0.85,18.1609982431923,0.603326903748967,0.888992779010326,0.649519208199743,0.269688045940185
130.54,0.85,18.2791365883119,0.601298948307983,0.888894000143643,0.646627125203089,0.270453832605507
130.55,0.85,18.3976235291948,0.601700159639873,0.889405328120808,0.648093575575418,0.270208599367661
130.56,0.85,18.516458166355,0.598631382307162,0.891092703953971,0.645737424895326,0.27039346036982
130.57,0.85,18.6374318999072,0.598898936163593,0.889283701781308,0.64790591878672,0.269404139790277
130.58,0.85,18.7605156070697,0.598190222196088,0.89163064033754,0.64628078630932,0.269297100364326
130.59,0.85,18.8843958693771,0.593882256939533,0.891745107810095,0.646967329857468,0.27055004654218
130.6,0.85,19.0086779170816,0.597192108631338,0.89216302766244,0.646942901966091,0.271437389258341
130.61,0.85,19.1332605271766,0.593797638423427,0.891917009715348,0.64710291184449,0.267703375659728
130.62,0.85,19.258107884748,0.59341010877044,0.891501565531815,0.648290310870312,0.269961839125694
130.63,0.85,19.3831973299773,0.591390348899234,0.890486293624139,0.644799207092111,0.271183737414785
130.64,0.85,19.5085086190254,0.589808904122156,0.890109033887655,0.646654939387196,0.271834548321608
130.65,0.85,19.6340217984869,0.588252750320305,0.89453422900522,0.643575618033499,0.268591834737138
130.66,0.85,19.7597167953831,0.589270961147516,0.8946907562215,0.646723160784006,0.26766954501397
130.67,0.85,19.8855733441303,0.586598331622359,0.896349160264337,0.646618475184176,0.26909758210182
130.68,0.85,20.0115709795417,0.586415391283632,0.892709469099861,0.644859604424857,0.270592117892109
130.69,0.85,20.1376890429252,0.582382671288253,0.893425205186232,0.646286985662828,0.268560000814768
130.7,0.85,20.263906690949,0.583771583363096,0.894411208513274,0.644656598712992,0.271871920794744
130.71,0.85,20.3902029052568,0.582788219312799,0.893932668156478,0.645625837005915,0.269259164794282
130.72,0.85,20.5165565024335,0.579981535572009,0.894946976725157,0.644770628269189,0.267962316988332
130.73,0.85,20.6379186534628,0.579694539784084,0.8944404527569,0.645938168867695,0.26976281742292
130.74,0.85,20.7168729451235,0.581328148589382,0.897437425085548,0.649113328357125,0.271169529846141
130.75,0.85,20.7729713440349,0.579578218320925,0.892722775029316,0.647016601485361,0.271534378665142
130.76,0.85,20.8230122353299,0.579394604712501,0.89824218393393,0.645690608620545,0.269260281989644
130.77,0.85,20.871256896292,0.581504660576487,0.896152462795097,0.643699404509394,0.267997476174605
130.78,0.85,20.91859684266,0.579362513193074,0.893064144416497,0.645361947404512,0.265997814262507
130.79,0.85,20.9651979639988,0.577050068180456,0.895097559553149,0.647071551395092,0.270604020957382
130.8,0.85,21.0110797573071,0.579759139566484,0.897015268067031,0.643005945368198,0.271349838233664
130.81,0.85,21.0562330036324,0.579230337575362,0.89605799457341,0.643331146869836,0.269042915013229
130.82,0.85,21.1006430562944,0.579821746267226,0.896921571979497,0.64397747727974,0.270080562887603
130.83,0.85,21.1442944073317,0.577765519909406,0.899231954022267,0.643250336813475,0.270412555472125
130.84,0.85,21.1871715848005,0.578565033084657,0.896467432700744,0.645226105088222,0.270581265783396
130.85,0.85,21.229259334836,0.577988254271475,0.894561147731628,0.64682761080077,0.270055272870905
130.86,0.85,21.2705426646415,0.576756185701963,0.897354989697942,0.644667881365172,0.271268498970942
130.87,0.85,21.311006858405,0.576278140672602,0.895678151329279,0.647502933737212,0.269883303610842
130.88,0.85,21.350637487865,0.57618895575944,0.899406520883902,0.644375072627009,0.269730043060822
130.89,0.85,21.3894204217194,0.575611504296783,0.898869660324065,0.645862252713099,0.270935157660328
130.9,0.85,21.4273418346821,0.577753600837936,0.899305774114469,0.64447825452058,0.270586332392604
130.91,0.85,21.464388216332,0.574095031215783,0.898305718628316,0.643259159792761,0.26947186453586
130.92,0.85,21.5005463797772,0.57318656520137,0.898809753545209,0.646307186951147,0.270128004466673
130.93,0.85,21.5358034701284,0.576710468518034,0.89853852200722,0.644897299230876,0.27052583327393
130.94,0.85,21.5701469727734,0.575599692747242,0.899663548364586,0.645750871986806,0.269642649401389
130.95,0.85,21.6035647214448,0.574391457466956,0.897802248807297,0.645226049010492,0.269413478354645
130.96,0.85,21.6360449060696,0.573209981868587,0.898582440953619,0.643228358147926,0.268418935241329
130.97,0.85,21.6675760803926,0.573016726004504,0.901803831201815,0.643141698094233,0.270316728135263
130.98,0.85,21.6981471693657,0.57590229701345,0.899536733420554,0.643328728174309,0.269834871884031
130.99,0.85,21.7277474762928,0.576649332705184,0.899007789915381,0.643553734723953,0.269739771010259
131,0.85,21.7563666897228,0.574272683753463,0.900291972730491,0.644812827354888,0.27203470202319
131.01,0.85,21.7839948900833,0.575148770136038,0.901588958404047,0.645122626665215,0.272017392652618
131.02,0.85,21.8106225560457,0.571351640824921,0.898479291176393,0.64250662131517,0.267940718315205
131.03,0.85,21.8362405706151,0.572488375343398,0.900463697699931,0.642617939921587,0.267877058236686
131.04,0.85,21.8608402269385,0.574809912962107,0.904459680820056,0.64419866100018,0.270688330532546
131.05,0.85,21.8844132338232,0.572779833334332,0.900617880191017,0.642081084393301,0.270763214782973
131.06,0.85,21.906951720959,0.574988357081573,0.900161322914341,0.644118192601282,0.267977633964503
131.07,0.85,21.9284482438387,0.57354845206117,0.901612309244472,0.643512412078559,0.269196606594954
131.08,0.85,21.9488957883717,0.574798126849947,0.90193940463861,0.644301603881844,0.269761962237678
131.09,0.85,21.9682877751827,0.56946920787492,0.90299134874633,0.644154441423701,0.26851235686411
131.1,0.85,21.9866180635927,0.571853534665219,0.9035441244114,0.646727658730426,0.27095379287657
131.11,0.85,22.0038809552783,0.572292689349836,0.904048592256935,0.642479313787222,0.271691119787456
131.12,0.85,22.0200711976012,0.57202363367174,0.902444118601283,0.639089861949515,0.272006491024302
131.13,0.85,22.0351839866082,0.571060591208561,0.901828067629763,0.642298530904457,0.267354727605453
131.14,0.85,22.0492149696962,0.571156226350131,0.900983259944937,0.643100806801214,0.268788277461008
131.15,0.85,22.0621602479391,0.574694522128962,0.903036609162734,0.644551575439317,0.269815630532663
131.16,0.85,22.0740163780739,0.574512865190772,0.905248657220411,0.642372070945755,0.27104342507207
131.17,0.85,22.084780374145,0.572592830287041,0.905172498075463,0.640529283753738,0.26982613954442
131.18,0.85,22.0944497088029,0.572609746830208,0.90199560368495,0.643692742153056,0.271963993216664
131.19,0.85,22.1030319430966,0.57167924380304,0.905086466204024,0.643162165380211,0.270820787208071
131.2,0.85,22.1111247408509,0.572686760400799,0.905705127857123,0.642040320233119,0.271374777114722
131.21,0.85,22.1190468863858,0.575029728065177,0.906523715166474,0.644814221464127,0.269846106530935
131.22,0.85,22.1267984351683,0.571936337892401,0.906156020984056,0.644243815015136,0.267656545556718
131.23,0.85,22.1343794876247,0.570688197050457,0.907238196773126,0.640293501762956,0.270040970785253
131.24,0.85,22.1417901889819,0.570689040534431,0.904645855750532,0.643676385976658,0.268174836133828
131.25,0.85,22.1490307290954,0.575339239480779,0.908934460895689,0.643708150276609,0.270822088261527
131.26,0.85,22.1561013422641,0.572877920750726,0.902849417442979,0.642155519030122,0.270311707495719
131.27,0.85,22.1630023070321,0.57061482768316,0.904498789093056,0.642564579337893,0.268752395974212
131.28,0.85,22.1697339459763,0.572472983842341,0.906102262380732,0.64163051456299,0.27007848783497
131.29,0.85,22.1762966254822,0.572938490167514,0.904649229559226,0.642914365623859,0.27010084099486
131.3,0.85,22.1826907555059,0.572533308355925,0.906159441305924,0.642876117244503,0.272719694573488
131.31,0.85,22.1889167893223,0.571862412761939,0.907697948902167,0.643130571036296,0.273552912828227
131.32,0.85,22.194975223262,0.572439214739622,0.905853724461518,0.643489571418638,0.269950078542772
131.33,0.85,22.200866596434,0.570347292434341,0.907159096290471,0.64769095537845,0.27083841577365
131.34,0.85,22.2065914904353,0.571036841127835,0.908809340172745,0.644742433358601,0.271163711767167
131.35,0.85,22.2121505290488,0.569704990878849,0.908122288771094,0.644890940000635,0.270680052508362
131.36,0.85,22.2175443779274,0.571969420732234,0.907041305933399,0.642698034287475,0.269597106319657
131.37,0.85,22.2227737442658,0.570811093095407,0.908026031378453,0.642347723538304,0.270278343021848
131.38,0.85,22.2278393764594,0.570865956356226,0.90972516981478,0.643310893620988,0.270761528640872
131.39,0.85,22.232742063751,0.571507928828956,0.905763935903669,0.643932073702758,0.268484078802499
131.4,0.85,22.2374826358646,0.57342319418634,0.90837476958268,0.642618333884661,0.267896590145165
131.41,0.85,22.2420619626264,0.570382555639686,0.910195197440836,0.642420521651865,0.268953109805893
131.42,0.85,22.185318689384,0.573077077948091,0.909640156028579,0.64315080049357,0.269517518795511
131.43,0.85,22.1208669931882,0.573050867318467,0.910625061899131,0.644126573657604,0.269690160803137
131.44,0.85,22.0913084140674,0.573794914449693,0.908645556244238,0.644094314361371,0.27006735507422
131.45,0.85,22.0697726088482,0.575558276433929,0.908635682349444,0.64321997712063,0.269687734916551
131.46,0.85,22.0490434266565,0.575331825592861,0.910969484180942,0.642469089848778,0.270533846602639
131.47,0.85,22.0276652779354,0.574522858511576,0.909616193668022,0.64290925579603,0.267533423420833
131.48,0.85,22.0053762291712,0.574988079079135,0.909341107271127,0.646001381004384,0.269557697476525
131.49,0.85,21.9821380768434,0.573859665918055,0.912726563577191,0.643777216171641,0.269567474394507
131.5,0.85,21.9579531223099,0.574637596966563,0.910875208193901,0.645773629469304,0.268758966296115
131.51,0.85,21.9328310848324,0.573864016526356,0.909890772901331,0.645212637993057,0.268608289654865
131.52,0.85,21.9067832394467,0.576449000286141,0.908778671382563,0.645108836613352,0.27178924563393
131.53,0.85,21.8798213824255,0.576647116504575,0.910745112697845,0.647094252823577,0.270681563999363
131.54,0.85,21.8519576435081,0.576185219048356,0.909817185719238,0.647907460640142,0.270372371324425
131.55,0.85,21.8232044456974,0.57547299835619,0.910989186415482,0.645374787650323,0.268383445991976
131.56,0.85,21.7935744905902,0.575948837643995,0.915360647058303,0.645685573618036,0.271442473753629
131.57,0.85,21.763080748028,0.577602113361531,0.91367749955376,0.64457953684188,0.269678840682284
131.58,0.85,21.731736446398,0.577822746025703,0.909596523376363,0.642445539468537,0.269938686879303
131.59,0.85,21.6995550629576,0.580424425102267,0.912605484093126,0.644612484709778,0.271291852801092
131.6,0.85,21.6665503140818,0.575513240340495,0.911069024326048,0.645674971946085,0.269393974720691
131.61,0.85,21.6327361454261,0.578331207076408,0.912545741885048,0.645432411826295,0.271754041722998
131.62,0.85,21.59812672201,0.579641240972403,0.912721062907273,0.648192474804389,0.271411594729853
131.63,0.85,21.5627364182321,0.578805037206163,0.913252615345892,0.645272258136705,0.272142793626216
131.64,0.85,21.5265798078259,0.579566281069256,0.911625779133386,0.645761474847172,0.269630270726453
131.65,0.85,21.489671653766,0.579327896151241,0.913921216927415,0.643308938425764,0.270096833969633
131.66,0.85,21.4520268981361,0.576631551924986,0.914398637623846,0.645798064779533,0.267146695277322
131.67,0.85,21.4136606519664,0.581609216668668,0.914621925052185,0.647723201320976,0.271970588416889
131.68,0.85,21.3745881850518,0.580566734529426,0.912438007242032,0.646521278352637,0.272777842206015
131.69,0.85,21.3348249157603,0.58049721896404,0.912927405404819,0.644990149481896,0.268409950777898
131.7,0.85,21.2943864008397,0.578757005502023,0.911148410826998,0.646975119144826,0.271452073398644
131.71,0.85,21.2532883252338,0.582274343157442,0.912067130087262,0.646608900735331,0.266537074894501
131.72,0.85,21.2115464919162,0.580872144918518,0.912974946024492,0.644691354327068,0.268992458820111
131.73,0.85,21.1691768117503,0.583743231479591,0.914502881951617,0.644272302319492,0.270726048318273
131.74,0.85,21.126195293386,0.58236358244474,0.914983660697919,0.647283411870385,0.269292073718259
131.75,0.85,21.0826180331994,0.583995398803511,0.917016319208346,0.646750273068839,0.271186111747037
131.76,0.85,21.0384612052861,0.583889219615344,0.912341696411685,0.648076372159695,0.270212601763242
131.77,0.85,20.9937410515152,0.584919136445822,0.913619408051773,0.647849021963043,0.26704982417709
131.78,0.85,20.9484738716524,0.581243269009346,0.913493547306072,0.646075221499449,0.272781310351078
131.79,0.85,20.9026760135597,0.584347828928074,0.918567245673914,0.647902988700901,0.270199790251356
131.8,0.85,20.8563638634797,0.585209693004076,0.913812658803915,0.646991589129666,0.270187972842881
131.81,0.85,20.8095538364116,0.586543558640325,0.912499254213568,0.648941968189592,0.273686180711958
131.82,0.85,20.7622623665863,0.58740784978455,0.91575301419951,0.648608947312967,0.27172763277682
131.83,0.85,20.714505898047,0.586777815784304,0.914739365436882,0.647985320545083,0.269716289009875
131.84,0.85,20.6663008753422,0.587231339395817,0.915793396041207,0.651008175210725,0.268640953088078
131.85,0.85,20.6176637343378,0.58974190051978,0.914552065849441,0.648104730061172,0.273595388317405
131.86,0.85,20.5686108931537,0.591404175930372,0.914690535947511,0.645618194212173,0.270909614762508
131.87,0.85,20.5191587432313,0.588115509712594,0.914803626361291,0.64861849884923,0.268864801404499
131.88,0.85,20.469323640537,0.587706804236371,0.915633702452239,0.648323982660012,0.270318650575589
131.89,0.85,20.4191218969078,0.589725206165652,0.914742838587529,0.648379616103965,0.270698414082663
131.9,0.85,20.3685697715428,0.591016224192542,0.917007437191815,0.648714838983177,0.270027595018816
131.91,0.85,20.3176834626467,0.59060453368537,0.916073563290092,0.647685352301837,0.267164637542589
131.92,0.85,20.2664790992288,0.58999777381677,0.915267160689449,0.649285242404198,0.269571381252369
131.93,0.85,20.2149727330617,0.59341385111084,0.917587312315934,0.650317002845975,0.268986707149717
131.94,0.85,20.1631803308047,0.590700622059922,0.917217744083042,0.649935594902319,0.265904143291079
131.95,0.85,20.1111177662943,0.590263486096141,0.914761219943025,0.651974093861459,0.272624304103926
131.96,0.85,20.0588008130056,0.591850156809594,0.915860093611201,0.648880306432969,0.271978355883121
131.97,0.85,20.0062451366883,0.595547319942199,0.91749484488274,0.647835826068862,0.268357999454923
131.98,0.85,19.9534662881787,0.595625190734335,0.915001332591533,0.648178862143411,0.273343335489059
131.99,0.85,19.9004796963923,0.593620933690332,0.917281718788918,0.648122026703028,0.268021287335312
132,0.85,19.8473006614972,0.597511835099714,0.916743397878931,0.650726120010004,0.271779733553468
132.01,0.85,19.7939443482717,0.594582013465547,0.917358222868011,0.651308283954527,0.268620050074652
132.02,0.85,19.7404257796476,0.595964204658874,0.915313794097856,0.653023187900203,0.269696894812346
132.03,0.85,19.6867598304403,0.595450488231537,0.91469631254778,0.651330507557731,0.270931444772999
132.04,0.85,19.6329612212675,0.59598480508526,0.915447188980415,0.651558353161627,0.268426705167272
132.05,0.85,19.5790445126569,0.595839152737509,0.915421069870224,0.651092476020296,0.270702379906
132.06,0.85,19.5250240993445,0.59900854515979,0.916753015328666,0.653288789507685,0.271671720332705
132.07,0.85,19.4709142047632,0.598267144860918,0.918807421218124,0.651747562329407,0.269776770078863
132.08,0.85,19.4167288757228,0.598468926693729,0.917222583504641,0.65256352342126,0.268500058457636
132.09,0.85,19.3624819772806,0.597901569614274,0.915656442047039,0.652978857557949,0.271403259473485
132.1,0.85,19.3084928041099,0.60097022145605,0.917767581971821,0.651906593023779,0.269556833209206
132.11,0.85,19.2557127652077,0.601760482629297,0.91693012708464,0.652206958273566,0.269909048205029
132.12,0.85,19.2033606470076,0.603476808100613,0.917916075548668,0.652680777829504,0.26952153933903
132.13,0.85,19.1510794993776,0.601588260792471,0.916859363940276,0.651494185396728,0.268960171798932
132.14,0.85,19.0988107895606,0.602011534695685,0.912683267969561,0.652231015158218,0.270043737693543
132.15,0.85,19.0465558969636,0.604163802555606,0.915453552804717,0.653584387368484,0.267279361627082
132.16,0.85,18.9943253792326,0.603525814204513,0.915944812230965,0.651367870121367,0.269613883002103
132.17,0.85,18.9421308730153,0.603765212355999,0.919192655398415,0.652979611390652,0.269801278078873
132.18,0.85,18.889983967584,0.602849069414316,0.917085110804849,0.653367915430153,0.268572836795349
132.19,0.85,18.8378960600196,0.606849161893953,0.916860873002926,0.650800212135745,0.268723455983932
132.2,0.85,18.7858783356796,0.605676271817705,0.91792173258662,0.651258868287081,0.272127686410772
132.21,0.85,18.7339417635398,0.606466173770708,0.916632117370386,0.652688098286047,0.271548656286041
132.22,0.85,18.6820970932994,0.608074902675884,0.917791894195883,0.653159319679879,0.271755086822899
132.23,0.85,18.6303548528057,0.609506446614326,0.916930270500181,0.655657263221204,0.268009964635127
132.24,0.85,18.5787253456544,0.608168355593637,0.918690598973478,0.654127482946168,0.268304534950679
132.25,0.85,18.5272186489468,0.610283712391557,0.917235866943707,0.652981454655411,0.267661784299196
132.26,0.85,18.4758446112033,0.610503453866631,0.918683415519748,0.653718748770194,0.270371304817401
132.27,0.85,18.42461285043,0.609693200903284,0.915346397687984,0.652377091479406,0.269540618604215
132.28,0.85,18.3735327523351,0.610405212814414,0.920106339683851,0.655126332098722,0.272294648958304
132.29,0.85,18.3226134686935,0.610144140174334,0.920200093288046,0.654459389032094,0.272740154744542
132.3,0.85,18.2718639158557,0.610418696866578,0.919163746871121,0.654822604114099,0.270587915569944
132.31,0.85,18.2212927734006,0.610390079646297,0.919268556574432,0.653659016433876,0.269642083810262
132.32,0.85,18.1709084829258,0.609668982347024,0.917588320193684,0.655270093392295,0.269499752067191
132.33,0.85,18.120719246976,0.613140914353621,0.918858522747727,0.654767777111148,0.270616442865446
132.34,0.85,18.0707330281049,0.614775100422532,0.920674711546405,0.656607389756729,0.270642805795442
132.35,0.85,18.0209575480676,0.611562843451039,0.919106270667448,0.653469961286714,0.271127090869802
132.36,0.85,17.971400287141,0.613290715034555,0.918967359491173,0.654286547046449,0.2727430086511
132.37,0.85,17.9220684835695,0.61189700897479,0.917763934705992,0.655762079027726,0.271679085705201
132.38,0.85,17.872969133132,0.613044230395807,0.917634517445666,0.655438977388899,0.271474956837648
132.39,0.85,17.8241089888281,0.61579658468691,0.919426768145458,0.655676251782493,0.269773087980817
132.4,0.85,17.7754945606802,0.615441544700266,0.919707421475453,0.653902280764748,0.270154890546366
132.41,0.85,17.7271321156484,0.614751398525658,0.918883747970953,0.656066097906669,0.270612333734386
132.42,0.85,17.6790276776552,0.616051561474204,0.91837658331012,0.657699725153463,0.270784677842925
132.43,0.85,17.6311870277168,0.616921519812448,0.918073384996804,0.653492326619239,0.269856955821485
132.44,0.85,17.5836157041787,0.6184758957963,0.919959089276842,0.65409271159355,0.26929692604012
132.45,0.85,17.5363190030516,0.621533226993286,0.919667394948952,0.656003630004449,0.272198975734232
132.46,0.85,17.4893019784458,0.620679590043773,0.918716434564203,0.655966588065535,0.269110328198063
132.47,0.85,17.4425694431001,0.619563667207732,0.917964769957572,0.656477178025433,0.269210134993497
132.48,0.85,17.396125969003,0.617811360931119,0.919117812058729,0.657705023316269,0.269596843237019
132.49,0.85,17.3499758881032,0.620836797592183,0.920607429707677,0.656739419865731,0.272432459445004
132.5,0.85,17.3041232931065,0.619176107663207,0.919941666205689,0.655732652279394,0.269776528642362
132.51,0.85,17.2585720383562,0.620589628687179,0.919724198173864,0.65643970287334,0.270117771183092
132.52,0.85,17.2133257407948,0.620232059350131,0.916288407276174,0.658159674130601,0.2719587724045
132.53,0.85,17.1683877810042,0.621843938518506,0.920150833193213,0.65514349294329,0.265386570744021
132.54,0.85,17.1237613043206,0.622784599417507,0.920452612449924,0.657600167523845,0.266978142723725
132.55,0.85,17.0794492220242,0.623341927111624,0.920603329858248,0.654614704060534,0.271194188154488
132.56,0.85,17.0354542125979,0.626327334636723,0.91758956982083,0.655357422532303,0.269477719014719
132.57,0.85,16.9917787230556,0.624037335984481,0.917134709788998,0.657139663759064,0.2702221597123
132.58,0.85,16.9484249703358,0.625219216169388,0.918105319160315,0.657162340354596,0.272257156880881
132.59,0.85,16.905394942759,0.626411346505355,0.917030457808351,0.656584992883207,0.272371463631514
132.6,0.85,16.8626904015464,0.625987210790486,0.918596693900394,0.657136606960588,0.270041710262397
132.61,0.85,16.8203128823981,0.628522119481837,0.916755201065425,0.655561823353369,0.27058272580267
132.62,0.85,16.7782636971285,0.625287023747864,0.920161166560604,0.654635045567803,0.269738259092781
132.63,0.85,16.7365439353571,0.628496806518739,0.918968861003689,0.657643668653985,0.267234530205088
132.64,0.85,16.6951544662519,0.630386768287799,0.919614961696954,0.654073535085252,0.271798322322185
132.65,0.85,16.6540959403256,0.62956549685347,0.918767485810473,0.658611884490024,0.26872103547971
132.66,0.85,16.6133687912804,0.627954872984807,0.919179962564423,0.658148083144406,0.26905830917398
132.67,0.85,16.572973237901,0.629127824859533,0.918265177663316,0.658627086428313,0.268126548168968
132.68,0.85,16.5329092859952,0.626646155536878,0.918075485754184,0.656276139218694,0.271186006959993
132.69,0.85,16.4931767303778,0.629216847060749,0.920275189868015,0.658303997448261,0.272808092188969
132.7,0.85,16.4537751568994,0.630191209990522,0.918400254870369,0.656870145883578,0.267059463984083
132.71,0.85,16.4147039445165,0.631942159462201,0.918892273152596,0.656187390029102,0.268467527705944
132.72,0.85,16.3759622674032,0.633143489164486,0.92011883277158,0.658486805267352,0.271247723874071
132.73,0.85,16.3375490971019,0.633684936312276,0.91845790231346,0.654550379637781,0.26840321449957
132.74,0.85,16.2994632047128,0.63483371398016,0.92112575141236,0.658183248464204,0.269175820606406
132.75,0.85,16.2617031631215,0.635548218718345,0.917536356816271,0.654777737511192,0.271335233780885
132.76,0.85,16.2242673492625,0.631841025832034,0.917677673794297,0.658299690880214,0.268568351948038
132.77,0.85,16.1871539464184,0.634110044286391,0.919820844814085,0.655821470674389,0.270694310586612
132.78,0.85,16.1503609465546,0.635048121252675,0.920517287232368,0.657888454839045,0.266984403105484
132.79,0.85,16.1138861526874,0.633730592753576,0.917870488373199,0.656415355083646,0.270128448294793
132.8,0.85,16.0777271812864,0.633112703639825,0.921829052000521,0.654189051832973,0.269785865446422
132.81,0.85,16.0418814647087,0.637323471644366,0.919251871870017,0.658757487032114,0.271466177973711
132.82,0.85,16.0063462536666,0.635634947526397,0.918144699346582,0.65790855032591,0.270292226026944
132.83,0.85,15.9711186197265,0.635484231354458,0.917414384001837,0.658239967640923,0.271709169721659
132.84,0.85,15.9361954578392,0.636202303298642,0.918413288692122,0.657701077402928,0.268734595249012
132.85,0.85,15.9015734889024,0.636450484936744,0.91795576235884,0.655562414417248,0.270753637800342
132.86,0.85,15.8672492623525,0.638954665443908,0.916833609242535,0.656485979595099,0.27038918093316
132.87,0.85,15.8332191587887,0.639067871620704,0.916919544771108,0.655430543242949,0.269193464524514
132.88,0.85,15.7994793926264,0.637409626851108,0.914876177862691,0.657123137899853,0.270522970126331
132.89,0.85,15.7660260147819,0.638990433674878,0.916087473249658,0.657999419643087,0.270067140077125
132.9,0.85,15.7328549153866,0.639500507442641,0.916683237826462,0.655631001642792,0.269663964121361
132.91,0.85,15.6999618265329,0.640236141717012,0.917998984589284,0.656557715510084,0.270183218542249
132.92,0.85,15.6673423250489,0.641624413227631,0.919986448322142,0.657906243221883,0.266952191095199
132.93,0.85,15.6349918353045,0.640666034558387,0.914951596413274,0.653597779660868,0.273268423057952
132.94,0.85,15.6029056320487,0.639446765223245,0.920352120053883,0.655212165918968,0.271931167658505
132.95,0.85,15.5710788432761,0.641716074427597,0.916873579350784,0.657636417119676,0.267736560321662
132.96,0.85,15.5395064531253,0.642711286842483,0.91883262998597,0.656464251212798,0.26562410400397
132.97,0.85,15.508183304809,0.641790200361178,0.914799178321933,0.658466154851151,0.271362392064638
132.98,0.85,15.4771041035741,0.64276204668802,0.917517510896477,0.655104680341821,0.270504100660095
132.99,0.85,15.4462634196946,0.643274087585973,0.914840839267833,0.655570635414221,0.268827184406779
133,0.85,15.4156556914959,0.643528398714539,0.916220656642344,0.654663802231454,0.272131380549156
133.01,0.85,15.3852752284119,0.645015647742467,0.916307823775279,0.655282636314537,0.271035035786783
133.02,0.85,15.3551162140736,0.643928664735609,0.916698883361163,0.655741587691147,0.270187762886565
133.03,0.85,15.3251727094318,0.644961950918947,0.916237323141739,0.655774001208189,0.269800828438455
133.04,0.85,15.2954386559119,0.644093144124578,0.914907313564639,0.655693040181247,0.270465346651555
133.05,0.85,15.2659078786034,0.645149980190854,0.917224231476265,0.655261792023584,0.269015151172846
133.06,0.85,15.236574089482,0.646008591426638,0.915962302381208,0.655256986665643,0.270237920325563
133.07,0.85,15.2074308906666,0.650247775867473,0.917349360604893,0.653496331988738,0.268873392902833
133.08,0.85,15.1784717777107,0.643612956310388,0.914433151101577,0.657524517402723,0.270799625535624
133.09,0.85,15.1496901429282,0.646676745872439,0.916485442298165,0.655217238431571,0.267773336564471
133.1,0.85,15.1210792787548,0.646497782158347,0.915945170717388,0.654994750024638,0.269554041296174
133.11,0.85,15.0926323811439,0.647488907723757,0.917977561599751,0.653726298254451,0.270299294914017
133.12,0.85,15.0643425529986,0.647971375192847,0.914448629772608,0.655239213036362,0.271531526399772
133.13,0.85,15.0362028076397,0.647693992562441,0.917925059509778,0.656104908206685,0.269921616624044
133.14,0.85,15.0082060723084,0.649986588366087,0.915725082300612,0.652485874797032,0.268664791380613
133.15,0.85,14.9803451917063,0.650099007680533,0.9145503013342,0.652537527190184,0.270353255829172
133.16,0.85,14.9526129315707,0.648095989217963,0.918783685149775,0.655206908874456,0.269250034808481
133.17,0.85,14.9250019822865,0.648465317508265,0.914686427978397,0.653534340213887,0.270814020232576
133.18,0.85,14.8975049625342,0.648642792814302,0.913883474933959,0.655085368266254,0.272816655385074
133.19,0.85,14.8701144229741,0.650441295271989,0.911946167289828,0.655946601954923,0.274174104302766
133.2,0.85,14.8428228499662,0.650548731879651,0.913675004019703,0.654251786087671,0.271108662525958
133.21,0.85,14.8156226693264,0.651616474484249,0.915022523330315,0.654037716945453,0.270470303123904
133.22,0.85,14.7885062501189,0.653444823860508,0.915173910877822,0.652997921530888,0.267918300079788
133.23,0.85,14.7614659084827,0.651399491816302,0.914825213265949,0.653847398287429,0.268539759537717
133.24,0.85,14.7344939114948,0.651845151278852,0.912745633006542,0.656558169642139,0.271812791884915
133.25,0.85,14.7075824810672,0.652880056138009,0.914100854936606,0.652737542856593,0.26897183225655
133.26,0.85,14.6807237978785,0.655250154623937,0.911237490773649,0.654422604979581,0.270666063003694
133.27,0.85,14.6539100053394,0.656763580169006,0.916484722400845,0.653328670992345,0.269038499464786
133.28,0.85,14.6271332135912,0.653674189267394,0.91353378786168,0.654964142816005,0.269964729510695
133.29,0.85,14.600385503537,0.653573185748804,0.914703766383309,0.650265095992997,0.268181649273525
133.3,0.85,14.5736589309045,0.656693849825873,0.914043964450293,0.654921358996981,0.269361694504759
133.31,0.85,14.5469455303398,0.656232290924106,0.913824054444629,0.655468027240731,0.270088757802391
133.32,0.85,14.5202373195314,0.655472065953362,0.912204988316206,0.651196492157272,0.271492367048213
133.33,0.85,14.4935263033629,0.657106542845045,0.910760542769918,0.654008744043296,0.268720184845888
133.34,0.85,14.4668044780938,0.656764207680481,0.912619931418542,0.653234672213127,0.269911172654814
133.35,0.85,14.4400638355672,0.656266376781142,0.914185392612735,0.654338832953965,0.268961621941007
133.36,0.85,14.4132963674428,0.658483029230959,0.91139637327881,0.652453047152318,0.267015694641584
133.37,0.85,14.3864940694543,0.656672845431951,0.911263861607453,0.65089610951626,0.271070324125417
133.38,0.85,14.3596489456891,0.657391895461026,0.913734283100642,0.65017619360548,0.269195745238647
133.39,0.85,14.33275301289,0.659378374703761,0.911860821189762,0.652023525754265,0.269566792266153
133.4,0.85,14.3057983047757,0.657070978000029,0.913536334777594,0.649913375359353,0.27012389446325
133.41,0.85,14.2787768763799,0.657121062852217,0.912428071798077,0.649601199962429,0.272504175165365
133.42,0.85,14.2516808084056,0.659253927880317,0.910285108852063,0.652638713897178,0.268382804053257
133.43,0.85,14.2245022115947,0.658566060507803,0.910771482365284,0.651523343728336,0.268961367178458
133.44,0.85,14.1972332311093,0.659778070901214,0.909850653466735,0.649887284292867,0.268465109214699
133.45,0.85,14.169866050923,0.661375095992486,0.910510291607005,0.650675501226209,0.268184682477576
133.46,0.85,14.1423928982204,0.662655539079246,0.909854900204311,0.650996007516069,0.267478552399934
133.47,0.85,14.1148060478028,0.662081632912826,0.911707795652323,0.651023732973706,0.269154887009009
133.48,0.85,14.0870978264966,0.661137603946872,0.911250433986817,0.647261318406745,0.26854840162919
133.49,0.85,14.0592606175635,0.661730515608725,0.909977530032164,0.650594979554347,0.2701260894792
133.5,0.85,14.0312868651086,0.66139762552192,0.91065758376588,0.648032913501286,0.270216444773446
133.51,0.85,14.0031690784847,0.664328933098904,0.910935347038689,0.649475596725639,0.269714420785862
133.52,0.85,13.9748998366904,0.661006174623357,0.910713399259208,0.648514401111061,0.269075300998109
133.53,0.85,13.9464717927575,0.664664708920985,0.909684694549134,0.64663601476393,0.270355975591358
133.54,0.85,13.9178776781277,0.664135102230955,0.908640136301168,0.653485534405947,0.274010785324488
133.55,0.85,13.8891103070127,0.66337327141114,0.909694588491805,0.650552797847101,0.267617378460709
133.56,0.85,13.8601625807375,0.667987076873495,0.910923943871774,0.6508812266992,0.270417027272768
133.57,0.85,13.8310274920614,0.665562091310061,0.90976762516887,0.650355041166983,0.267047945352179
133.58,0.85,13.8016981294752,0.667039050744037,0.911220271618426,0.650433696401885,0.268254044108805
133.59,0.85,13.7721676814718,0.665681743276882,0.908693812529405,0.650756903146136,0.271464629236159
133.6,0.85,13.7424294407844,0.667970563840339,0.908058147180916,0.649308549042339,0.270561397538102
133.61,0.85,13.7124768085929,0.666070934820286,0.905766037189408,0.650346679470872,0.270044087143326
133.62,0.85,13.6823032986916,0.667450161353015,0.906873085119012,0.648662046919567,0.269320719314837
133.63,0.85,13.6519025416168,0.668577264174473,0.909705277671565,0.646890034894727,0.271445893531991
133.64,0.85,13.6212682887308,0.668784744152283,0.909184342840025,0.650382142880523,0.269544561962846
133.65,0.85,13.5903944162584,0.665858824100153,0.906961554612041,0.649572258214178,0.270355132895197
133.66,0.85,13.5592749292719,0.669884120636841,0.907218254859706,0.646020178954752,0.270809578940792
133.67,0.85,13.5279039656228,0.668089831559395,0.906788518569037,0.647403520887076,0.269188668828916
133.68,0.85,13.4962757998148,0.669957997545417,0.904416556192043,0.648942199925244,0.267722535582277
133.69,0.85,13.4643848468159,0.671105291454904,0.904820524147357,0.645853372789449,0.271396226326969
133.7,0.85,13.4322256658055,0.669412040150345,0.909067195739055,0.648220864049299,0.27144758933587
133.71,0.85,13.3997929638526,0.669891039091902,0.908332874798833,0.646630977622731,0.268059266584156
133.72,0.85,13.3670815995226,0.671761512807308,0.90609448779465,0.64725656880923,0.272723306275243
133.73,0.85,13.3340865864079,0.669739830295931,0.905167359848126,0.650550206082871,0.270344102636789
133.74,0.85,13.3008030965803,0.672488659692282,0.907829172239476,0.644996873213107,0.270902293721908
133.75,0.85,13.2672264639593,0.671726057431222,0.905571663176633,0.647256101044828,0.270141349265052
133.76,0.85,13.2333521875958,0.673823920033042,0.904607801026491,0.647135926201389,0.269883704382453
133.77,0.85,13.1991759348653,0.674250780945108,0.90602296766311,0.645295042493056,0.269294469664401
133.78,0.85,13.1646935445681,0.675017267149878,0.906098263484154,0.648174199885205,0.270916163109846
133.79,0.85,13.1299010299337,0.674590819105548,0.906682449268395,0.645683851686492,0.268730487820353
133.8,0.85,13.0947945815247,0.675339411328396,0.9035991513099,0.645668743597652,0.270365101004203
133.81,0.85,13.059370570038,0.677224885684343,0.903919548645965,0.647286804054452,0.269280001803272
133.82,0.85,13.0236255489996,0.677921495669075,0.906520631993679,0.646645965375269,0.270412806423689
133.83,0.85,12.9875562573501,0.677232096582611,0.901455398283006,0.644547057226957,0.268212265394576
133.84,0.85,12.9511596219175,0.678864775958515,0.904968704872803,0.645567948447589,0.270334777748097
133.85,0.85,12.9144327597741,0.679958944187775,0.904098098771448,0.644924902700574,0.268822682924717
133.86,0.85,12.8773729804755,0.678104978670253,0.904595671654931,0.646347246183582,0.26807939316536
133.87,0.85,12.8399777881779,0.680287053296895,0.901421990756492,0.646823826679491,0.271060100497007
133.88,0.85,12.802244883631,0.680387495648402,0.902728404087844,0.644541382519247,0.269158160424162
133.89,0.85,12.7641721660442,0.679688846334143,0.90350143521142,0.644260275810025,0.272871459472269
133.9,0.85,12.7257577348241,0.683848641916264,0.902638885926601,0.645427389015487,0.269207511108906
133.91,0.85,12.6869998911792,0.683384572973051,0.903287378059463,0.642887196672168,0.269140710784171
133.92,0.85,12.6478971395911,0.680714448079542,0.904088984395771,0.64565626973352,0.269976671559034
133.93,0.85,12.6084481891488,0.680005537280323,0.900573162164453,0.646009432446806,0.270850577769378
133.94,0.85,12.5686519547458,0.68222516900886,0.901682846995666,0.647686738586977,0.269523840061368
133.95,0.85,12.5285075581349,0.685289005471503,0.903029840820191,0.645294025362739,0.27149439702902
133.96,0.85,12.4880143288429,0.684044656241444,0.900869428795746,0.642379762645517,0.271022807151148
133.97,0.85,12.4471718049398,0.684655048991027,0.90112721911515,0.645563061775468,0.270216824967424
133.98,0.85,12.4059797336635,0.684981373635223,0.899378946035415,0.644513053453451,0.268726324929309
133.99,0.85,12.3644380718973,0.686197268103011,0.900283593040195,0.645710956087167,0.27117358973599
134,0.85,12.3225469865,0.685495706800886,0.899673743374671,0.641658212437024,0.270706603227746
134.01,0.85,12.2803068544859,0.687497503626976,0.899509634438063,0.643927101791418,0.270474566317401
134.02,0.85,12.2377182630563,0.688082911330873,0.901608968652473,0.644778292315442,0.270342560206941
134.03,0.85,12.1947820094785,0.689072669664756,0.900107947814767,0.643348640894257,0.270047416506041
134.04,0.85,12.151499100815,0.690068405347486,0.898737192297483,0.644015272408615,0.270253820918756
134.05,0.85,12.1078707535,0.689038302523956,0.90014410315267,0.646848024215264,0.267027223420512
134.06,0.85,12.0638983927645,0.689000438181106,0.899544614235933,0.642597870063812,0.268598745543506
134.07,0.85,12.0195836519091,0.689403313965882,0.901134108063987,0.64208932662862,0.270773849566187
134.08,0.85,11.9749283714245,0.690779542229934,0.900437774177151,0.642708617579436,0.271701343747829
134.09,0.85,11.9299345979608,0.694406264758261,0.899818958012256,0.641933264978063,0.268403624665829
134.1,0.85,11.8846045831457,0.691254116118508,0.897556586859027,0.643163978304554,0.270200879527219
134.11,0.85,11.838940782251,0.691720210366602,0.896930208501808,0.641493582121638,0.267855009162879
134.12,0.85,11.7929458527105,0.694239624883517,0.901325222234515,0.646354156984021,0.270622574985443
134.13,0.85,11.7466226524884,0.693002077523998,0.901837466477212,0.64357646050118,0.271677938070915
134.14,0.85,11.6999742383002,0.695566373978902,0.898575402367371,0.642671511877902,0.271381333389508
134.15,0.85,11.6530038636867,0.695486746806826,0.896944414403878,0.640920152565344,0.272799321009742
134.16,0.85,11.6057149769441,0.697751612740429,0.897101791736778,0.643227029263194,0.270458702678968
134.17,0.85,11.5581112189099,0.699548191498649,0.894507113552096,0.646074331064574,0.268330719880056
134.18,0.85,11.5101964206081,0.699944188128466,0.899016141978994,0.642789339258414,0.267802631584779
134.19,0.85,11.4619746007549,0.700239392723373,0.895245364551264,0.641414671043439,0.269710900251006
134.2,0.85,11.4128055607175,0.700020300440285,0.896381980291446,0.644313987635308,0.270115805928826
134.21,0.85,11.3623067751436,0.701470370651229,0.897729788262472,0.644446478005474,0.26931452922036
134.22,0.85,11.3112607173778,0.703940553559776,0.897924395709855,0.641789612224784,0.271375693000457
134.23,0.85,11.2598848872832,0.701728383577909,0.894465962456117,0.641695806194637,0.269600648652951
134.24,0.85,11.2082181558609,0.705446197363465,0.894154134197786,0.641087648941104,0.271072696317328
134.25,0.85,11.1562701501964,0.704047785699886,0.892717416619905,0.643618150720871,0.270319770895816
134.26,0.85,11.1040469269182,0.705515154674211,0.894206048796947,0.644850326891616,0.273807451035704
134.27,0.85,11.0515543208495,0.704790674109575,0.89632994459324,0.641635997361049,0.268146090641529
134.28,0.85,10.998798298953,0.707935635651565,0.893375137936928,0.6433102897833,0.271496424002593
134.29,0.85,10.9457849865612,0.708478301447706,0.893577323073698,0.646567189115338,0.268638289541212
134.3,0.85,10.8925206648003,0.710797131197991,0.89151369180921,0.644895327272448,0.268722230070238
134.31,0.85,10.8390117662356,0.711153816283477,0.894355678489789,0.641894419555268,0.273596035809885
134.32,0.85,10.7852648704408,0.712203171982305,0.895221660263168,0.642104603134093,0.271961467626846
134.33,0.85,10.7312866994957,0.710772524757143,0.895093156805279,0.644599797240826,0.267642192836013
134.34,0.85,10.6770841133969,0.714198555952719,0.890306831708418,0.644659298833863,0.266645950989594
134.35,0.85,10.6226641053789,0.712327890094177,0.893452853794097,0.642895232283317,0.267683862666382
134.36,0.85,10.5680337971527,0.713111292203162,0.892793135729785,0.642228239332017,0.271428303365234
134.37,0.85,10.5132004340643,0.715689764002374,0.892022227730954,0.64304568351737,0.272084719352765
134.38,0.85,10.4581713801802,0.718284415314066,0.889833507150716,0.64229751393603,0.267958949919985
134.39,0.85,10.4029541133026,0.717015999770467,0.891561810306469,0.643530122437334,0.270406700175263
134.4,0.85,10.3475562199215,0.716817315708516,0.889435514552889,0.642130391665,0.268886055252997
134.41,0.85,10.2919853901081,0.720313348957169,0.889919221976925,0.645424665715728,0.268142846963095
134.42,0.85,10.2362494123539,0.722076219811153,0.888605493759195,0.643475773111272,0.271240044556506
134.43,0.85,10.1803561683621,0.72219986115853,0.88911252215315,0.643442546172184,0.272064782668308
134.44,0.85,10.124313627796,0.721948673434294,0.890882704565294,0.64136592108785,0.270628612186968
134.45,0.85,10.0681298429891,0.723131040172962,0.890376065694411,0.6425268701498,0.270209181810781
134.46,0.85,10.011812943624,0.721919870845026,0.888924672022421,0.642684776316291,0.271890272125165
134.47,0.85,9.95537113138328,0.727704030750141,0.88840613411905,0.643729742318947,0.269819069902711
134.48,0.85,9.89881267457952,0.727110302935196,0.88780043256937,0.643275144191874,0.271559180930632
134.49,0.85,9.84214590276868,0.725037996542138,0.887621267126883,0.641309842381047,0.27088156924416
134.5,0.85,9.78537920135319,0.727426647197892,0.887755965925759,0.64216450416383,0.270722716283965
134.51,0.85,9.72852100617886,0.729324904716734,0.887608925105232,0.643030784781736,0.2713448538438
134.52,0.85,9.67157979813209,0.730869018544923,0.888772214624644,0.642334400574574,0.268349400212749
134.53,0.85,9.61456409774217,0.731453103054848,0.886540488568555,0.640348422215662,0.270721642043006
134.54,0.85,9.55748245979369,0.732523743699472,0.886334228313394,0.646372600766812,0.268594476440121
134.55,0.85,9.5003434679544,0.732326696566078,0.887537618631137,0.644212114980616,0.270398884831864
134.56,0.85,9.44315572942432,0.734973270128633,0.888542476116151,0.64349354869746,0.273035081701154
134.57,0.85,9.38592786960974,0.734669828926299,0.887548819042106,0.642554980783178,0.269522930392272
134.58,0.85,9.32866852682845,0.736690661804317,0.889853703801328,0.643253795528455,0.268702010076311
134.59,0.85,9.27138634705046,0.738742312680933,0.885453171382233,0.644837653555272,0.273648744236843
134.6,0.85,9.21408997867928,0.737510675859185,0.883742200059155,0.643174012877663,0.267400517707136
134.61,0.85,9.15678806737792,0.741071325891956,0.888238842432125,0.646376832329382,0.268807551736542
134.62,0.85,9.0994892509453,0.742348020130271,0.88424548684365,0.644082651323376,0.271014427896506
134.63,0.85,9.04220215424672,0.739976867638736,0.884886179379989,0.643992927601263,0.268635436587008
134.64,0.85,8.98493538420293,0.742753380066252,0.884365553819465,0.644392822216083,0.270425539801579
134.65,0.85,8.92769752484257,0.740912649774492,0.885467723113914,0.647403125791227,0.269661345333731
134.66,0.85,8.87049713242187,0.743214423577862,0.884008640965706,0.646513578797703,0.270679786150773
134.67,0.85,8.81334273061527,0.744373196454274,0.883447884521819,0.645138052378783,0.267611154696575
134.68,0.85,8.7562428057817,0.747377656383743,0.884500145160237,0.644930065538798,0.269003043378136
134.69,0.85,8.69920580230989,0.749894978850922,0.884171392469176,0.643484857590752,0.270199194683978
134.7,0.85,8.64224011804592,0.749694092465982,0.883688332510321,0.644402218998226,0.269015561351239
134.71,0.85,8.58535409980735,0.749505247841561,0.878174363663147,0.645155645945631,0.26779554176682
134.72,0.85,8.52855603898715,0.751917136708384,0.883489515088004,0.642410895888813,0.271573896333762
134.73,0.85,8.47185416724958,0.752586192919068,0.883114018685532,0.646565149398152,0.268905070599876
134.74,0.85,8.41525665232263,0.753963253884791,0.88020013843638,0.645975913245613,0.271058542622612
134.75,0.85,8.35877159388902,0.755645270855264,0.880653381398199,0.646346491341148,0.270912608654826
134.76,0.85,8.30240701957846,0.758701570086286,0.882700244207993,0.647809609357927,0.268609495695787
134.77,0.85,8.24617088106398,0.757612769132418,0.879248677974611,0.644827374231271,0.268991100997272
134.78,0.85,8.19007105026515,0.760008176647708,0.879565880303296,0.646202114937547,0.268591994056314
134.79,0.85,8.13411531565948,0.760203904670481,0.880689779682739,0.646132294673667,0.268862479590345
134.8,0.85,8.07831137870489,0.758784197769445,0.879864354134974,0.646811837165993,0.269788345466663
134.81,0.85,8.0226668503751,0.763592905391386,0.879028837072981,0.645447198414845,0.270303145188377
134.82,0.85,7.96718924780922,0.764606932210055,0.877526041739926,0.646214590273066,0.269854981493075
134.83,0.85,7.91188599107748,0.765546505775002,0.880767528705731,0.645723351596616,0.271863816526199
134.84,0.85,7.85676440006483,0.766712383426681,0.878997150473628,0.647997813565489,0.268142413987133
134.85,0.85,7.80183169147301,0.767709170813553,0.879619728157947,0.643498257843766,0.268373888267273
134.86,0.85,7.74709497594243,0.766748078418089,0.879826291182731,0.649325049949146,0.26927171175782
134.87,0.85,7.69256125529527,0.769790824608349,0.878634512619864,0.647655821303447,0.268511925992339
134.88,0.85,7.63823741989995,0.771169694812593,0.879100397283396,0.647404814247878,0.270186165896035
134.89,0.85,7.58413024615765,0.773403609340049,0.87803278362233,0.645868481568018,0.269244664671271
134.9,0.85,7.53024639411173,0.776449920808273,0.878025339137817,0.645614940282089,0.271140122343925
134.91,0.85,7.47659240518026,0.775643033817098,0.875913876520862,0.645055115401323,0.269297707511899
134.92,0.85,7.42317470001102,0.77696497489969,0.877756681631128,0.644446112792624,0.268008866753909
134.93,0.85,7.36999957646023,0.782323542496966,0.876286571617366,0.646554743379029,0.269114824408514
134.94,0.85,7.31707320769398,0.778761197980622,0.87631190229027,0.647446753929165,0.269359903061487
134.95,0.85,7.26440164041195,0.781915247823051,0.873490906910781,0.647362444282969,0.269868374401027
134.96,0.85,7.21199079319371,0.781011117598352,0.875933260966513,0.645988701530915,0.269379738761515
134.97,0.85,7.15984645496644,0.781705017358016,0.872885367700574,0.64913811817166,0.270060469501996
134.98,0.85,7.1079742835933,0.785054601563199,0.875015619201269,0.647419699950529,0.26956825072987
134.99,0.85,7.05637980458172,0.785430511232803,0.877214172265687,0.649047026428176,0.269940828403334
135,0,7.00506840991117,0.789391305764158,0.874125781025136,0.650151754235146,0.271695308096717
135.01,0,6.95404535697792,0.789585391261409,0.875346795985979,0.650690968108339,0.270127622317816
135.02,0,6.90331576765693,0.790389561880348,0.873272534971322,0.645479278948313,0.268961675878647
135.03,0,6.85288462747902,0.789298110058561,0.873597345219323,0.649267443296033,0.271044331425709
135.04,0,6.80275678492139,0.796170482577238,0.87448575127281,0.649494424706207,0.269917561505507
135.05,0,6.75293695081041,0.793981398204232,0.873171936795939,0.646869548922645,0.271624533158441
135.06,0,6.70342969783526,0.795661208751039,0.875029170791087,0.648725942711723,0.270045767054389
135.07,0,6.65423946016972,0.795562350631755,0.873374744462784,0.65039002865641,0.269338575610597
135.08,0,6.60537053320094,0.798087032189696,0.874504228914119,0.649627288763358,0.272547745404968
135.09,0,6.55682707336327,0.797317925025315,0.87133529355261,0.652145545460571,0.269682916373318
135.1,0,6.50861309807461,0.7987443410002,0.872355866042957,0.650248316210439,0.269446006722639
135.11,0,6.46073248577334,0.799451601282424,0.873099913149299,0.650714077783866,0.270393654561975
135.12,0,6.41318897605384,0.802351636992205,0.870137037796523,0.647790091441612,0.271370545385796
135.13,0,6.36598616989825,0.804815090783967,0.871131757924109,0.648609497542489,0.270789368116102
135.14,0,6.32056392991632,0.806475688445068,0.86922471473599,0.653231013875997,0.271096025496909
135.15,0,6.28685381243828,0.804762716155903,0.870276694124283,0.650622692247842,0.270120859555607
135.16,0,6.2583324021048,0.806368256092939,0.871164239294572,0.650833540028372,0.271650755775973
135.17,0,6.23076372387098,0.809776833168753,0.871017475146262,0.651524601818097,0.269306307126221
135.18,0,6.20342025270776,0.809384972496986,0.869162480112962,0.653783620897403,0.268550343797272
135.19,0,6.17622129525284,0.810279052716617,0.868154859831665,0.649640771668795,0.269783239744472
135.2,0,6.14916475683762,0.809242554755037,0.869551412214541,0.650245646745826,0.270738424991302
135.21,0,6.12225527436351,0.810533770751066,0.868044539338424,0.652422679803277,0.269697521329147
135.22,0,6.09549770357352,0.811885167290576,0.868972001580802,0.650999107241757,0.270520494552258
135.23,0,6.06889678274115,0.810140425992751,0.867824647262333,0.652683365936169,0.269363613447771
135.24,0,6.04245714987788,0.810550508407885,0.868473955005986,0.65014842281581,0.271952820508775
135.25,0,6.01618334976595,0.813009749759642,0.867986648527038,0.651861894034088,0.270003101567195
135.26,0,5.99007983468741,0.813885314234223,0.866582473661769,0.652403312950983,0.267036771525685
135.27,0,5.9641509641399,0.813853985757844,0.866403944364516,0.651623771700316,0.268418579402262
135.28,0,5.9384010044951,0.816404739927748,0.866168216984138,0.65088572183881,0.271067551561387
135.29,0,5.91283412871377,0.816003712588223,0.865493268855363,0.650897206088412,0.266589103424062
135.3,0,5.88745441612634,0.813995149979616,0.866488740993338,0.654836501828329,0.272871958928696
135.31,0,5.86226585227815,0.819075484934109,0.865400566766823,0.654179592827008,0.269664641081464
135.32,0,5.83727232883694,0.817499665468319,0.8642430944732,0.650872806538157,0.269613597745225
135.33,0,5.81247764356153,0.818467988008609,0.865973658451379,0.65276055882287,0.271111184801614
135.34,0,5.78788550033004,0.817551200549754,0.863556105773898,0.651587101248684,0.274941449430007
135.35,0,5.76349950922537,0.8168726742063,0.8644970274536,0.653661686747289,0.268012900815054
135.36,0,5.73932318667655,0.817342597089455,0.866475371384658,0.653673505430027,0.271268899487194
135.37,0,5.71535995565432,0.820671306047923,0.865778574160145,0.655910566426795,0.268530061126862
135.38,0,5.69161314591889,0.822451779365272,0.863113233832414,0.655356119877939,0.270016484198546
135.39,0,5.66808599431783,0.823634359276655,0.864180871520572,0.655817394210411,0.270479206735919
135.4,0,5.64478164513287,0.822173301603243,0.863717278794534,0.653358324955248,0.271063748102566
135.41,0,5.62170315047335,0.823157838590427,0.865782200947604,0.655425033134712,0.27052051712931
135.42,0,5.59885347071416,0.824047223584481,0.860852561663547,0.653924833631822,0.268883348200385
135.43,0,5.57623547497699,0.825147710416957,0.863594343150171,0.655501821124575,0.271540214616901
135.44,0,5.55385194165264,0.82550212259189,0.863849657599734,0.653584643157481,0.272110835918418
135.45,0,5.53170555896219,0.825388258613282,0.862779793499149,0.656097531871673,0.271592540168768
135.46,0,5.50979892555571,0.826124507680995,0.861991438059631,0.654293011276003,0.269558469559825
135.47,0,5.48813455114658,0.828303864201501,0.862939103217049,0.656405683107771,0.271142657741816
135.48,0,5.46671485717883,0.826894722787789,0.860684914779197,0.654668209572909,0.266633492103432
135.49,0,5.44554217752647,0.829305860423833,0.858669443247287,0.655859949877561,0.269279194321096
135.5,0,5.42461875922291,0.83165540356853,0.862329917971922,0.656129754598787,0.268199722534469
135.51,0,5.40394676321769,0.829003543711556,0.86169421361029,0.653123379462433,0.271402795068171
135.52,0,5.3835282651599,0.830975566911482,0.862367898481044,0.658261679655377,0.270301730167005
135.53,0,5.36336525620577,0.831990714987517,0.860496553067779,0.656852226790293,0.272300633328114
135.54,0,5.34345964384878,0.832761643256127,0.860049014322028,0.656353658280733,0.268847103477563
135.55,0,5.32381325277052,0.834932625205475,0.860745496091802,0.65533582277794,0.272208470424024
135.56,0,5.30442782571076,0.829369801949894,0.861481685593472,0.655980296710422,0.269677715488855
135.57,0,5.2853050243546,0.831495672641837,0.858181714953969,0.657057546295348,0.272951181797839
135.58,0,5.26644643023536,0.835202724183935,0.859802145557258,0.655264652535373,0.267702359364164
135.59,0,5.24785354565154,0.834835596023534,0.858588008266879,0.656131796833822,0.270371181237273
135.6,0,5.22952779459597,0.834051581675518,0.858114798288754,0.655747912470974,0.268168677542488
135.61,0,5.21147052369564,0.83415435289839,0.853818165602247,0.654931268731581,0.269104260440778
135.62,0,5.19368300316086,0.83809453347904,0.858841509261955,0.655880716880781,0.270937336669033
135.63,0,5.17616642774207,0.835899197565176,0.859929178305125,0.656648128896729,0.267849257511689
135.64,0,5.15892191769245,0.836495390178773,0.859400554617968,0.657599520446719,0.272516984731024
135.65,0,5.14195051973572,0.835685937840495,0.857417303942612,0.654145604672022,0.269838935376591
135.66,0,5.12525320803683,0.837943190050774,0.857769123995461,0.657507383234373,0.270338135404233
135.67,0,5.10883088517462,0.836529518032624,0.860463734039301,0.654410240853563,0.269817545419878
135.68,0,5.09268438311509,0.837861068720253,0.857040956279475,0.655177358849049,0.270127732124253
135.69,0,5.07681446418392,0.839827047210981,0.854648795702023,0.657393767735203,0.269304012550907
135.7,0,5.06122182203686,0.838913180067663,0.856507377171451,0.656130584010804,0.269095400917775
135.71,0,5.04590708262697,0.840898038167234,0.858174675405317,0.656238017135727,0.269861965064724
135.72,0,5.03087080516764,0.839310518870373,0.85470952917284,0.655651674267102,0.269663875776192
135.73,0,5.01611348308972,0.841142281768378,0.857131910347288,0.658133373747962,0.271037556064624
135.74,0,5.00163554499236,0.841495222758723,0.857588904486129,0.656529081066943,0.267265143831277
135.75,0,4.98743735558617,0.841168234776264,0.857240635817279,0.656188552841185,0.271107011863271
135.76,0,4.97351921662765,0.843801878166189,0.853028806629991,0.653911821710843,0.270965200994733
135.77,0,4.95988136784408,0.841318746618012,0.85416343361048,0.656422417759508,0.27043820943107
135.78,0,4.94652398784814,0.844628587117691,0.855563805306898,0.659587679193524,0.271443820946753
135.79,0,4.93344719504095,0.844884330625509,0.85705883912167,0.655941207138619,0.268985201629715
135.8,0,4.92065104850307,0.844127754441489,0.854064133620719,0.65660713692246,0.270723879185275
135.81,0,4.90813554887283,0.846009440662099,0.852255160362445,0.656299781769626,0.269631177516635
135.82,0,4.89590063921079,0.843396763891141,0.854069064868513,0.659685197520299,0.2694479492104
135.83,0,4.88394620585011,0.844492519461008,0.854307826440627,0.659395497980601,0.269493815412416
135.84,0,4.872272079232,0.843599907048835,0.852462160265141,0.658353047464191,0.27093901942327
135.85,0,4.86087803472588,0.846542564398267,0.852103037182118,0.657189836755157,0.268217605200773
135.86,0,4.84976379343322,0.847196765977055,0.85100786847321,0.656614050796497,0.270985265579685
135.87,0,4.83892902297542,0.845707175895585,0.853985533305405,0.658603310680701,0.267401152850595
135.88,0,4.82837333826449,0.845054054177119,0.849124332454279,0.657610627541832,0.268612683097554
135.89,0,4.81809630225649,0.849048415621506,0.8517634702968,0.656747962414395,0.268444231799479
135.9,0,4.8080974266876,0.84784887361564,0.851263210596453,0.655468759963359,0.269897451881928
135.91,0,4.79837617279211,0.846521206295053,0.851100760588277,0.658711370822511,0.273085846157128
135.92,0,4.78893195200227,0.846713875307609,0.848991938126839,0.6563192496751,0.269706147447609
135.93,0,4.7797641266299,0.849684826431406,0.850854618369017,0.656365063529378,0.271049570859938
135.94,0,4.77087201052949,0.847870249560779,0.850107923619174,0.656043313225359,0.26752666682811
135.95,0,4.76225486974257,0.847955404943308,0.847839548473543,0.658073412152812,0.269562756702574
135.96,0,4.75391192312349,0.848459730391001,0.850102949069238,0.655570571170915,0.271096075862234
135.97,0,4.7458423429465,0.846382033058321,0.849574856576237,0.656833918108701,0.268330700629909
135.98,0,4.73804525549401,0.85042492470032,0.85106027694824,0.657579567194401,0.268845390781706
135.99,0,4.73051974162622,0.848038614864874,0.84732636600602,0.658606216891769,0.269160605422596
136,0,4.72326483733232,0.850493591048042,0.849895307944267,0.657936069782967,0.271185812120715
136.01,0,4.71627953426309,0.848951752546138,0.848337664625594,0.6578952739672,0.26952467295537
136.02,0,4.70956278024526,0.85038350870222,0.850067367643169,0.655892538373897,0.268577312358209
136.03,0,4.70311347977798,0.851012725179926,0.849725937640034,0.657349118528977,0.270418545412996
136.04,0,4.6969304945113,0.848069416169761,0.846796541015885,0.654447149081541,0.271364852085935
136.05,0,4.69101264370727,0.851431568147014,0.84924078081597,0.658317316682392,0.270232520849619
136.06,0,4.68535870468384,0.847435190524517,0.848521503380403,0.65452512954867,0.270767686386413
136.07,0,4.67996741324188,0.851985510637855,0.848191489252134,0.6588404930106,0.267630724141964
136.08,0,4.67483746407588,0.853421746096728,0.84620834734294,0.656864611434046,0.267014067749281
136.09,0,4.66996751116856,0.851477358902423,0.847555475262051,0.655775799773532,0.26897071488648
136.1,0,4.66535616817005,0.851794319089018,0.84545787715696,0.655551571079578,0.268802064979454
136.11,0,4.66100200876198,0.852415154991851,0.845368894388648,0.655825299323036,0.270602184607428
136.12,0,4.65690356700704,0.851271446505776,0.846232934055415,0.656942783437535,0.27167150556871
136.13,0,4.65305933768477,0.852523095505754,0.848003518112741,0.655009146963973,0.270933237157731
136.14,0,4.64946777661377,0.849929168245953,0.845317456059678,0.656371483691333,0.269418108269707
136.15,0,4.64612730096135,0.852896461688114,0.847690208074032,0.656291491301161,0.27189158667043
136.16,0,4.64303628954109,0.850204680881002,0.844173113451341,0.653538296396992,0.272829388210549
136.17,0,4.6401930830989,0.85316516760423,0.846153628269753,0.658151886966124,0.267771139526179
136.18,0,4.63759598458846,0.851257348241728,0.846688548180331,0.658659641963128,0.27110823730939
136.19,0,4.63524325943671,0.851928562557385,0.846024284651978,0.655633838242476,0.269999889315715
136.2,0,4.63313313580002,0.854057383834739,0.843568258451546,0.655059808956394,0.270280980599685
136.21,0,4.63126380481192,0.847815026667054,0.844554465786575,0.654927383792829,0.270407281786916
136.22,0,4.62963342082335,0.850577925711554,0.844366782562671,0.656845152173814,0.270803232984888
136.23,0,4.62824010163578,0.854321153877937,0.843189576922106,0.657976521886735,0.271082646640272
136.24,0,4.6269710172791,0.85138709565873,0.842562118920435,0.65505526726842,0.271280859338735
136.25,0,4.62574193369363,0.850287189086226,0.8428950276575,0.653862968740567,0.272594785734724
136.26,0,4.62455251357353,0.850955624636746,0.84452619855553,0.65665459221962,0.269784246312448
136.27,0,4.62340240763516,0.850419551763143,0.844460530588801,0.654592034895363,0.270558088310263
136.28,0,4.62229125481726,0.853213337165168,0.845224987018498,0.656342479994308,0.268759051662388
136.29,0,4.62121868248669,0.850027118354075,0.843260784010302,0.653334452886876,0.270193252811631
136.3,0,4.62018430664941,0.851540671740528,0.842480027069765,0.656596310432298,0.272165964946811
136.31,0,4.61918773216679,0.852066767924467,0.842039536448527,0.65398056484219,0.272002522690348
136.32,0,4.61822855297689,0.852074117631838,0.842823908879101,0.65385658907394,0.272832259392442
136.33,0,4.61730635232076,0.85151950543742,0.842257215702908,0.65454740316831,0.272396179625794
136.34,0,4.61642070297342,0.853067154008779,0.840450481109906,0.652621182136354,0.272344365409293
136.35,0,4.61557116747956,0.851407034850472,0.842271680578518,0.652749263775874,0.269004559846194
136.36,0,4.61475729839361,0.850948018419291,0.84252515142699,0.654586126909994,0.267803278351796
136.37,0,4.61397863852429,0.852378026311703,0.843095817781288,0.650851166567682,0.270239139344213
136.38,0,4.61323472118309,0.853189033632375,0.843421058849135,0.65314734457049,0.27131996533662
136.39,0,4.612525070437,0.852978498692816,0.840403964547115,0.654680740149751,0.270682906568402
136.4,0,4.61184920136493,0.85199085104463,0.840071015940716,0.651799681561932,0.27071288828421
136.41,0,4.61120662031784,0.852573392931385,0.840814563923395,0.656093635608945,0.270078187809446
136.42,0,4.61059682518243,0.851291944420482,0.842630634045892,0.653171582908206,0.270966121547667
136.43,0,4.61001930564815,0.854236018609142,0.843800950378243,0.65408064040811,0.269603966623993
136.44,0,4.60947354347744,0.852745183751497,0.841648389267884,0.655299285507951,0.272002356010053
136.45,0,4.60895901277894,0.853393042952172,0.840260525492957,0.651344838593304,0.270248345944902
136.46,0,4.62212144278905,0.851802850172599,0.839126784354526,0.652375238287857,0.26954735572738
136.47,0,4.63375440297523,0.851577629469798,0.840742785514869,0.652247986317287,0.269650497883495
136.48,0,4.63906477232114,0.846215229047762,0.840413630862688,0.654464700989037,0.270553689198437
136.49,0,4.6432527418708,0.84927044960024,0.839973800068931,0.651553297706158,0.269751020401363
136.5,0,4.64742527213665,0.851757015017277,0.841183627032136,0.652302760346854,0.270160672368274
136.51,0,4.65174477794069,0.852419986645456,0.836321801224132,0.653932306408862,0.268003675956485
136.52,0,4.65622868743979,0.848976147508898,0.840366807956867,0.651598114763617,0.272595571196583
136.53,0,4.66087625365375,0.849159824503019,0.840624291847287,0.652049945723375,0.267939296413981
136.54,0,4.66568477638902,0.850239870834,0.838523482502439,0.652657528996918,0.268909999372414
136.55,0,4.67065135993067,0.849445430702894,0.838562732068745,0.651080605908118,0.268798781572566
136.56,0,4.67577307169103,0.850490412329564,0.838616195921544,0.649948578274794,0.26874301714103
136.57,0,4.68104695311857,0.848894943335039,0.838656439856864,0.651858646308958,0.269508491762255
136.58,0,4.68647002038815,0.849978062368238,0.837509568438816,0.649670131588524,0.272042977223957
136.59,0,4.69203926488726,0.846236954737707,0.838054950290352,0.648426339402723,0.268751158725881
136.6,0,4.69775165381379,0.849972213455642,0.839322512055868,0.649817007860662,0.268089767217761
136.61,0,4.70360413082103,0.84709291922815,0.840232350884325,0.648832787355601,0.270590878569123
136.62,0,4.70959361669312,0.848588311012938,0.841096783086466,0.649242270124387,0.26918199133426
136.63,0,4.71571701004818,0.848532572779555,0.836381182081411,0.650918352528796,0.271637019270814
136.64,0,4.72197118806946,0.845118333952552,0.836356251454519,0.650735490679748,0.269988556901788
136.65,0,4.72835300726478,0.845096566351017,0.835177576120683,0.647934686620765,0.268375869039606
136.66,0,4.73485930425483,0.844761825229523,0.839231846671483,0.648854110235904,0.271124482825716
136.67,0,4.7414868965904,0.844096140175929,0.837712548947003,0.648034761376878,0.271722476248943
136.68,0,4.74823258359917,0.843413749227998,0.837232186953313,0.646823148045182,0.269362396259178
136.69,0,4.75509314726209,0.846931951200212,0.837644534110321,0.650331909814478,0.270847207256769
136.7,0,4.76206535311978,0.844838323363986,0.836518908696508,0.647578108737489,0.269943665531009
136.71,0,4.76914595120891,0.844299706151756,0.836757494009576,0.647760800068011,0.269089400836523
136.72,0,4.77633167702894,0.843487272648721,0.836035330033293,0.648396616951195,0.26991870480506
136.73,0,4.78361925253906,0.845759045640572,0.837164063977906,0.648979767047023,0.268837890787891
136.74,0,4.79100538718562,0.84608876933775,0.836838816539168,0.649275183697138,0.269636414696252
136.75,0,4.79848677895984,0.842288688214512,0.836970785257026,0.647618468122049,0.268954739594709
136.76,0,4.8060601154858,0.845031953819169,0.837355668192203,0.649251698477707,0.271021599417873
136.77,0,4.81372207513866,0.845222440395769,0.835308466184604,0.650604257714238,0.268563387655859
136.78,0,4.82146932819293,0.842550057830456,0.835021007385301,0.646781408470443,0.268239355500592
136.79,0,4.82929853800041,0.842963137717522,0.835018745837061,0.647983660265466,0.268081295248896
136.8,0,4.83720636219787,0.841922910148564,0.836270870423404,0.648061823929238,0.269955085611874
136.81,0,4.84518945394376,0.843980120560003,0.837698442244145,0.647343661294611,0.271825745937013
136.82,0,4.85324446318391,0.843266511742971,0.834098739181375,0.648713241416104,0.26969699161413
136.83,0,4.86136803794557,0.842720131331308,0.835534839215983,0.647593251264894,0.271941565539704
136.84,0,4.86955682565946,0.841788370897974,0.835429535217901,0.649825703129551,0.267976799286575
136.85,0,4.8778074745092,0.842139298040877,0.834132699284608,0.647229151512828,0.26947287572917
136.86,0,4.88611663480755,0.839459148495788,0.835933682903033,0.648698337645063,0.26826097274106
136.87,0,4.89448096039894,0.839011965262384,0.835915970737077,0.649420892724083,0.270967810667791
136.88,0,4.90289711008737,0.843027524474242,0.834489878708682,0.647610097486891,0.269594271162499
136.89,0,4.9113617490892,0.837235875450061,0.834784938896719,0.648365432785948,0.26869857617547
136.9,0,4.91987155050986,0.84151034923896,0.836470286222181,0.64755631308218,0.271185344588098
136.91,0,4.92842319684364,0.839948007259193,0.834346442719555,0.645400412602508,0.269624957482736
136.92,0,4.93701338149583,0.838756675461806,0.833063779879787,0.644731135709181,0.271231285152778
136.93,0,4.94563881032603,0.839095626961856,0.833273899372974,0.648627264502409,0.269424935131927
136.94,0,4.95429620321183,0.83672880979206,0.832965770629526,0.645633000914423,0.267335246767338
136.95,0,4.96298229563172,0.838190127768609,0.830427528322549,0.643768259398104,0.270104653047576
136.96,0,4.97169384026616,0.836063816694692,0.833891396223341,0.646525867847527,0.270263936618561
136.97,0,4.98042760861576,0.834165017353307,0.836039953041667,0.648748676516792,0.27110834151377
136.98,0,4.98918039263518,0.836201600413417,0.834237612456082,0.646787069479809,0.269445942544162
136.99,0,4.99794900638183,0.837910613233855,0.834381562323459,0.647601587328053,0.26630790030317
137,0,5.00673028767784,0.836149857692128,0.831579666735831,0.64416662259509,0.27172333360141
137.01,0,5.01552109978415,0.836250629104521,0.831186064099168,0.644916567970809,0.267894612475618
137.02,0,5.02431833308535,0.835721990662922,0.833027508576527,0.644027478004258,0.268972384110507
137.03,0,5.03311890678387,0.838620871708503,0.833126546870566,0.644411770400273,0.26970477313257
137.04,0,5.0419197706022,0.834481328905289,0.832108609139954,0.642139116927924,0.26984961056271
137.05,0,5.05071790649147,0.830955475447834,0.833933022557386,0.643324577479551,0.270811780151456
137.06,0,5.05951033034528,0.833055837198048,0.834130488803338,0.646467256159257,0.268838523766083
137.07,0,5.06829409371692,0.833526582334405,0.833274574014059,0.644355763652439,0.269109377165137
137.08,0,5.07706628553866,0.832644695483737,0.833202434284419,0.645477228993005,0.266964281086192
137.09,0,5.08582403384159,0.832623821055069,0.834440072592125,0.645697789083663,0.269412034218913
137.1,0,5.09456450747421,0.833595193441336,0.833614379264428,0.644330028947907,0.271792073286476
137.11,0,5.10328491781849,0.832858533684898,0.834987075448522,0.646420626171703,0.271210583490538
137.12,0,5.11198252050144,0.829949817155909,0.832796326007828,0.645195192672348,0.270892135609081
137.13,0,5.12065461710102,0.831820223600249,0.831000239618346,0.643146529774402,0.271674882464234
137.14,0,5.1292985568442,0.831745516890325,0.831281943787533,0.647257036432676,0.269842515687176
137.15,0,5.13791173829604,0.829468679792266,0.83204169778247,0.641675940804835,0.269731325770027
137.16,0,5.14649161103784,0.834896756873114,0.831457530658659,0.643732189683524,0.269834048685394
137.17,0,5.15503567733279,0.831067280046894,0.831305690672284,0.6446904079478,0.269578652997636
137.18,0,5.16354149377743,0.829458916147284,0.830835449349965,0.642934990146893,0.269956340277384
137.19,0,5.17200667293743,0.827073579469965,0.831452680251234,0.643042639459173,0.270126831883289
137.2,0,5.18042888496569,0.829208767476104,0.834692210081292,0.643154015789623,0.269034134272291
137.21,0,5.18880585920159,0.826874058173572,0.833454278965719,0.64546235770224,0.271316601107422
137.22,0,5.19713538574927,0.827851490349602,0.832156759119286,0.641785250677585,0.270441351306522
137.23,0,5.20541531703377,0.830172971195351,0.834375583099922,0.642470565613124,0.271068049710812
137.24,0,5.21364356933305,0.828475708719945,0.830462015946094,0.641331253977342,0.270102329954933
137.25,0,5.22181812428454,0.827138866056705,0.82826583730643,0.644121484811813,0.271188021262053
137.26,0,5.22993703036455,0.829171186405336,0.831999222558876,0.644154813349266,0.267435489479836
137.27,0,5.23799840433911,0.827329310824246,0.829761539144115,0.645075086990178,0.269120061890781
137.28,0,5.24600043268449,0.826573531984717,0.831238746387996,0.64489820328079,0.267274486096461
137.29,0,5.25394137297624,0.827225620424258,0.833545226333106,0.646722567974964,0.269397153793939
137.3,0,5.26181955524503,0.828887697371722,0.834523641038067,0.643924954688677,0.271488145339172
137.31,0,5.2696333832979,0.826261521380955,0.831462685660523,0.642453615445042,0.267392825569709
137.32,0,5.27738133600378,0.826829600719027,0.831440552476332,0.64395115042569,0.270824847986045
137.33,0,5.28506196854156,0.82766197635747,0.832918998693871,0.641922393951013,0.269249654962336
137.34,0,5.29267391360975,0.823551785217992,0.831748468023532,0.642210399401371,0.269625849357785
137.35,0,5.30021588259621,0.824150626180857,0.832318264011987,0.644336086526507,0.270000327252987
137.36,0,5.30768666670691,0.824957331413758,0.830880861002454,0.64249905803208,0.271864621052645
137.37,0,5.3150851380525,0.824846237258346,0.829478223329044,0.646086985818401,0.270106292039944
137.38,0,5.32241025069151,0.821529297447048,0.829482438901905,0.643560946508552,0.272025363397258
137.39,0,5.32966104162926,0.826022220849012,0.829048371220389,0.642138697432147,0.266939385969929
137.4,0,5.33683663177127,0.824371367325321,0.830674613447929,0.641642899364526,0.269349623618161
137.41,0,5.3439362268305,0.82412446766086,0.831374552131864,0.640938927180653,0.269377175402285
137.42,0,5.35095911818721,0.822326731277918,0.832071672037513,0.640476660123866,0.269268059892747
137.43,0,5.35790468370086,0.821065201221898,0.831769806410397,0.641611768932159,0.270698606649166
137.44,0,5.36477238847311,0.821531406028988,0.830998764164697,0.643417181262426,0.271568967065504
137.45,0,5.37156178556141,0.82065208511658,0.831409602932703,0.644538089928895,0.267158281494174
137.46,0,5.37827251664215,0.821194210695657,0.832052383610776,0.643371940679037,0.269176118149818
137.47,0,5.38490431262331,0.821261525801454,0.829398025591454,0.642089030680212,0.271075915514591
137.48,0,5.3914569942057,0.818184303521576,0.82808925890308,0.644535001655071,0.270188259758341
137.49,0,5.39793047239241,0.818431245921903,0.831554791853942,0.643160463026562,0.270170213333819
137.5,0,5.40432474894626,0.819793215920964,0.831987793437768,0.641729253792908,0.266182921022334
137.51,0,5.4106399167947,0.820766223950379,0.831892912581565,0.642909774340249,0.268362174119054
137.52,0,5.41687616038217,0.819023082212111,0.831188071935616,0.646066858822814,0.269607734135348
137.53,0,5.42303375596947,0.819839170314846,0.830630704998376,0.64365842716972,0.270023116169868
137.54,0,5.42911307188023,0.818526636545055,0.831058011924666,0.643370154927255,0.270042411824642
137.55,0,5.43511456869441,0.818561663703487,0.832846057693323,0.64424334521292,0.268610464721744
137.56,0,5.44103879938877,0.817981534265577,0.83371971979459,0.643575384423271,0.268090043875527
137.57,0,5.44688640942453,0.8175989901619,0.831218112705061,0.643855399143684,0.271519476971495
137.58,0,5.45265813678226,0.817937126181987,0.830690800837938,0.643387671625773,0.270386844449726
137.59,0,5.45835481194442,0.818126815268838,0.829378880317345,0.642029469685303,0.269236776180278
137.6,0,5.46397735782563,0.818369090358616,0.83295155000909,0.641334973003174,0.2708211562039
137.61,0,5.4695267896512,0.816896449243565,0.829032269603641,0.641177753818415,0.271525883516565
137.62,0,5.47500421478439,0.816056178326256,0.829247077838174,0.642195708462383,0.27085352360498
137.63,0,5.48041083250265,0.818258470836746,0.834351177588225,0.645994306220214,0.270968933013543
137.64,0,5.48574793372381,0.817064047156635,0.832047587829311,0.645215730964286,0.270450054043733
137.65,0,5.49101690068245,0.818288328302744,0.830749615106738,0.643330893902637,0.27015692235126
137.66,0,5.49621920655738,0.816736181408015,0.832508000205009,0.644412349568832,0.272541441408375
137.67,0,5.50135641505096,0.816275368958922,0.832511923333231,0.644993217393518,0.269405802342747
137.68,0,5.506430179921,0.816806234480877,0.829787379171232,0.644089759057937,0.269859598439973
137.69,0,5.51144224446611,0.819697851894456,0.828941689753753,0.644031828754377,0.268318783464421
137.7,0,5.51639444096552,0.816307763041526,0.831749698623964,0.642984359354176,0.268351106061095
137.71,0,5.52128869007426,0.816164288702425,0.829479548540113,0.643870802984272,0.272277946396307
137.72,0,5.5261270001747,0.816275023820649,0.834744989618201,0.64297354622296,0.271991364211564
137.73,0,5.53091146668566,0.816496510402077,0.831332692407623,0.645568644587135,0.26814040439714
137.74,0,5.53564427133005,0.815535124118716,0.833135708402434,0.642179950083006,0.266588104498242
137.75,0,5.5403276813624,0.814253136454475,0.831632956651984,0.640582389959776,0.270669003876331
137.76,0,5.54496404875726,0.813842912450202,0.832997708495893,0.642828993183543,0.270544522185293
137.77,0,5.54955580935994,0.8139928202289,0.831217056208022,0.644486436203208,0.271487546765531
137.78,0,5.55410548200074,0.814716706461611,0.834975303925155,0.645756553744319,0.269667293219968
137.79,0,5.55861566757405,0.814552398921921,0.832032615174411,0.644637915610113,0.269584040450269
137.8,0,5.5630890480837,0.81476131665559,0.831060213602529,0.645393102669353,0.268780588185846
137.81,0,5.56752838565592,0.815377314445141,0.830164148975942,0.648666345385319,0.272069597762747
137.82,0,5.57193652152126,0.813316446277175,0.830090330441352,0.643064722120141,0.269654084667533
137.83,0,5.57631637496708,0.816084597823879,0.832723746832647,0.645987823312989,0.26882098438936
137.84,0,5.58067094226189,0.813380848208625,0.831910996053748,0.642582819921716,0.271489483216883
137.85,0,5.58500329555317,0.81278721727828,0.832136646163668,0.646304536307798,0.270119155578672
137.86,0,5.58931658174009,0.813890325085444,0.832909871437091,0.643727847844146,0.270067990433884
137.87,0,5.59361402132261,0.81497156169928,0.833980959803081,0.644755965581299,0.271609889582501
137.88,0,5.59789890722862,0.813611524473188,0.836291851817735,0.646634377662659,0.269638426912219
137.89,0,5.60217460362054,0.813910305195566,0.830454025831875,0.649335898084414,0.270919514710218
137.9,0,5.60644454468293,0.811444221161706,0.835313675406009,0.645408512395916,0.270547379069844
137.91,0,5.61071223339268,0.813119213501125,0.834577285073971,0.64704295712527,0.271433415748412
137.92,0,5.61498124027338,0.81372402297096,0.833550046959101,0.644990147350011,0.272451926371711
137.93,0,5.61925520213525,0.812759565411497,0.834767851857884,0.646524319814168,0.270765354294646
137.94,0,5.62353782080234,0.810838499672633,0.832708354823211,0.644524206486595,0.270290235830101
137.95,0,5.62783286182842,0.811094038371262,0.83065078442223,0.648612915478455,0.27081312055387
137.96,0,5.63214415320315,0.809520311431127,0.832761923707116,0.646848827705063,0.27140680462316
137.97,0,5.63647558404991,0.811599175836138,0.832795053387875,0.647663714604605,0.27072721921156
137.98,0,5.64083110331696,0.813085231079618,0.835852935783826,0.64441864962398,0.26881271104374
137.99,0,5.64521471846325,0.810817192544819,0.833370445055682,0.646241234819466,0.270152084690873
138,0,5.64963049414041,0.80974344032006,0.830628701492602,0.649649696165588,0.272482354358757
138.01,0,5.65408255087225,0.811376137585627,0.835127596040639,0.644792738965151,0.271088515207114
138.02,0,5.65857506373339,0.80873756980699,0.833104216362385,0.645851780215438,0.269043787327941
138.03,0,5.66311226102813,0.811380760513895,0.834085608423942,0.64943458058118,0.26674922088557
138.04,0,5.66769842297101,0.807059385941009,0.835667136400791,0.646791164321611,0.268561521729532
138.05,0,5.6723378803705,0.809697125302539,0.834910787555276,0.649034454819355,0.26947608480566
138.06,0,5.6770350133169,0.81042255734834,0.835220659455891,0.649948344980635,0.270409773316264
138.07,0,5.68179424987582,0.811704351320713,0.835131251479023,0.646293151494647,0.268316208166293
138.08,0,5.68662006478836,0.810634407520969,0.833605068521184,0.646622750387086,0.272019378327167
138.09,0,5.69151697817927,0.807058423393661,0.836096664695827,0.648553969207461,0.267576102848279
138.1,0,5.69648955427414,0.806723357295943,0.833861725346746,0.648717621593219,0.271008473600829
138.11,0,5.70154240012668,0.809097761224517,0.833837049999689,0.646179870349935,0.267962538972695
138.12,0,5.70668016435713,0.811734397708653,0.836454328690966,0.648721671732003,0.271553246531414
138.13,0,5.71190753590299,0.809016967524609,0.835763701399836,0.647299357184353,0.269027314014902
138.14,0,5.71722924278266,0.80865206113739,0.833040879429667,0.648232974456776,0.273278686228698
138.15,0,5.72265005087318,0.807738609627637,0.833297504349111,0.648583265807239,0.268256650654706
138.16,0,5.72817476270282,0.805802208695145,0.83767542382204,0.649551539963371,0.270749580223121
138.17,0,5.7338082162593,0.80763287689356,0.833085112993741,0.649804360136117,0.269184799034359
138.18,0,5.73955528381435,0.806727004338183,0.837718767649499,0.650252496551546,0.269846720343687
138.19,0,5.74542087076551,0.805533737804014,0.833079684914606,0.651824076283792,0.269897927742869
138.2,0,5.75140991449544,0.806152716325742,0.834357176212066,0.648487298994425,0.270227239744144
138.21,0,5.75752738324974,0.806817313646202,0.834034943828299,0.648352959437345,0.270842451325837
138.22,0,5.76377827503348,0.805278176220399,0.836909367636762,0.651333359534261,0.268055802224728
138.23,0,5.77016761652712,0.80570330911138,0.836061541531661,0.650320959614179,0.273153042481629
138.24,0,5.77670046202214,0.806655584687475,0.833111067002451,0.652542824847539,0.269992825381852
138.25,0,5.78338189237676,0.804419742411094,0.835180885051468,0.651168184234387,0.269011351872079
138.26,0,5.79021701399213,0.806043161106265,0.8347096915712,0.648018218195143,0.269570125854208
138.27,0,5.7972109578091,0.805160898060373,0.836835492861218,0.649926256584088,0.271866768584608
138.28,0,5.80436887832591,0.804196859714431,0.840314427638955,0.649713398368065,0.27038153218063
138.29,0,5.81169595263685,0.805035475674739,0.837635337559326,0.651801087536559,0.268438780587754
138.3,0,5.819197379492,0.804295590556171,0.839900713644659,0.652639227567175,0.268941740295557
138.31,0,5.82687837837807,0.802191456384642,0.834451031888469,0.65287265921151,0.268355162555276
138.32,0,5.83474418862031,0.8065182324861,0.835662717171754,0.650941871139265,0.268197153638032
138.33,0,5.84280006850544,0.805074049567225,0.835848736966079,0.653255397102474,0.269168301840477
138.34,0,5.85105129442532,0.803002550855863,0.837419237446993,0.649882345077305,0.268568020436094
138.35,0,5.85950316004139,0.806449315076741,0.839651651493809,0.649685303216142,0.271278223646952
138.36,0,5.86816097546945,0.804076255244976,0.83595017369239,0.651511310135844,0.270398972545447
138.37,0,5.87703006648445,0.800997089694524,0.836925519808694,0.651147862155081,0.268592423068076
138.38,0,5.88611577374517,0.80024834025699,0.840078125637614,0.651192844998528,0.271889987611766
138.39,0,5.89542345203806,0.803676804058507,0.835848589417393,0.651715911943159,0.27027090702163
138.4,0,5.90495846953999,0.802954587957988,0.837132450007513,0.651253218918535,0.269844062306899
138.41,0,5.91472620709937,0.802568941362932,0.836399652098298,0.651917669633742,0.268255647935795
138.42,0,5.92473205753501,0.80196783291724,0.840210303290922,0.652505577860073,0.269300526943571
138.43,0,5.93498142495209,0.798910562449288,0.838193071533874,0.653415915380578,0.268774829473441
138.44,0,5.94547972407474,0.801188656010743,0.839105331730326,0.654272278688773,0.271945957241314
138.45,0,5.95623237959428,0.800151234716902,0.837767348805224,0.652550505379843,0.268739028993375
138.46,0,5.96724482553259,0.801686072709649,0.838672582033411,0.652309249560465,0.268554015178302
138.47,0,5.97852250461964,0.802886904126617,0.838838477058652,0.656267321184545,0.271273077117042
138.48,0,5.99007086768445,0.798614247410589,0.841019348134948,0.653555510585052,0.268455259498164
138.49,0,6.00189537305858,0.801195042395369,0.839560489575487,0.655654084090021,0.26911924654075
138.5,0,6.01400148599104,0.798320862074293,0.841521905349791,0.652733615713227,0.268171748850487
138.51,0,6.02639467807403,0.797356730136908,0.840724934311023,0.653871029665064,0.270211427081251
138.52,0,6.03908042667814,0.798937952893669,0.840359494012456,0.655630017517848,0.270606064845135
138.53,0,6.05206421439608,0.796528936045797,0.839874256724419,0.655801896919558,0.268412309134412
138.54,0,6.06535152849402,0.797015844522186,0.837732362910047,0.653194789688703,0.269979035515266
138.55,0,6.07894786036919,0.799558102074625,0.839923223817878,0.654613985395003,0.2699181250801
138.56,0,6.09285870501271,0.797432651646599,0.84183635928646,0.654051724198634,0.27113496702779
138.57,0,6.10708956047653,0.794689619903983,0.840110224569386,0.652464271133733,0.270222420975178
138.58,0,6.12164592734313,0.795963022238992,0.841579190743627,0.653510863226923,0.267670164993016
138.59,0,6.13653330819687,0.79320287723777,0.840688619577747,0.655193036764442,0.269038226458358
138.6,0,6.15175720709563,0.7928863435954,0.840554499285908,0.65590409016803,0.270327293009785
138.61,0,6.16732312904164,0.792792518567362,0.839315243723551,0.654583965799815,0.270802309460855
138.62,0,6.18323657944981,0.792880157900786,0.841081661473923,0.656392881131686,0.272833626623926
138.63,0,6.19950306361274,0.793533644532732,0.844155745816166,0.655342057090074,0.27155804950563
138.64,0,6.21612808616059,0.793655771969257,0.842320984076629,0.655735462913002,0.267830384083831
138.65,0,6.23311715051475,0.792815413054596,0.84045535531104,0.655656507779518,0.268871198457862
138.66,0,6.25047575833376,0.792985544771642,0.841019910782621,0.652807254515446,0.270319141674255
138.67,0,6.26820940895017,0.791243461281894,0.842575027882948,0.656990939769648,0.267673036375025
138.68,0,6.28632359879688,0.790095828579992,0.841089954205942,0.653755533821294,0.267620159234589
138.69,0,6.30482382082144,0.791634731854231,0.841761629718669,0.654515672839116,0.268234567408234
138.7,0,6.3237155638872,0.789330500588204,0.840797763767269,0.653338597130172,0.269249317853073
138.71,0,6.34300431215941,0.789771063258809,0.844060213918735,0.654772879584434,0.271757032911557
138.72,0,6.36269554447512,0.7871356457826,0.841952453036444,0.654830559780738,0.271020105626205
138.73,0,6.38279473369547,0.786884218140116,0.845167220030303,0.65349415963771,0.269660695444675
138.74,0,6.40330734603866,0.786121632378186,0.841411670587459,0.653111136585587,0.271574322345993
138.75,0,6.42423884039231,0.78683935505211,0.84334304491116,0.653798037474228,0.269574405675471
138.76,0,6.44559466760378,0.785641632528061,0.846636175948736,0.656213156470759,0.271873524210683
138.77,0,6.46738026974692,0.785039341509503,0.843418048843572,0.656803421091297,0.273146375717833
138.78,0,6.48960107936382,0.785263779312247,0.843800782945112,0.655445400690702,0.270974328857245
138.79,0,6.51226251868012,0.782585315036145,0.84480161097485,0.65519239023611,0.269197676268035
138.8,0,6.53536999879252,0.785371645167623,0.84267647379475,0.657796136849868,0.269999816182267
138.81,0,6.55892891882696,0.781757886826919,0.846834602250161,0.656258594519854,0.270466509584363
138.82,0,6.58294466506603,0.780464282353936,0.84519307290387,0.658002292951322,0.271905567941702
138.83,0,6.60742261004463,0.780228000043276,0.843924468201905,0.65612412928293,0.272440362039813
138.84,0,6.63236811161167,0.780725555602375,0.84588634538994,0.654409423761895,0.266676340838527
138.85,0,6.65778651195747,0.779251545564953,0.846252112156341,0.657987511271004,0.269707385822239
138.86,0,6.68368313660475,0.780698806093429,0.846493000585557,0.65424881195568,0.268974023599217
138.87,0,6.71006329336219,0.780508943058069,0.846342022200791,0.65552903055819,0.269626433439992
138.88,0,6.73693227123935,0.777267844848231,0.844645522656454,0.656482675997962,0.268575751550029
138.89,0,6.76429533932161,0.776821311627256,0.847659394453303,0.656869949009916,0.271482060843959
138.9,0,6.79215774560386,0.773186702647921,0.845725675500466,0.655058194687603,0.271090536886399
138.91,0,6.82052471578166,0.7757847775777,0.847275329006317,0.658466638490831,0.270575121527686
138.92,0,6.8494014519992,0.774110750915812,0.847704355104362,0.657614654883775,0.271176876686176
138.93,0,6.87879313155224,0.77605766137638,0.850097612478368,0.657538362830524,0.272024642802867
138.94,0,6.90870490554533,0.773652289895181,0.845894868729465,0.655655126661034,0.272749922579483
138.95,0,6.93914189750248,0.775536966167654,0.849375890296516,0.662038518025265,0.271412489286983
138.96,0,6.97010920192968,0.771754406011707,0.848076402928336,0.655627730400443,0.271048777970433
138.97,0,7.00161188282884,0.773848977570269,0.847686384192615,0.655361387931955,0.268197938953155
138.98,0,7.03365497216207,0.768782783801695,0.849731177540054,0.654926569894884,0.269764299966064
138.99,0,7.06624346826542,0.766097195619609,0.850045444104804,0.659133995454543,0.268451467059278
139,0,7.09938233421111,0.769240462472492,0.846906905721635,0.655890753020469,0.270539826174011
139.01,0,7.13307649611798,0.767396578571153,0.851403698369336,0.653516997714712,0.267959894866274
139.02,0,7.167330841409,0.768182155541681,0.849164347078419,0.658573425286477,0.271116647617675
139.03,0,7.20215021701525,0.765816137949406,0.849299039976682,0.657419623409,0.273546431501715
139.04,0,7.23753942752612,0.765264894381629,0.852736757152925,0.657867050669546,0.268892335340883
139.05,0,7.27350323328506,0.764979342751843,0.852622300834018,0.655575892764956,0.270804857935454
139.06,0,7.31004634843001,0.763078156781764,0.851442492837671,0.65564157348052,0.273064626887134
139.07,0,7.34717343887899,0.761820521552512,0.848564077920259,0.6571060664179,0.270118421416336
139.08,0,7.38488912025987,0.76153245377846,0.85175475826524,0.658819456390677,0.269514283407572
139.09,0,7.42319795578411,0.761370687975467,0.851099870865317,0.657281838222172,0.26992601467539
139.1,0,7.46210445406487,0.757754784839661,0.849096571420017,0.656370281206025,0.271332073486526
139.11,0,7.50161306687879,0.758969771640845,0.851179083587963,0.657576875979522,0.269568597261361
139.12,0,7.54172818687173,0.757416873637448,0.854739268813298,0.656525642839332,0.268872032297195
139.13,0,7.58245414520847,0.755345321458155,0.851265489862751,0.654792504303705,0.269260650388453
139.14,0,7.62379520916686,0.755587235880544,0.852807863389075,0.655344953089672,0.270968434050253
139.15,0,7.66575557967593,0.752844172101032,0.851057798105055,0.657145959132372,0.268906025539302
139.16,0,7.70833938879919,0.754704178436267,0.853910106830945,0.654818180015081,0.269864270435012
139.17,0,7.75155069716294,0.752387858521985,0.852718963773872,0.657752869492734,0.271293500019682
139.18,0,7.79539349133034,0.749060868639001,0.854531112224094,0.654685424444372,0.270501315267977
139.19,0,7.83987168112166,0.750286263038437,0.855163217986918,0.655744044338272,0.268442749367251
139.2,0,7.88498909688203,0.750288687694819,0.854262037905265,0.657955325398707,0.270442115715646
139.21,0,7.93074948669663,0.747434147139433,0.854911829190625,0.656921711442961,0.271014752844875
139.22,0,7.97715651355475,0.747517498236422,0.854457935890268,0.657687260683481,0.269562525340174
139.23,0,8.02421375246398,0.744643702730971,0.853600164838084,0.657784908163989,0.26862753219177
139.24,0,8.07192468751495,0.745624759892909,0.856044317444707,0.657092597809723,0.270381581392458
139.25,0,8.1202927088983,0.744712383860718,0.854798076058265,0.656231752722151,0.268761741936444
139.26,0,8.16932110987531,0.74338480773462,0.855727785320249,0.655963654164258,0.269257285049523
139.27,0,8.21901308370345,0.74326766562249,0.853633463170915,0.657954519588882,0.268482347236164
139.28,0,8.269371720518,0.741984110501392,0.854078667181012,0.65634211967775,0.269453533249922
139.29,0,8.32040000417239,0.740712475838001,0.854785197076287,0.655246095291873,0.269333043441733
139.3,0,8.37210080903815,0.739573943833511,0.856564617982115,0.658026565195834,0.273693912589653
139.31,0,8.42447689676642,0.738717028470864,0.858227445404071,0.657774823954245,0.268416628541891
139.32,0,8.47753091301369,0.736165979432215,0.858671774551169,0.655977754037281,0.267241094768639
139.33,0,8.53126538413328,0.733880663550941,0.855699185106744,0.655977652396046,0.270337504215625
139.34,0,8.58568271383462,0.737196852581336,0.856316815006255,0.651040127568925,0.267724225019361
139.35,0,8.64078517981345,0.731750966029125,0.85760123166496,0.655055941268248,0.267568073982864
139.36,0,8.69657493035473,0.732138661151074,0.854578975120487,0.656039492844507,0.272082555150008
139.37,0,8.75305398091093,0.730603267381942,0.85708237351563,0.655911365201591,0.267521849360186
139.38,0,8.81022421065853,0.732275392565637,0.859610677568511,0.654036992501346,0.269799809529128
139.39,0,8.8680873590357,0.731369794397256,0.858280695178878,0.654636354006764,0.272670219219767
139.4,0,8.92664502226357,0.727186579607417,0.859209388621026,0.655934072181602,0.270155605910494
139.41,0,8.98589864985435,0.727277773165362,0.858447432350764,0.652452920285779,0.270735643753821
139.42,0,9.04584954110994,0.727568902724782,0.859310191973863,0.650901612211127,0.271299441078872
139.43,0,9.10649884161333,0.72471690018393,0.859023066942424,0.656927326035438,0.270907003995698
139.44,0,9.16784753971671,0.723769209901338,0.861126127962067,0.653240557907177,0.269533019676155
139.45,0,9.22989646303018,0.720707817298375,0.858996268518508,0.654742664612017,0.271493804661595
139.46,0,9.29264627491351,0.722151491798485,0.85857513233974,0.651796680268856,0.270101939661295
139.47,0,9.35609747097556,0.721033383243105,0.860318888149388,0.654752273396127,0.270756550370836
139.48,0,9.420250375585,0.719146306145946,0.86236583979281,0.654254728310702,0.27165402926639
139.49,0,9.48510513839603,0.716984074955233,0.862197960792745,0.653756446418684,0.271136900469161
139.5,0,9.5506617308926,0.715104029164078,0.858667932300041,0.65382057479405,0.269715779414698
139.51,0,9.61691994295668,0.716290050032879,0.857742974861249,0.65342315193281,0.269588106741125
139.52,0,9.68387937946315,0.716696766567193,0.861915435807613,0.65467071811006,0.270082870449308
139.53,0,9.75153945690625,0.711987815904303,0.861679570258303,0.65532933966901,0.267035039437344
139.54,0,9.8198994000623,0.711417964245725,0.861867006360373,0.652963493499809,0.270544873079648
139.55,0,9.88895823869263,0.710489503541842,0.863875043798841,0.653489723878634,0.272013031224242
139.56,0,9.95871480429089,0.708726404888149,0.862743565924384,0.652815145377252,0.268069263446674
139.57,0,10.0291677268805,0.708619976962534,0.862406627128051,0.652140615981406,0.269139279609054
139.58,0,10.1003154318659,0.70623763914861,0.864011387106684,0.652700370862265,0.26925536576839
139.59,0,10.1721561369419,0.704803596284128,0.862757837283837,0.65566284970791,0.268759045039634
139.6,0,10.2446878490682,0.703826420607747,0.863895361638574,0.651443218872804,0.269984671585847
139.61,0,10.3179083615105,0.702492669921975,0.864910388807064,0.651647704142554,0.272154155006421
139.62,0,10.3918152509561,0.699819134131313,0.867065467288648,0.654128933405646,0.268856617650722
139.63,0,10.4664058747072,0.699561870333124,0.866256442397435,0.652521034810496,0.270061059696124
139.64,0,10.5415297828614,0.700068334651054,0.866692477880858,0.653289091155552,0.268974962494125
139.65,0,10.6158250211293,0.697336997282314,0.865655993781359,0.654317471858754,0.271949630114944
139.66,0,10.6899696753227,0.696013361489055,0.867184811207423,0.652988545369424,0.270522354387036
139.67,0,10.7645783686095,0.695792966074768,0.867730278867759,0.649761593032404,0.268907065202157
139.68,0,10.8397845059638,0.693155314672517,0.865799672801076,0.651083092159823,0.270448740291927
139.69,0,10.9156075770722,0.69187429870211,0.868966929878828,0.653415895616966,0.268619846313867
139.7,0,10.9920468158103,0.691018447854797,0.868530044510938,0.649427001481453,0.27059623192593
139.71,0,11.0690980956547,0.691097762362519,0.86583507586817,0.649444725092149,0.271869737091876
139.72,0,11.1467566033513,0.69001526637697,0.866275730446879,0.64818203085375,0.268579995012573
139.73,0,11.225017233038,0.688445037513203,0.869953847953235,0.651203476716352,0.269294757803068
139.74,0,11.3038746410855,0.686563198797283,0.866970116010553,0.650927034832055,0.272408141247498
139.75,0,11.3833232527255,0.685773278337396,0.867026254211781,0.652747435303227,0.268444422624081
139.76,0,11.463357262127,0.686812961386273,0.871427303721812,0.6498188623715,0.267573213665841
139.77,0,11.5439706317048,0.685616074622062,0.868643448750882,0.649362378451942,0.270578369158179
139.78,0,11.6251570914526,0.681410808623081,0.872234195834146,0.649724328751497,0.267843485944276
139.79,0,11.7069101384101,0.679968169973192,0.868596208625826,0.651935445869391,0.270116939229126
139.8,0,11.7892230362804,0.679492121322905,0.867286365535543,0.647511250876524,0.266707015007622
139.81,0,11.8720888152046,0.681555452052877,0.866725729984519,0.650040661372389,0.269268690143455
139.82,0,11.9555002716986,0.676333557486399,0.869329931318178,0.649902822275899,0.269861714009193
139.83,0,12.0394499687532,0.676377833663714,0.870721592513104,0.650147911691684,0.268053053958364
139.84,0,12.1239302361038,0.676108562132046,0.866963868981946,0.648749237297812,0.268709974242798
139.85,0,12.2089331706707,0.672472060259089,0.872676020442164,0.649757435549602,0.271843815162939
139.86,0,12.2944506371765,0.674187181967501,0.87159568762233,0.645335000447104,0.268774663317771
139.87,0,12.3804742689393,0.669960320462124,0.874844489421516,0.649973097166292,0.272302185473904
139.88,0,12.4669954688486,0.6710352255708,0.871873051328532,0.64957841454696,0.270855037159823
139.89,0,12.5540054105261,0.670316721012164,0.870884010567741,0.647164104913077,0.270046342893141
139.9,0,12.6414950396711,0.668130064892495,0.873467142305227,0.64867031531446,0.269557515957469
139.91,0,12.7294550755971,0.66766866524435,0.872577311376949,0.648066880831179,0.270485230695935
139.92,0,12.8178760129596,0.665398269519301,0.873122915506067,0.647993424330177,0.268861773362
139.93,0,12.906748123677,0.666619665400225,0.873182312193053,0.648710336006456,0.271066300905105
139.94,0,12.996061459048,0.661678644840138,0.873166576351431,0.645122615185891,0.270841841646567
139.95,0,13.0858058520663,0.661407960866688,0.874267600566852,0.649623475520124,0.270532540964767
139.96,0,13.1759709199339,0.659180948441364,0.874315349721841,0.652434958934464,0.268252144076586
139.97,0,13.2665460667753,0.657554116988887,0.875692386644939,0.651011423138518,0.270643995035405
139.98,0,13.3575204865524,0.656063558640638,0.873637404059973,0.647146502756597,0.269731628511352
139.99,0,13.4488831661829,0.656445565010698,0.876299494032087,0.646972126222611,0.269074877565557
140,0.85,13.5406228888599,0.65403163022626,0.875047486817668,0.648519536382973,0.270474565097615
140.01,0.85,13.6327282375761,0.656017159962899,0.876080993240697,0.646383979212345,0.271017731975501
140.02,0.85,13.7251875988516,0.650701998002294,0.87473421698811,0.646978714138313,0.2710650004355
140.03,0.85,13.8179891666634,0.653016044665838,0.875443374377096,0.645114708375978,0.267223529795451
140.04,0.85,13.9111209465801,0.65275941548951,0.873485033896496,0.647662120542534,0.267750081669027
140.05,0.85,14.0045707600981,0.649382302580918,0.879701909998582,0.646475095518722,0.268332092313908
140.06,0.85,14.0983262491783,0.649143550704872,0.874873199693859,0.646901047737408,0.269498337211527
140.07,0.85,14.192374880985,0.647418150102558,0.874204223025989,0.646210730380114,0.270290059359235
140.08,0.85,14.2867039528233,0.645684359944702,0.879539724215463,0.647083481690468,0.268399478637158
140.09,0.85,14.3813005972731,0.646906411087335,0.875576792337463,0.645254662251537,0.26887461839548
140.1,0.85,14.4761517875196,0.644011986660731,0.876992761934349,0.646131540465232,0.269567918638263
140.11,0.85,14.5712443428768,0.644112067405832,0.879112847564731,0.645462327311976,0.270106572091893
140.12,0.85,14.6665649345012,0.642028770350848,0.87651113164954,0.647295755043372,0.267954663568623
140.13,0.85,14.7621000912947,0.640770105211407,0.877728187544672,0.644791911775252,0.267781113582531
140.14,0.85,14.8578362059917,0.637294295963894,0.877998041062262,0.646284909466504,0.269546601360036
140.15,0.85,14.9537595414286,0.642134051428677,0.877274788639554,0.646819583765722,0.269814532723748
140.16,0.85,15.0498562369908,0.638585312005602,0.880617727415788,0.644618094512437,0.26966856534183
140.17,0.85,15.1461123152348,0.637230782368905,0.878283641769183,0.646127108761266,0.267041466100178
140.18,0.85,15.2425136886808,0.635566651450315,0.88042911261518,0.646629925092084,0.272146687419337
140.19,0.85,15.33904616677,0.630651658032472,0.879944691445558,0.643998558976032,0.270837783839843
140.2,0.85,15.435695462985,0.633726023301974,0.88092093743592,0.646691383077221,0.271519531466722
140.21,0.85,15.5324472021255,0.631183855898348,0.881260431269915,0.646917331811815,0.270417249167182
140.22,0.85,15.6292869277356,0.631567708051905,0.882690745373834,0.64619097074299,0.270261598433562
140.23,0.85,15.7262001096773,0.630507592418412,0.879236208068361,0.644663210805453,0.270699137830102
140.24,0.85,15.8231721518445,0.626536721292366,0.883145605094941,0.644309615044309,0.270850189340229
140.25,0.85,15.9201884000105,0.62814272458034,0.879614694629313,0.643602525831128,0.270024156624106
140.26,0.85,16.0172341498054,0.627398149971847,0.882066287725863,0.643478408026594,0.269698303435538
140.27,0.85,16.1142946548144,0.626224847314776,0.885459872249115,0.643084780678403,0.271468414127881
140.28,0.85,16.2113551347915,0.624114012422898,0.882731454224713,0.644598138829695,0.269583209732406
140.29,0.85,16.3084007839832,0.622352164499511,0.882400970511885,0.643720707853024,0.273079946720046
140.3,0.85,16.405416779553,0.623168344150285,0.885773187006903,0.644416592045284,0.269602364344697
140.31,0.85,16.5023882901,0.620242090775461,0.883150795936978,0.646521133384916,0.272711158744944
140.32,0.85,16.5993004842663,0.623154804172169,0.882947944679324,0.642739418062733,0.270301171552074
140.33,0.85,16.6961385394229,0.619211720014567,0.886524787750598,0.640924794954999,0.267482749085871
140.34,0.85,16.7928876504276,0.617805645053911,0.883929372375054,0.645515824027127,0.269881490313108
140.35,0.85,16.8895330384483,0.61828290666242,0.883393283645044,0.646446111949801,0.269786491414443
140.36,0.85,16.9860599598408,0.616803674732924,0.885618918214904,0.642753710333176,0.271514305731195
140.37,0.85,17.0824537150757,0.614561864484652,0.882449130009138,0.643147492282926,0.269823993979526
140.38,0.85,17.1786996577045,0.617008673453026,0.885810049175974,0.647323390123767,0.268115084771866
140.39,0.85,17.2747832033575,0.613515549333824,0.881488094566821,0.644087293128532,0.268494510439616
140.4,0.85,17.3706898387638,0.613960057291413,0.886433895675088,0.641990110375157,0.267318104853523
140.41,0.85,17.466405130786,0.611202446161279,0.885437311981169,0.643865159805228,0.268822288103894
140.42,0.85,17.5619147354603,0.61034147677864,0.885610164620696,0.643473644653163,0.269605889311117
140.43,0.85,17.657204407034,0.607545507426449,0.886928019624066,0.643697965515075,0.271114378231798
140.44,0.85,17.7522600069892,0.608117189561112,0.88765361611109,0.642417121602681,0.269596841841123
140.45,0.85,17.8470675130479,0.606505177283195,0.886305461114229,0.645196441135962,0.270140512282357
140.46,0.85,17.941613028146,0.604288911741552,0.888640961380767,0.64141210318877,0.271153167788648
140.47,0.85,18.0358827893688,0.604792079664639,0.88805448737131,0.641995181834469,0.26879661237324
140.48,0.85,18.1298631768394,0.605658278279061,0.889836899959711,0.644581117791498,0.267279063621943
140.49,0.85,18.2235407225503,0.60413358856605,0.887577262067712,0.641107715217385,0.26999586227336
140.5,0.85,18.3169021191301,0.603636637866984,0.889878426502514,0.642538229268158,0.267813201123114
140.51,0.85,18.4099342285355,0.603868565712522,0.888275858295431,0.642177358072592,0.269002868085249
140.52,0.85,18.5026240906613,0.602585479568298,0.889506007714013,0.644230882652583,0.269661962930459
140.53,0.85,18.594958931858,0.600047326623338,0.888630953339335,0.644157761281599,0.271895038753602
140.54,0.85,18.6871370183732,0.602068846757054,0.889375233430273,0.643953464332505,0.269306840996256
140.55,0.85,18.7807877145344,0.599632983238781,0.890345705819684,0.641899438497706,0.27038951935997
140.56,0.85,18.8750324116692,0.594529844017264,0.891309762434568,0.644068569154181,0.269543430236186
140.57,0.85,18.9691102311089,0.596036448862931,0.89291270775393,0.643659080512155,0.269828427293511
140.58,0.85,19.062822000177,0.596714311391292,0.892451185099078,0.641024804266294,0.271109462433345
140.59,0.85,19.1561168865088,0.594218403616656,0.891546220224377,0.642565138294477,0.269863380188547
140.6,0.85,19.2489754009537,0.59483994340924,0.889322035367384,0.641243671236896,0.269701273051092
140.61,0.85,19.3413844094348,0.592869266495473,0.890608787401287,0.640109599237876,0.268317366595667
140.62,0.85,19.4333322087985,0.591009644805795,0.892530772915857,0.641469410168411,0.270388780566607
140.63,0.85,19.5248075882951,0.593743490019614,0.89293000073125,0.641605831706754,0.272431771875345
140.64,0.85,19.6157996574583,0.591793926129145,0.893064814878612,0.644585436769914,0.268850495866397
140.65,0.85,19.7062978194767,0.5924843732725,0.891498437796716,0.642363306243283,0.270095335793384
140.66,0.85,19.796291771929,0.591555943509835,0.892920367116191,0.643290860035803,0.268209068222619
140.67,0.85,19.8857715125233,0.588402642272042,0.8941424140706,0.643632902274247,0.273102663758832
140.68,0.85,19.9747273456043,0.58909777860217,0.894960492760831,0.643335167835994,0.269167175157367
140.69,0.85,20.0631498886244,0.585437892930023,0.890034379012285,0.645067214113024,0.26857675274729
140.7,0.85,20.1510300784233,0.58675614050918,0.894441465925421,0.645267369399851,0.269761014813586
140.71,0.85,20.232821359378,0.587037629042951,0.894932256090812,0.642213552371538,0.270150737955076
140.72,0.85,20.3052113370267,0.585105164270678,0.893723360191398,0.64328208127775,0.271395091785612
140.73,0.85,20.3743209206229,0.583535518908277,0.892651138258849,0.644991557048407,0.270365049780162
140.74,0.85,20.4383726299561,0.582981910203921,0.894852593943265,0.641405140420882,0.267998029679494
140.75,0.85,20.4698081375435,0.58422134837136,0.893514530345587,0.641362113845503,0.271545270229566
140.76,0.85,20.4837119139352,0.581327202255756,0.89646416889956,0.645170242170795,0.271627205970674
140.77,0.85,20.4927360421605,0.583286557450713,0.893521222803847,0.643331226288779,0.270264345585373
140.78,0.85,20.5005227620865,0.580864130379177,0.89435885550174,0.644628837072113,0.269488312681645
140.79,0.85,20.5081680952898,0.583026904348866,0.895800632716734,0.643230890518057,0.268008239624629
140.8,0.85,20.5156726917673,0.583984027248735,0.893426429987387,0.644408811238403,0.26975478208883
140.81,0.85,20.523037240748,0.582595361968858,0.900464356695011,0.641662675906023,0.269760710319906
140.82,0.85,20.5302624703157,0.580728265612695,0.895825396121046,0.643878248806897,0.271171700554917
140.83,0.85,20.5373491470183,0.586358136836686,0.897300748091051,0.644098456145442,0.269697093363985
140.84,0.85,20.5442980754666,0.583710210351859,0.893130154743803,0.644529268637647,0.268110712505674
140.85,0.85,20.55111009792,0.583570680666548,0.898314018741468,0.643879310293619,0.270965385069489
140.86,0.85,20.5577860938608,0.583735381432347,0.899301906168515,0.644922310484165,0.26942531209577
140.87,0.85,20.5643269795575,0.58459450195305,0.897853594784908,0.643174946320121,0.266727725211278
140.88,0.85,20.5707337076148,0.583223828333584,0.898640974244173,0.643721808436371,0.269730817802392
140.89,0.85,20.5770072665141,0.585158593796713,0.897914320148406,0.644924977878838,0.268528512602311
140.9,0.85,20.5831486801406,0.583124666153614,0.900047468133373,0.644008487761964,0.270619311189416
140.91,0.85,20.589159007301,0.585130332503459,0.898279816959978,0.645763898166245,0.271409002726294
140.92,0.85,20.5950393412281,0.58270433190271,0.899165667091033,0.647970348423474,0.270361715583901
140.93,0.85,20.6007908090755,0.582211423652475,0.898465443645393,0.645383044086379,0.2719462762724
140.94,0.85,20.6064145714009,0.583343633822957,0.896278399340688,0.642429172260256,0.270784327837637
140.95,0.85,20.6119118216385,0.58571531434139,0.90057515316287,0.643953171767214,0.268406139416304
140.96,0.85,20.6172837855604,0.58058503457868,0.898108367333153,0.644879238595704,0.271020328499171
140.97,0.85,20.6225317207276,0.582096170570307,0.90114646934531,0.645587558210715,0.268891999042522
140.98,0.85,20.6276569159305,0.583395687646915,0.899288504176249,0.6443758485678,0.269866925305725
140.99,0.85,20.6326606906183,0.583367755610148,0.898979146824156,0.646369075268838,0.268538427357106
141,0.85,20.637544394319,0.583144338166513,0.901060523480721,0.645638327304858,0.268820468470161
141.01,0.85,20.6228655566576,0.584174375552229,0.901356293947018,0.644366235031659,0.268616780021737
141.02,0.85,20.5512441776659,0.584669688835436,0.903342124939666,0.646519305329874,0.270483978362397
141.03,0.85,20.520917304395,0.58541212916607,0.899780640481692,0.643287660658821,0.26892954293623
141.04,0.85,20.5031071988289,0.583496530796527,0.902962220229216,0.646285703084359,0.272498130772099
141.05,0.85,20.4874390883411,0.58574450987396,0.900256984924273,0.647047202433805,0.269256164025757
141.06,0.85,20.4716307052678,0.583278335270088,0.900908316254739,0.645742150699565,0.272157607872086
141.07,0.85,20.4552445664954,0.58488851828212,0.904343261360865,0.647213214607977,0.268530220043886
141.08,0.85,20.438208250073,0.588229795182238,0.902625033219822,0.646320337961004,0.269814544963405
141.09,0.85,20.4205181951274,0.584439017499591,0.904842437492001,0.646862191959462,0.269915612224866
141.1,0.85,20.402183687531,0.587675228259889,0.905622134130728,0.645582704077649,0.269192966491154
141.11,0.85,20.3832165017998,0.585000715311662,0.905242713222289,0.644511997282466,0.271568363263649
141.12,0.85,20.3636289995434,0.584789797905432,0.903719313891048,0.646839792411979,0.272644924804278
141.13,0.85,20.3434337763865,0.588214819654451,0.907197660415135,0.646696877910313,0.268262211067077
141.14,0.85,20.3226435908036,0.588202332122078,0.905423561068384,0.646977212455701,0.273441553128803
141.15,0.85,20.3012713440981,0.586648005234471,0.90491248714369,0.646268216342155,0.270703349855803
141.16,0.85,20.2793300696365,0.586956393925001,0.903579939963286,0.645531407325057,0.269178261105266
141.17,0.85,20.2568329237529,0.586035530960158,0.902681239820569,0.64573568311551,0.27005589324964
141.18,0.85,20.2337931769633,0.585592803415058,0.907282842579522,0.647531411839829,0.271133707570725
141.19,0.85,20.2102242052466,0.590054051214009,0.905581798362809,0.646557845137226,0.270632024482854
141.2,0.85,20.1861394813573,0.589299346186323,0.905036003858919,0.646290671681655,0.270009511016237
141.21,0.85,20.1615525661675,0.588609661468127,0.903905559571842,0.645506736644861,0.270441901754778
141.22,0.85,20.1364771000445,0.58816498127955,0.904490367114831,0.649716648364627,0.270070290784355
141.23,0.85,20.1109267942713,0.588538408697597,0.907303093046989,0.648778363476268,0.269554008926284
141.24,0.85,20.0849154225148,0.590316426442725,0.905008633585548,0.647467574273876,0.270731915363213
141.25,0.85,20.0584568123506,0.590980230685531,0.907277373206791,0.64808171486811,0.269318117175007
141.26,0.85,20.0315648368481,0.592780351317939,0.903573155382874,0.647765639673919,0.271124100771566
141.27,0.85,20.0042534062247,0.59087345813122,0.907116016870702,0.650037091169289,0.271433867180064
141.28,0.85,19.976536459573,0.592280190044661,0.904673000660093,0.649082756610422,0.269364949549998
141.29,0.85,19.9484279566675,0.590400521725059,0.905827690380896,0.648525155627962,0.270685476262676
141.3,0.85,19.9199418698568,0.592568082969356,0.908584839283103,0.649239920129575,0.268573821557161
141.31,0.85,19.8910921760452,0.592031438564118,0.906749988195671,0.648053357300195,0.268080210063333
141.32,0.85,19.8618928487707,0.593770495571775,0.905853994113377,0.650010703771421,0.267840892567843
141.33,0.85,19.8323578503825,0.592401112999047,0.906598631026941,0.654082367490501,0.271406177506268
141.34,0.85,19.8025011243234,0.593592968970585,0.907260342319587,0.650484877625264,0.268984843171818
141.35,0.85,19.7723365875224,0.592405237634317,0.906382271257851,0.649134096666066,0.268124717188625
141.36,0.85,19.741878122899,0.593795151554654,0.907187589039998,0.648838685826507,0.268609935483679
141.37,0.85,19.7111395719875,0.593931684723218,0.90845849532692,0.648421778231594,0.269391537362464
141.38,0.85,19.6801347276797,0.59284241423737,0.908875662382149,0.649276033020076,0.270767222648303
141.39,0.85,19.6488773270946,0.592905523306197,0.908014171868993,0.651365602115514,0.270488007720045
141.4,0.85,19.6173810445748,0.593839117249955,0.909025028339389,0.648849109549011,0.270568728575597
141.41,0.85,19.5856594848146,0.596044790255795,0.9081374922881,0.652049355842535,0.269767496653309
141.42,0.85,19.5537261761216,0.596650958889116,0.910509373819169,0.651272740383652,0.271800299895525
141.43,0.85,19.5215945638147,0.596795202839723,0.908525860564658,0.652027562616033,0.270783566218471
141.44,0.85,19.4892780037617,0.596405399041808,0.90869947337337,0.649200062993447,0.271512759796429
141.45,0.85,19.456789756057,0.59623352752258,0.910162090945833,0.652952589744107,0.270962284894089
141.46,0.85,19.4241429788435,0.597703296262909,0.909991573328742,0.651446266942136,0.27190084395084
141.47,0.85,19.3913507222773,0.597479686099611,0.910355924269983,0.649864775161343,0.269622929993736
141.48,0.85,19.3584259226413,0.599287279168112,0.90891267184479,0.652048096808437,0.270658050084185
141.49,0.85,19.3253813966038,0.597376958983917,0.908152863397943,0.652218474465533,0.27080966780403
141.5,0.85,19.2922298356275,0.596211464806997,0.910237252774641,0.651543698371517,0.271939560409306
141.51,0.85,19.2589838005272,0.598420470261441,0.911322613681432,0.651961265478212,0.27104938598992
141.52,0.85,19.2256557161784,0.598692914198404,0.911233899967563,0.648333806448875,0.270932877240317
141.53,0.85,19.1922578663763,0.600277970293921,0.910080717114346,0.647791802454224,0.270700925451517
141.54,0.85,19.158802388846,0.602176315229153,0.911806011705999,0.651621386026205,0.269264977817228
141.55,0.85,19.1253012704044,0.60024261153543,0.911116247163727,0.655502768597011,0.267788034699837
141.56,0.85,19.0918106815974,0.60048441008768,0.911953166400225,0.6547524469254,0.270352769184082
141.57,0.85,19.0590561071722,0.600890602340978,0.910885209389024,0.654270414424408,0.269062557892868
141.58,0.85,19.026748254004,0.601227247965444,0.912143007690582,0.651581414638594,0.269049422784796
141.59,0.85,18.9945362989528,0.597946305410778,0.910969164601973,0.650686174975472,0.270630181628045
141.6,0.85,18.9623502261736,0.602926463699256,0.911777777132007,0.652380749012419,0.270791743186863
141.61,0.85,18.9301870055271,0.600839809040388,0.913009221019081,0.654009952807294,0.270548571170175
141.62,0.85,18.8980550375598,0.600772071507915,0.910018284116458,0.655249576793284,0.267855180621717
141.63,0.85,18.8659643006855,0.600467714960477,0.913452357083499,0.65215553699037,0.270147273509133
141.64,0.85,18.8339248395333,0.603093367368497,0.911436843148632,0.650911191341335,0.271703002060023
141.65,0.85,18.801946548942,0.60425765151363,0.911410368716811,0.654839950768676,0.270808034991853
141.66,0.85,18.7700391424355,0.60147485167399,0.911071469302614,0.654052409804649,0.271104353946733
141.67,0.85,18.7382121455811,0.604119993703033,0.912749987520417,0.654665762068547,0.273344223401486
141.68,0.85,18.7064748926565,0.606752600817524,0.912164629273535,0.653146028687015,0.267558664615327
141.69,0.85,18.6748365238415,0.604946059349586,0.909989596712792,0.65439947785166,0.270749139447278
141.7,0.85,18.6433059825848,0.606392090032025,0.912068595378307,0.653249246217076,0.269897261608484
141.71,0.85,18.6118920131037,0.605741944514392,0.913253350680424,0.655912688439375,0.270638655781773
141.72,0.85,18.5806031580089,0.60663535491887,0.914802079788791,0.655901738844036,0.267340949088541
141.73,0.85,18.5494477560535,0.607506489614104,0.913606356871387,0.65585383582409,0.27006979096232
141.74,0.85,18.5184339400022,0.607591848155458,0.912128270911438,0.654000497351379,0.269708566052513
141.75,0.85,18.4875696346215,0.60367585300681,0.91459337722843,0.656786158271719,0.270888421784131
141.76,0.85,18.4568625547856,0.60578247859786,0.915059265652933,0.656870765046882,0.273467125304773
141.77,0.85,18.4263202036991,0.609415046140739,0.915393397345519,0.653836587947372,0.267170403307221
141.78,0.85,18.3959498712321,0.610366426542302,0.913304490972279,0.656016364819894,0.271328301404392
141.79,0.85,18.365758632367,0.609736165022987,0.914836044280467,0.656134871223783,0.271574926716576
141.8,0.85,18.3357533457534,0.608436396425247,0.913847181061623,0.656355605149503,0.272759858193126
141.81,0.85,18.3059406523715,0.607636325009028,0.914458652733176,0.658032676447403,0.269119669781703
141.82,0.85,18.276326974298,0.608271935447978,0.913237283323907,0.654144662497088,0.269998187915213
141.83,0.85,18.2469185135766,0.610049103541038,0.915508671429042,0.653311207172318,0.271386243690014
141.84,0.85,18.2177212511872,0.609035447592483,0.914925693472753,0.654850654185751,0.270543987411304
141.85,0.85,18.188740946114,0.611408068962968,0.916393719400791,0.65412485097166,0.271458174841255
141.86,0.85,18.1599831345094,0.612563403043521,0.915311708228841,0.655027636406859,0.268100375719105
141.87,0.85,18.1314531289511,0.612153145297909,0.914222952605712,0.657435899728823,0.269423450569366
141.88,0.85,18.1031560177916,0.610414374133364,0.914917946357361,0.654270769970939,0.271650586583148
141.89,0.85,18.0750966645965,0.612256744571493,0.916247033853791,0.655054129081952,0.268775659760826
141.9,0.85,18.04727970767,0.61405852892747,0.913438735059546,0.656452842711389,0.269421726909489
141.91,0.85,18.0197095596663,0.613135814355416,0.916044394627237,0.655824332668774,0.2728524333989
141.92,0.85,17.9923904072835,0.611377768263663,0.916310787924416,0.658153466955484,0.269460448096569
141.93,0.85,17.9653262110387,0.610841489950182,0.914060984440585,0.658895939694991,0.270512902524312
141.94,0.85,17.9385207051225,0.61251694659524,0.916756812324557,0.656769657971106,0.267387109771006
141.95,0.85,17.9119773973304,0.612532369610661,0.916105962956358,0.659087764330277,0.269649874671855
141.96,0.85,17.8856995690698,0.613011832938504,0.916269119918254,0.656681729691557,0.268323401524469
141.97,0.85,17.8596902754399,0.615066136026334,0.913510319171331,0.656449915326458,0.272078252783852
141.98,0.85,17.833952345384,0.613053488419771,0.916148502741086,0.656981900510156,0.272071693126122
141.99,0.85,17.808488381911,0.615214064032015,0.915160545237455,0.655966083452951,0.268827614280181
142,0.85,17.7833007623855,0.616942160710957,0.916433895748954,0.659509946858681,0.268425532392318
142.01,0.85,17.7583916388843,0.613258281692972,0.91591635549979,0.656806869361537,0.272273592394582
142.02,0.85,17.7337629386183,0.615158878771656,0.917976380725769,0.656542360804739,0.269488373885315
142.03,0.85,17.7094163644172,0.616915978988241,0.917877077942743,0.657329113529042,0.269741289472973
142.04,0.85,17.6853533952773,0.614421683065496,0.917072241872699,0.656674259448236,0.270429582682079
142.05,0.85,17.6615752869691,0.617209516206151,0.916005406215118,0.65650011458146,0.272382109109494
142.06,0.85,17.6380830727049,0.616978216019033,0.915286133731344,0.656884561312159,0.270648314361823
142.07,0.85,17.6148775638645,0.615272862964799,0.918619825960933,0.655290081475721,0.2715685926516
142.08,0.85,17.5919593507779,0.614953709136221,0.916497527144858,0.654487580090912,0.269454981308701
142.09,0.85,17.5693288035641,0.617921189812528,0.915857934544456,0.655814764528779,0.270927376272074
142.1,0.85,17.5469860730244,0.61762993885282,0.918436996964071,0.656121944990411,0.270827442884219
142.11,0.85,17.5249310915911,0.618925849838436,0.916711776688586,0.656949299649003,0.269469220305607
142.12,0.85,17.5031635743275,0.618509810865973,0.917039670670186,0.658608970988994,0.270956682417468
142.13,0.85,17.4816830199818,0.617676087612079,0.915802310210914,0.658782649605296,0.269818282863903
142.14,0.85,17.4604887120924,0.620337750596293,0.916852837002129,0.656100402842296,0.269660104527792
142.15,0.85,17.4395797201435,0.619514608361045,0.91749223452299,0.658056113896216,0.270030232917533
142.16,0.85,17.4189549007723,0.619468958100759,0.918919089425508,0.656812162554816,0.270939480875764
142.17,0.85,17.3986128990256,0.620954746435365,0.918948792260995,0.658385867827543,0.269030330777465
142.18,0.85,17.3785521496664,0.621531001050217,0.918966450314585,0.656994515953956,0.271236267709912
142.19,0.85,17.3587708785291,0.621928118423219,0.918839902064536,0.65723449784631,0.266642515506792
142.2,0.85,17.3392671039249,0.622042857954049,0.916448312172208,0.654510592679788,0.269080994737298
142.21,0.85,17.3200386380949,0.622508105082494,0.915158117807809,0.658552188766802,0.270944767550688
142.22,0.85,17.3010830887125,0.625218092386022,0.916943824688977,0.657267753745048,0.271309331473696
142.23,0.85,17.2823978604345,0.616682331157165,0.917072135016096,0.655474662182596,0.270137603502031
142.24,0.85,17.2639801565009,0.619900422149062,0.920555200944694,0.657971090651411,0.270099534960635
142.25,0.85,17.2458269803825,0.620446676192746,0.917209644420775,0.65642047865353,0.269066182726029
142.26,0.85,17.2279351374792,0.622733933297668,0.921390242857408,0.657762924007432,0.27157449291793
142.27,0.85,17.2103012368657,0.621234992478603,0.919013818070393,0.656897802779795,0.267603665179368
142.28,0.85,17.1929216930872,0.62100974028907,0.920939607692884,0.659228153284514,0.268532331122385
142.29,0.85,17.175792728005,0.623114326182517,0.917194984486283,0.657274239545382,0.268947734101297
142.3,0.85,17.1589103726921,0.622218660518313,0.918876039185319,0.655609456500432,0.270098119838816
142.31,0.85,17.1422704693784,0.624205245910208,0.919557945828799,0.656710691099396,0.270504426010281
142.32,0.85,17.1258686734476,0.622073454770629,0.918108158530128,0.657658480000261,0.269942015057602
142.33,0.85,17.109700455486,0.623559133554809,0.9180600376986,0.657137737962701,0.270737203355688
142.34,0.85,17.0937611033816,0.62335513785284,0.918134678370123,0.657108167146579,0.270319194320581
142.35,0.85,17.0780457244778,0.6241357916988,0.921617962298818,0.65662142012318,0.26986554211291
142.36,0.85,17.0625492477784,0.625507754790862,0.916845590429299,0.656406895362633,0.268814009698263
142.37,0.85,17.0472664262083,0.62435609132766,0.919072425516721,0.65773162569979,0.270369294053397
142.38,0.85,17.0321918389269,0.624023441754271,0.917420848187892,0.654531209136051,0.269934409599897
142.39,0.85,17.0173198936987,0.625823070882426,0.917644212302874,0.656241263724168,0.267911445512236
142.4,0.85,17.002644829318,0.625544739731072,0.918605862759233,0.656724554053777,0.27062151911053
142.41,0.85,16.9881607180922,0.624480411429638,0.918922072488158,0.655258980340722,0.268871155343104
142.42,0.85,16.9738614683812,0.625390744475189,0.919562121813586,0.656723378211801,0.270439591902585
142.43,0.85,16.9597408271963,0.624841571276213,0.918250693722521,0.654677312001653,0.27148608930191
142.44,0.85,16.9457923828572,0.62532407096088,0.917592278507749,0.657162328504934,0.27081471939175
142.45,0.85,16.9320095677099,0.62654456656845,0.919454407657314,0.656436505043866,0.270094587360032
142.46,0.85,16.9183856609048,0.628471678248386,0.918674871951807,0.654519330728831,0.269187430488145
142.47,0.85,16.9049137912365,0.623688177461384,0.9198130842237,0.6560296185239,0.269789872860558
142.48,0.85,16.8915869400459,0.623679304391487,0.918488031307878,0.655582956066749,0.270126547601288
142.49,0.85,16.8783979441855,0.628211001524453,0.918958600079746,0.657392564061114,0.270717836676296
142.5,0.85,16.8653394990484,0.623737516476962,0.920407767686992,0.653866320764381,0.268252732535134
142.51,0.85,16.8524041616622,0.626212869771016,0.920246641741801,0.653939553229828,0.269905311853599
142.52,0.85,16.8395843538475,0.629772919862018,0.918413258167629,0.652270307304,0.270874938452307
142.53,0.85,16.8268723654436,0.625674348673629,0.918573836668957,0.654863200425487,0.270578757994349
142.54,0.85,16.8142603575994,0.623640734540205,0.917125163332305,0.657561012866557,0.267249579603555
142.55,0.85,16.8017403661327,0.626676852353774,0.918253972546971,0.656183962312601,0.269858714396437
142.56,0.85,16.7893043049564,0.629689265553082,0.916548709390178,0.65572770121321,0.271747066421694
142.57,0.85,16.7769439695738,0.627347647165291,0.916236494634779,0.655705564152388,0.268157992504451
142.58,0.85,16.7646510406421,0.627728237215999,0.917542390585624,0.655281420769852,0.269048975547287
142.59,0.85,16.7524170876052,0.627877183667015,0.921710020179471,0.653764473580962,0.269803021643403
142.6,0.85,16.740233572396,0.628847894158036,0.915382120871963,0.655997340290954,0.26867438326868
142.61,0.85,16.728091853209,0.6277392877003,0.922265297044018,0.655233505643452,0.267500991406479
142.62,0.85,16.7159831883417,0.629140289953001,0.920733025805511,0.654464443403841,0.272208274074409
142.63,0.85,16.7038987401077,0.629843831448162,0.918353901754386,0.653989525162419,0.272160257548672
142.64,0.85,16.6918295788188,0.629325066573893,0.919567776960358,0.652956183639934,0.2685651064908
142.65,0.85,16.6797666868379,0.629059104644802,0.920271338798682,0.653297903078872,0.266498650740569
142.66,0.85,16.667700962702,0.62901256586611,0.918343425394189,0.656521043955585,0.269299912773427
142.67,0.85,16.6556232253145,0.629933836143073,0.919939528187519,0.65291593343294,0.269359222253539
142.68,0.85,16.6435242182083,0.629580475287922,0.917353547614797,0.65219251127653,0.269573956196284
142.69,0.85,16.6313946138771,0.631635891822631,0.91915149076711,0.655079597365731,0.271647888143461
142.7,0.85,16.6192250181757,0.62992807058036,0.918568881155897,0.653074579275453,0.270577991335407
142.71,0.85,16.6070059747894,0.630149916943257,0.919708081796933,0.654183369674949,0.270836248125854
142.72,0.85,16.5947279697696,0.631528157331481,0.919331442066194,0.652737496742716,0.270671125669586
142.73,0.85,16.5823814361373,0.629553156845184,0.91694280292328,0.65405526093971,0.270732049020456
142.74,0.85,16.5699567585518,0.628886583994814,0.917023828302007,0.652663407039836,0.2694686595117
142.75,0.85,16.5574442780445,0.630460308074738,0.919956719181746,0.651566430734996,0.267805752517634
142.76,0.85,16.5448342968167,0.629723651771036,0.917448093225474,0.652581237872045,0.271029396550013
142.77,0.85,16.5321170830996,0.62854584084176,0.921076140847192,0.653266076411173,0.270923673912689
142.78,0.85,16.519282876075,0.631725271012225,0.918572173548021,0.656484780578079,0.270594605294901
142.79,0.85,16.506321890857,0.632023278116176,0.919098502342076,0.653224033133068,0.2690524163542
142.8,0.85,16.4932243235305,0.630710296066323,0.918154017279213,0.652950049104203,0.271706640380619
142.81,0.85,16.4799803562466,0.630385368093823,0.918287365791237,0.651284804584901,0.271898260498754
142.82,0.85,16.4665801623723,0.630383325953196,0.918152701402412,0.651170476849846,0.273179312977961
142.83,0.85,16.4530139116932,0.633220837833943,0.91705825788779,0.653055782683089,0.269176259704811
142.84,0.85,16.4392717756656,0.629853522034807,0.918176141624167,0.650844217112109,0.269193985191346
142.85,0.85,16.4253439327182,0.634428844962774,0.91815971390757,0.650624841916172,0.272410068512384
142.86,0.85,16.411220573598,0.63380770820344,0.917758081260783,0.651269490538531,0.270464574043776
142.87,0.85,16.3968919067611,0.634822390460884,0.916503094110393,0.653314252028721,0.269346532596674
142.88,0.85,16.3823481638029,0.633628049309481,0.916570953003151,0.649692122535723,0.266956906162703
142.89,0.85,16.367579604927,0.631750395328984,0.916284191317135,0.649107654131782,0.269543371840835
142.9,0.85,16.3525765244491,0.637802194313777,0.916822884835231,0.65058694273373,0.271041248215802
142.91,0.85,16.3373292563326,0.636363285788071,0.914785602159648,0.64913339038351,0.268357641002703
142.92,0.85,16.3218281797535,0.635031848062606,0.918845098819122,0.64880870804753,0.270207539397626
142.93,0.85,16.3060637246914,0.632828825277713,0.91892847560153,0.650396551752034,0.272501018842663
142.94,0.85,16.2900263775415,0.633666918914141,0.918237444786605,0.648773932767393,0.269992087262107
142.95,0.85,16.2737066867472,0.635437698184858,0.917371699906181,0.649165069749052,0.2720046698301
142.96,0.85,16.2570952684466,0.635341635225613,0.914679378483508,0.648879842891952,0.267973894140373
142.97,0.85,16.2401828121311,0.635834740898033,0.915922040218224,0.648578851149199,0.268364851691329
142.98,0.85,16.2229600863119,0.635168521514147,0.916748645592733,0.64742581884209,0.268327959615775
142.99,0.85,16.2054179441895,0.635267640121634,0.915795715998984,0.647178408263576,0.269857247014625
143,0.85,16.1875473293241,0.63728376275952,0.915886936548851,0.649160518893169,0.268748494756187
143.01,0.85,16.1693392813002,0.636011070851315,0.916915633444888,0.650418194281051,0.266370236847432
143.02,0.85,16.150784941384,0.639060226421234,0.917447722276758,0.647528209021738,0.269063476661067
143.03,0.85,16.1318755581666,0.638935731321655,0.916460679580585,0.646952226038215,0.272513624396394
143.04,0.85,16.1126024931902,0.639910430344976,0.914385737633099,0.64861780750236,0.268552117648146
143.05,0.85,16.0929572265531,0.640248517788552,0.915296669055229,0.649706168825985,0.269351147908318
143.06,0.85,16.0729313624869,0.639548806099639,0.916124206643924,0.646230262192622,0.271095509808886
143.07,0.85,16.0525166349038,0.638108453622779,0.915507294410717,0.648462357581001,0.270255418402511
143.08,0.85,16.0317049129074,0.636591858203366,0.918300590837454,0.648570860862761,0.271674907088495
143.09,0.85,16.0104882062628,0.638664699548889,0.915279019023449,0.647499126454976,0.268931432476747
143.1,0.85,15.9888586708217,0.637823978790165,0.914994626483736,0.648343723847153,0.270437877451771
143.11,0.85,15.9668086138968,0.638387550911312,0.91494949035273,0.651691186247158,0.267363658857277
143.12,0.85,15.9443304995812,0.641412563010941,0.91497058612637,0.649599300983393,0.269335100100911
143.13,0.85,15.9214169540072,0.638937910978061,0.914026732314865,0.64554264019689,0.267976938109651
143.14,0.85,15.8980607705405,0.639777235714297,0.91617291006249,0.647609215668598,0.272614258246002
143.15,0.85,15.8742549149034,0.640015554381229,0.913612032525748,0.647460612677066,0.269479725961011
143.16,0.85,15.8499925302234,0.640771442265055,0.917140452930591,0.647038168961042,0.268301758979077
143.17,0.85,15.8252669420015,0.638941432792218,0.913199951588913,0.646966765342012,0.26865674847714
143.18,0.85,15.8000716629948,0.642990878595073,0.916663238025967,0.645719102258928,0.270150366428988
143.19,0.85,15.7744003980089,0.643098625528896,0.917613470229936,0.649049049839588,0.26992422652504
143.2,0.85,15.7482470485957,0.642283759814924,0.915621218165007,0.645363579224786,0.270870185850386
143.21,0.85,15.7216057176496,0.642903393759674,0.91493710770603,0.646614783099051,0.273699082637475
143.22,0.85,15.6944707138998,0.642118710767095,0.910876362137648,0.646715408076127,0.27170610878045
143.23,0.85,15.6668365562916,0.643389847542452,0.915187067214467,0.647010343246549,0.268831553013506
143.24,0.85,15.6386979782533,0.643968691004557,0.913087423045125,0.647337598984863,0.269977799691811
143.25,0.85,15.6100499318423,0.643287138822838,0.915223626123676,0.644323044890539,0.271084614859429
143.26,0.85,15.5808875917682,0.644355949741803,0.914031268165142,0.647344098813279,0.27037544038584
143.27,0.85,15.5512063592854,0.644902811106458,0.914634398444697,0.645444721341024,0.270239004016693
143.28,0.85,15.5210018659526,0.64542199427214,0.911147691861841,0.644683334655226,0.269704866328422
143.29,0.85,15.490269977254,0.646007565725484,0.912956280910809,0.644995792076406,0.26982019099933
143.3,0.85,15.4590067960773,0.645646322859105,0.911773894469623,0.647166661118318,0.267133119779198
143.31,0.85,15.4272086660459,0.645329181295616,0.910641443729255,0.644967491663536,0.272477339018514
143.32,0.85,15.3948721746985,0.6443452979129,0.911204566691513,0.644540704239667,0.271201202094392
143.33,0.85,15.3619941565149,0.649027133351553,0.910745550249746,0.644225737455893,0.268381785880024
143.34,0.85,15.3285716957822,0.645009761140042,0.912951104126,0.644361300801983,0.27320104703057
143.35,0.85,15.2946021292977,0.649071600692827,0.913103507287504,0.645685134645531,0.269510050914899
143.36,0.85,15.2600830489058,0.647063021050764,0.912304677375464,0.643845595318472,0.269590227088467
143.37,0.85,15.225012303865,0.647952421520505,0.91235199526158,0.644296279252801,0.268461251218588
143.38,0.85,15.1893880030411,0.650119668766497,0.91128944592292,0.644234847988075,0.270184823067699
143.39,0.85,15.1532085169241,0.649338837689009,0.911541981114647,0.644980719532364,0.268877371856004
143.4,0.85,15.1164724794659,0.64950762120669,0.913124832913336,0.645186496433197,0.270510809806877
143.41,0.85,15.079178789735,0.652339871811625,0.909925076161193,0.646375771159316,0.271802739415597
143.42,0.85,15.0413266133871,0.651595268949147,0.910383841631819,0.643441291033641,0.270485829901969
143.43,0.85,15.0029153839473,0.65205516829131,0.91486553039976,0.642941717091779,0.271392161154525
143.44,0.85,14.9639448039038,0.652744531878794,0.910225464890737,0.643906696711707,0.272064162159829
143.45,0.85,14.9244148456088,0.653275741877605,0.912596563316092,0.642830968973327,0.267698180934442
143.46,0.85,14.8843257519866,0.653746445888537,0.91070981227716,0.645932902067678,0.270488431003082
143.47,0.85,14.8436780370465,0.65291752934329,0.912543588896094,0.643189927795209,0.27219168914126
143.48,0.85,14.8024724861984,0.655424847377594,0.910514417119691,0.641520773749125,0.269856083466019
143.49,0.85,14.7607101563716,0.653684960764485,0.912232084261429,0.644101597331998,0.268618131988359
143.5,0.85,14.7183923759342,0.654189804158411,0.909658273260186,0.643852401558608,0.270033634413084
143.51,0.85,14.6755207444133,0.653796090908336,0.910289145721685,0.644122393714528,0.269601253766947
143.52,0.85,14.632097132015,0.657159204840512,0.911512845696063,0.644073112146119,0.267740444278345
143.53,0.85,14.5881236789442,0.655389460758959,0.909477535779909,0.642799306331857,0.269885087347173
143.54,0.85,14.543602794524,0.659170405428807,0.909854365380921,0.644401169280675,0.270856577110101
143.55,0.85,14.4985371561152,0.657979080078314,0.911473024722182,0.643246456060739,0.269585774749318
143.56,0.85,14.4529297078352,0.658645291047658,0.907537966345075,0.643730334863657,0.267337337685984
143.57,0.85,14.406783659079,0.657788497047675,0.909688712521163,0.645137063675974,0.268042155074005
143.58,0.85,14.360102482841,0.66127922601292,0.908364568976349,0.64565879307213,0.272358161438581
143.59,0.85,14.3128899138402,0.660779199583515,0.907750948703256,0.64483911330588,0.269500546688766
143.6,0.85,14.2651499464491,0.659327135166532,0.908122068362172,0.642893429885597,0.268870652209121
143.61,0.85,14.2168868324298,0.66217593646281,0.9078918429762,0.642945513806029,0.269596849287033
143.62,0.85,14.1681050784759,0.663359484364383,0.907443874485249,0.643779667977653,0.269229729534343
143.63,0.85,14.1188094435659,0.662339775020139,0.907966396734398,0.641168418543913,0.27179678866996
143.64,0.85,14.0690049361273,0.660263636821097,0.909474810384114,0.641293868056574,0.269709024309724
143.65,0.85,14.0186968110167,0.662146756700601,0.908274110228361,0.644802047008465,0.269430100212166
143.66,0.85,13.9678905663156,0.66663090317581,0.908530544628439,0.640623010758838,0.270246169836008
143.67,0.85,13.916591939948,0.66557169884842,0.908335086109537,0.64276068213719,0.272072838968659
143.68,0.85,13.8648069061208,0.665359216887435,0.91003575907928,0.645066784063415,0.271540543124245
143.69,0.85,13.8125416715908,0.669272542483744,0.907458731881301,0.639817692698945,0.270452530618023
143.7,0.85,13.7598026717628,0.669112652473828,0.907002572047279,0.642033202608837,0.269186695478865
143.71,0.85,13.7065965666222,0.665951099159179,0.904912396190178,0.640174232825479,0.270134282723793
143.72,0.85,13.6529302365049,0.668927860303482,0.91012110343062,0.645425181048378,0.27099744946333
143.73,0.85,13.5988107777108,0.671123405591092,0.906037926423213,0.642725284214925,0.270021166603329
143.74,0.85,13.5442454979636,0.669907359891397,0.906047816351106,0.644141642287014,0.268572105392697
143.75,0.85,13.4892419117228,0.670433277170051,0.905088611232957,0.642390306952534,0.26996576005539
143.76,0.85,13.4338077353509,0.670905927775837,0.905045331743092,0.644905874078826,0.270134037237638
143.77,0.85,13.3779508821427,0.671654580614323,0.905523708368829,0.643973543358666,0.270085722904627
143.78,0.85,13.3216794572205,0.67498500078987,0.904751080892225,0.643112900174798,0.267371091927999
143.79,0.85,13.2650017523008,0.674121926158764,0.905459956870123,0.643726220322743,0.271676987666775
143.8,0.85,13.2079262403372,0.676255509171024,0.907123579897815,0.643017639884928,0.268726133065377
143.81,0.85,13.1504615700472,0.676748204690595,0.909541551311043,0.643942075981586,0.269620850318568
143.82,0.85,13.0926165603251,0.679261184322182,0.902469382240822,0.643099325696865,0.271621270015307
143.83,0.85,13.0344001945496,0.676863696282908,0.901257942133029,0.644527106423847,0.270315825400573
143.84,0.85,12.9758216147911,0.677191698784078,0.903638566107584,0.641783601964881,0.270337934638426
143.85,0.85,12.9168901159239,0.679196275977277,0.903636896363499,0.643319803955987,0.273602827795925
143.86,0.85,12.85761513965,0.681951912674862,0.903734885931713,0.643255598154462,0.268077451157862
143.87,0.85,12.7980062684412,0.681366861075562,0.902651575244006,0.642724979933415,0.268770490593082
143.88,0.85,12.7380732194045,0.681575129619369,0.906656419143991,0.642491488948657,0.27213017304336
143.89,0.85,12.6778258380775,0.684047169733772,0.903183636553572,0.644061418688695,0.272906713402575
143.9,0.85,12.6172740921609,0.683156734703474,0.90194935112089,0.64336185671113,0.26935408529848
143.91,0.85,12.5564280651934,0.684877343238127,0.902824102937658,0.645438898017397,0.271181060294224
143.92,0.85,12.4952979501754,0.685153287932582,0.899410108318135,0.642877695043257,0.270524322218494
143.93,0.85,12.4338940431493,0.687622993137047,0.901864992720432,0.644143966242521,0.267835776049859
143.94,0.85,12.3722267367412,0.685923974902265,0.90229485459346,0.643509011759617,0.271429138478203
143.95,0.85,12.3103065136711,0.68785300987784,0.906204785285809,0.644762177781674,0.26847148333272
143.96,0.85,12.2481439402381,0.688018944271219,0.900992860800847,0.642189458033723,0.270035276815371
143.97,0.85,12.1857496597875,0.689787749358465,0.901306136122608,0.644544348121225,0.270650718232482
143.98,0.85,12.1231343861646,0.689874855354398,0.902158552683805,0.643150715799129,0.270083908199217
143.99,0.85,12.0603088971636,0.692147125928157,0.903670003889087,0.644024166971298,0.271526332941039
144,0.85,11.9972840279769,0.691388103675029,0.900892103900635,0.643347626414977,0.271676531860416
144.01,0.85,11.9340706646501,0.695515134348239,0.900780570206389,0.644578966357786,0.26838354916495
144.02,0.85,11.8706797375513,0.696373696391312,0.898159197847581,0.642942811643712,0.27046541857947
144.03,0.85,11.807122214859,0.695030600701205,0.898843335371981,0.642831099945407,0.272005270268432
144.04,0.85,11.7434090960747,0.697369527665391,0.89929629231525,0.646736807122852,0.271336216698623
144.05,0.85,11.6795514055671,0.696885791727726,0.899777674224094,0.644913850976799,0.268054337113686
144.06,0.85,11.6155601861541,0.699708102327015,0.89936681612367,0.645045883034531,0.271168262278317
144.07,0.85,11.5514464927262,0.699067220063301,0.900736638056799,0.645096003527517,0.271088343797326
144.08,0.85,11.4872213859192,0.700919134969734,0.899653735706187,0.64575824290474,0.270123771072467
144.09,0.85,11.4220511331702,0.701024963427582,0.898451372365302,0.643788137919255,0.269934130320792
144.1,0.85,11.3554529758331,0.700821360525502,0.90060070266777,0.644553721594892,0.26861448267625
144.11,0.85,11.2884615608671,0.703067803720968,0.89909708310007,0.644548413437819,0.269054805843283
144.12,0.85,11.2213655390008,0.702643000306827,0.896384098085438,0.643612547759245,0.27196463172884
144.13,0.85,11.15421980294,0.704298260633908,0.897246006261609,0.645653702980603,0.271001267453606
144.14,0.85,11.0870411458004,0.702754187111237,0.896168991112482,0.644118142822528,0.267609822015397
144.15,0.85,11.0198415465045,0.708790839097591,0.89605635031051,0.646404938201341,0.272872600111873
144.16,0.85,10.9526324470191,0.708514029370113,0.897266415912859,0.645011739116307,0.268434740184528
144.17,0.85,10.8854251930712,0.709603978895976,0.898283624696022,0.642963712889235,0.27049829479147
144.18,0.85,10.818231064447,0.709317424496621,0.896848770221409,0.646485118720288,0.270913757640977
144.19,0.85,10.7510612709047,0.712406573350348,0.893926996990381,0.64407061179171,0.27083381124968
144.2,0.85,10.6839269464374,0.714599016093843,0.894876083840786,0.646606926882014,0.268293786934505
144.21,0.85,10.6168391437409,0.714287882594484,0.89328605040128,0.647560362227875,0.268590789358883
144.22,0.85,10.5498088288488,0.716848398182201,0.895042175025729,0.646496470392828,0.271679558046893
144.23,0.85,10.4828468759043,0.716077721345215,0.895777326646986,0.646100703118225,0.270886837530986
144.24,0.85,10.4159640620681,0.715434268747887,0.893029761173004,0.646901845172808,0.270916905091129
144.25,0.85,10.3491710625628,0.717790364056308,0.896199150833059,0.645990289523235,0.2676395575344
144.26,0.85,10.282478445858,0.719317809619667,0.894813641243963,0.647196302621581,0.271284807299266
144.27,0.85,10.2158966689971,0.718646905295981,0.896486179758027,0.645136441517416,0.270581583241758
144.28,0.85,10.1494360730704,0.721904264805849,0.893573518180498,0.647550710559485,0.269601330404538
144.29,0.85,10.0831068788343,0.725345697181508,0.893721621973474,0.646962175762408,0.26715434890107
144.3,0.85,10.0169191824805,0.723412425494432,0.892666749372534,0.64678433305266,0.270320643922865
144.31,0.85,9.95088295155598,0.725260516227832,0.892316536787677,0.644997712347678,0.268224039362429
144.32,0.85,9.88500802103538,0.724704434831187,0.892044491587002,0.648993149405166,0.268968769261333
144.33,0.85,9.81930408954756,0.729524787658882,0.890188930632204,0.647422084589996,0.269015675060921
144.34,0.85,9.75378071575712,0.731242922571605,0.893213692450089,0.648087672652234,0.26971030868845
144.35,0.85,9.68844731490191,0.728983105077966,0.89329792620787,0.649208991199847,0.268569371370858
144.36,0.85,9.62331315548692,0.73186873737658,0.891570172746172,0.64543546740498,0.269239983886491
144.37,0.85,9.55838735613604,0.733035145834264,0.890002795468106,0.647848331956881,0.269976246054169
144.38,0.85,9.49367888260083,0.732566556076464,0.89119302874589,0.648320430977962,0.271186568262429
144.39,0.85,9.42919654492693,0.735256409503362,0.891584525059768,0.649834885701005,0.268756468543336
144.4,0.85,9.36494899477849,0.736700421340295,0.89116668437896,0.650883030382189,0.268022159861482
144.41,0.85,9.30094472291958,0.735543766884196,0.890419935073658,0.649376652483389,0.272041581166801
144.42,0.85,9.23719205685235,0.736764863083595,0.892565969836421,0.647899952111281,0.268811106797922
144.43,0.85,9.17369915861177,0.738511717447769,0.890622750047407,0.649025918557463,0.269255865276734
144.44,0.85,9.11047402271584,0.74130252111376,0.887977051907392,0.649453029720648,0.268260273522416
144.45,0.85,9.04752447426969,0.740492251660098,0.889550882039341,0.648458285119397,0.269375349802238
144.46,0.85,8.9848581672236,0.74227002423323,0.889487478517748,0.651196598210539,0.271092817523236
144.47,0.85,8.92248258278295,0.746076835353107,0.889972848977839,0.649449497533682,0.270314931938805
144.48,0.85,8.86040502796821,0.746471229060335,0.889466019568437,0.652006611792883,0.26866289527318
144.49,0.85,8.79863263432432,0.748476654434795,0.888246179207484,0.649925016211556,0.266360924694378
144.5,0.85,8.73717235677735,0.751208284482855,0.887699405322265,0.650826453458735,0.268752757389566
144.51,0.85,8.67603097263587,0.747725159588429,0.891355773794785,0.649745382133091,0.271102236649452
144.52,0.85,8.61521508073576,0.75005468555519,0.889440851384849,0.64685379043347,0.269178456228389
144.53,0.85,8.55473110072655,0.752272788057771,0.886503761841595,0.65169477082995,0.269309283317077
144.54,0.85,8.49458527249566,0.752234567705216,0.887509400019112,0.649556313468456,0.270796952127428
144.55,0.85,8.43478365572955,0.755021202131569,0.887442960305222,0.652546018726374,0.267227555883692
144.56,0.85,8.37533212960872,0.754372092197848,0.885324535987459,0.650667305454987,0.27189805581049
144.57,0.85,8.3162363926337,0.753694208357971,0.887949641839364,0.652551848506165,0.271513093798683
144.58,0.85,8.2575019625794,0.757478944913554,0.887552378746764,0.651277634778128,0.269871857914434
144.59,0.85,8.19913417657573,0.760129376339897,0.885037802367818,0.650912384900274,0.272241241285458
144.6,0.85,8.14113819131037,0.761017744875657,0.884830251433482,0.649216715014694,0.269940212356902
144.61,0.85,8.08351898335154,0.763500511772134,0.887529142606007,0.653830086773626,0.270006420153193
144.62,0.85,8.02628134958781,0.761868712830974,0.886061485548792,0.653179511708963,0.27138895372281
144.63,0.85,7.96942990778125,0.766443697246941,0.886037123577336,0.652621986598235,0.271824995533896
144.64,0.85,7.912969097231,0.76422849560589,0.886251457272163,0.649523398558437,0.268953664880667
144.65,0.85,7.85690317954429,0.767607261367248,0.886943817428352,0.651604982378185,0.270254872844947
144.66,0.85,7.80123623951148,0.768890732461443,0.886437903858719,0.652742535386426,0.270825359247199
144.67,0.85,7.74597218608117,0.768217556570344,0.885085946696816,0.65016987749935,0.272823596813115
144.68,0.85,7.69111475343335,0.772425040274634,0.885014086973235,0.649826307680948,0.269285101043222
144.69,0.85,7.63666750214592,0.769040975600009,0.882800294131717,0.653932269955846,0.270734413659443
144.7,0.85,7.58263382045174,0.774786432662356,0.885290240910667,0.651005848610183,0.268672580398709
144.71,0.85,7.52901692558278,0.773841616244259,0.884776526808192,0.655829980337514,0.269030230757159
144.72,0.85,7.47581986519799,0.776483116036277,0.885990588158662,0.652171054410567,0.270530619659834
144.73,0.85,7.42304551889087,0.775491543354611,0.882299710217047,0.652415965342813,0.271954672851995
144.74,0.85,7.37069659977396,0.778404931567398,0.881740702055916,0.653334338942953,0.272558226050284
144.75,0.85,7.31877565613679,0.778491765746939,0.882612813813366,0.651254752272351,0.272002745124677
144.76,0.85,7.26728507317289,0.779544815602824,0.882695290824315,0.654247311704846,0.268437011421584
144.77,0.85,7.21622707477351,0.781629604626308,0.879954982502951,0.650805232020827,0.268864183764273
144.78,0.85,7.16560372538435,0.782715011541754,0.883316653568122,0.65275229400201,0.271512316330125
144.79,0.85,7.11541693192127,0.784354755188874,0.882725216570388,0.653158020539998,0.269594912991399
144.8,0.85,7.06566844574223,0.785245783628438,0.880356747244686,0.655227646285574,0.266742424549324
144.81,0.85,7.01635986467229,0.785760861764997,0.877208890196201,0.651683792777466,0.271447466542209
144.82,0.85,6.96749263507736,0.788181437186407,0.880936613108526,0.652210054181293,0.268011744782114
144.83,0.85,6.9190680539844,0.786930962721761,0.878032111187335,0.654528816358674,0.270898871202218
144.84,0.85,6.87108727124455,0.790976656305082,0.878751566714164,0.653297616495083,0.270285400294347
144.85,0.85,6.82355129173553,0.793134776952477,0.877695173299649,0.653202830474554,0.267176097853435
144.86,0.85,6.7764609776007,0.794329015241697,0.878833622091584,0.656566964739467,0.269573215717453
144.87,0.85,6.72981705052161,0.795628835851843,0.879505767663156,0.654640291288798,0.271485398087514
144.88,0.85,6.68362009402066,0.79475552703407,0.877686369794997,0.653706386953919,0.271144666214337
144.89,0.85,6.63787055579094,0.795914432581294,0.877113596081804,0.657063020134139,0.270765319702473
144.9,0.85,6.59256875005084,0.796011917806573,0.877440359506627,0.652893061058932,0.269004982728992
144.91,0.85,6.54771485991973,0.800858943244255,0.877427565425363,0.655701252854156,0.268522716294943
144.92,0.85,6.50330893981246,0.801308836528452,0.876459137678279,0.653644939128105,0.270012178897702
144.93,0.85,6.45935091784969,0.799456197899725,0.87456186493195,0.655093651273852,0.272516904807251
144.94,0.85,6.41584059828173,0.802890797573418,0.875737982942589,0.65738886655694,0.269713198373784
144.95,0.85,6.37277766392238,0.803549830715854,0.875681538626816,0.656288423920549,0.272219948849057
144.96,0.85,6.33016167859134,0.80661567836281,0.876176885094832,0.656737791136836,0.270563764506978
144.97,0.85,6.28799208956212,0.804876294288695,0.874614343878354,0.653901306558136,0.268566550161781
144.98,0.85,6.24626823001271,0.80723459091194,0.87467882110093,0.656550906056069,0.268318893840089
144.99,0.85,6.20498932147753,0.807117908680964,0.875807444156822,0.656247034891295,0.271252020594833
145,0,6.16415447629792,0.806001051569886,0.874917450353256,0.654764481491408,0.270301966837663
145.01,0,6.12376270006873,0.809002799958417,0.875586598969139,0.65289929907755,0.271656126895772
145.02,0,6.08381289407936,0.810712557181478,0.873953258337601,0.656931962040331,0.270471637308696
145.03,0,6.04430385774741,0.810557786382812,0.874517325499679,0.653721717907954,0.269874009481598
145.04,0,6.00523429104204,0.81262218106256,0.872005248950252,0.656689477520454,0.270280567991479
145.05,0,5.96660279689626,0.816295092209392,0.873258959553598,0.657819591654687,0.270454617473084
145.06,0,5.92840788360581,0.817425214579882,0.871947976858241,0.655751773086741,0.26940256736618
145.07,0,5.89064796721292,0.817998703602826,0.873109627466979,0.658928860232392,0.27018235829137
145.08,0,5.8533213738733,0.819518667764561,0.874981707925602,0.654517972878454,0.268472320342366
145.09,0,5.81642634220534,0.819243435028035,0.872336741633749,0.656077656315724,0.269168168673717
145.1,0,5.77996102561907,0.820790493388254,0.872525284445438,0.659329551917551,0.269801899250177
145.11,0,5.74392349462431,0.822413187365011,0.871769388702071,0.655284997705957,0.272168568881404
145.12,0,5.71341022906954,0.822746473367127,0.872893552742905,0.656587852357432,0.269269029974177
145.13,0,5.69059724400343,0.823162875749782,0.872653844145831,0.655801394492459,0.271475468710497
145.14,0,5.66968827850819,0.823931529968297,0.871561503388204,0.65719688463107,0.268240436297042
145.15,0,5.6494620835358,0.823140693937637,0.869774238604761,0.655063914661698,0.270710330567738
145.16,0,5.63108314363039,0.822793798785789,0.872620635753235,0.658205922187944,0.270625526478116
145.17,0,5.6136486648394,0.823395196649543,0.870132142048068,0.654718525738106,0.272165075983255
145.18,0,5.59658407992683,0.827155826456723,0.872472283803651,0.657483812475377,0.273719714489414
145.19,0,5.57979214331481,0.828087089760811,0.870508593083787,0.655281305399867,0.270540814516004
145.2,0,5.56326218312893,0.826363397622854,0.869066455609342,0.657069149613907,0.270170169972192
145.21,0,5.54699369195541,0.827278016565931,0.869158837359912,0.658767460164149,0.269679755576106
145.22,0,5.53098692036367,0.826702425789357,0.867040100049878,0.658025939112061,0.269469401836829
145.23,0,5.51524207222588,0.829051000052411,0.867646215871307,0.654654119169266,0.270940309710169
145.24,0,5.49975927240136,0.829136057555483,0.871442033582148,0.657356428979911,0.26833290370752
145.25,0,5.48453857154139,0.82764926853944,0.867724278502954,0.660306145375235,0.272169784538351
145.26,0,5.46957994818765,0.830893866717103,0.867812006357789,0.657207990533743,0.270154144630666
145.27,0,5.45488330989308,0.829322175825757,0.864534480059615,0.658204903019774,0.273604531765324
145.28,0,5.44044849418628,0.831270614297121,0.867640014304219,0.657074539858595,0.267961099060416
145.29,0,5.4262752695115,0.831305847126478,0.869066605591708,0.657674042682315,0.268565742752875
145.3,0,5.41236333615834,0.830024210122069,0.868443983074829,0.655534697749426,0.268678997227612
145.31,0,5.39871232718203,0.831264564178351,0.867009890107343,0.65727876410926,0.268263713426579
145.32,0,5.38532180931313,0.831524075785858,0.865152210333962,0.656597157338538,0.26946169526108
145.33,0,5.37219128385681,0.830328634915024,0.865283656063578,0.655682628414333,0.268838924968465
145.34,0,5.3593201875811,0.83160496010129,0.866331076330796,0.655476783892929,0.268698693993756
145.35,0,5.34670789359364,0.834506267918914,0.864434753031742,0.656428535953776,0.271093038294241
145.36,0,5.33435371220665,0.833818493783243,0.865302933711397,0.658214626861556,0.271981371686707
145.37,0,5.32225689179015,0.833951576134447,0.865225533862419,0.658370301685089,0.273904828687527
145.38,0,5.3104166196128,0.832134600150573,0.863939214454272,0.656815144104448,0.271754089128936
145.39,0,5.29883202267038,0.8315521338657,0.864553051729128,0.657807231866562,0.270845155098018
145.4,0,5.28750216850187,0.834211053050959,0.866532535622967,0.657049402279412,0.270715469509227
145.41,0,5.27642606599296,0.836493612639383,0.862086152095302,0.656910608595326,0.270735404425927
145.42,0,5.26560266616678,0.835834367249904,0.863242976043225,0.656946635489974,0.269494854813304
145.43,0,5.25503086296221,0.837921720775567,0.86405408772509,0.656457052970892,0.27052017582123
145.44,0,5.24470949399959,0.835888971170126,0.863226283520659,0.656820045371762,0.268107236871042
145.45,0,5.23463734133387,0.835774702153491,0.861439579044589,0.654458753852715,0.269327584563098
145.46,0,5.22481313219544,0.834714567480426,0.861373431169013,0.656602315335607,0.271671462512578
145.47,0,5.21523553971892,0.837719599959715,0.86457498700644,0.655675769516509,0.270862421333087
145.48,0,5.20590318365965,0.836225516097922,0.86218286565536,0.655944138978184,0.270267882927083
145.49,0,5.19681463109878,0.83673073776412,0.859042835140483,0.6540620022746,0.273029883834017
145.5,0,5.18796839713676,0.838952310092761,0.862720451690608,0.656097406345956,0.271805139104198
145.51,0,5.17936294557561,0.836398954359174,0.85832560755702,0.657896808151821,0.269567549038098
145.52,0,5.17099668959044,0.836270748917069,0.862283915462703,0.65607591269924,0.266908350928998
145.53,0,5.16286799239078,0.837670797350633,0.860178565280266,0.65594647735495,0.272197408698285
145.54,0,5.15497516787143,0.838498458213968,0.860863849999645,0.656031891645983,0.268911965929045
145.55,0,5.14731648125419,0.839630728384346,0.861140680617891,0.654535463363269,0.268247977427773
145.56,0,5.13989014972035,0.841113301797523,0.85704287491813,0.656812665598953,0.270499163084192
145.57,0,5.13269434303455,0.839075260217176,0.859284354441975,0.656589718454381,0.268042591813497
145.58,0,5.12572718416061,0.836962278383017,0.859067502698255,0.657699438847077,0.26903649734996
145.59,0,5.11898674987001,0.840384594480245,0.857472515569156,0.654998382171519,0.269429016765201
145.6,0,5.11247107134331,0.837229531936146,0.860394499657315,0.654800283967973,0.2710467210151
145.61,0,5.10617813476527,0.837284388763146,0.859401458753454,0.656627402714813,0.268757703629567
145.62,0,5.10010588191446,0.839546088013592,0.857719784612334,0.656286223227855,0.270554937912438
145.63,0,5.0942522107477,0.841755603451229,0.857419704893699,0.656670449333516,0.270149534100671
145.64,0,5.08861497598025,0.841413616389251,0.856550844237751,0.654427586862653,0.270933479223851
145.65,0,5.08319198966227,0.841177344173352,0.85753304505689,0.653250121061008,0.265962968417958
145.66,0,5.0779810217525,0.840986292019197,0.85541277228953,0.657502445412157,0.269820496307416
145.67,0,5.07297980068945,0.841899462460354,0.856880434704824,0.65578273699091,0.270259268068717
145.68,0,5.06818601396136,0.843771758260468,0.856103319035951,0.654977987051768,0.271909336474764
145.69,0,5.06359730867541,0.840340841363188,0.855811938839602,0.654035726921823,0.270365580586916
145.7,0,5.05921129212675,0.840951401918972,0.854665819329913,0.656053811315234,0.268356619622263
145.71,0,5.05502553236862,0.840461710795217,0.853831906263567,0.654356999882724,0.270843283969994
145.72,0,5.05103755878391,0.839232469296107,0.858277684435426,0.654871657868379,0.269639564772424
145.73,0,5.04724486265912,0.842586143485099,0.854800171257453,0.654621455294604,0.271125261601691
145.74,0,5.04364489776147,0.841613069797955,0.859112685168217,0.65589552800346,0.27203890575105
145.75,0,5.0402350809202,0.842367704298654,0.856744205266679,0.653451854735228,0.269907942282554
145.76,0,5.03701279261232,0.842214546010259,0.856654506655971,0.653601840695712,0.271163004616726
145.77,0,5.03397537755419,0.839654661112429,0.852626346476711,0.654778282104851,0.268526173307896
145.78,0,5.03112014529952,0.842446257196833,0.854300116452669,0.654142286676895,0.268197829365474
145.79,0,5.02844437084434,0.841022436576012,0.85205346055804,0.652139136845834,0.269417059385052
145.8,0,5.02594529524022,0.841196079892572,0.854683211319851,0.654094298835973,0.27083435875465
145.81,0,5.02362012621611,0.843891046382385,0.854855545965871,0.655641860414091,0.270676034214757
145.82,0,5.0214660388099,0.8422543528771,0.853379306791621,0.65473414512368,0.271436584867167
145.83,0,5.01948017601015,0.840010969416288,0.852319734371202,0.653062882835097,0.271034969571796
145.84,0,5.01765964940919,0.841628169917583,0.851498931511866,0.653277688687112,0.271551540793683
145.85,0,5.0160015398679,0.840469586905558,0.850718468238261,0.652925430734448,0.270337067130344
145.86,0,5.01450289819325,0.843014451326104,0.850545237752803,0.653296226820481,0.26948346588028
145.87,0,5.0131313277929,0.841125570424251,0.853345794337259,0.653306541457735,0.272690801359985
145.88,0,5.01179167170126,0.839697257623992,0.852520861642909,0.654178463344846,0.269956354736127
145.89,0,5.01047705357775,0.841034577127487,0.854221608000453,0.652577452307015,0.270057699796921
145.9,0,5.00918695959182,0.8408540790774,0.85179479157383,0.651619420109728,0.27135654618421
145.91,0,5.00792086922909,0.840759604875094,0.851994145833331,0.652506332156998,0.268556406391482
145.92,0,5.00667825556547,0.844291859401629,0.850677386217785,0.6524328174248,0.271355549361074
145.93,0,5.00545858554369,0.844751685622546,0.852297541046674,0.651196058762162,0.269418485615229
145.94,0,5.00426132025196,0.842658468713864,0.852968356672241,0.652986405369076,0.269560672987053
145.95,0,5.00308591520488,0.841378585720196,0.851246046912424,0.651956675024367,0.270036107004514
145.96,0,5.00193182062605,0.840286220170483,0.850606366408385,0.654428480718195,0.267115636369082
145.97,0,5.00079848173271,0.841776609156496,0.848229739618653,0.650701787606342,0.269910152333934
145.98,0,4.99968533902173,0.841495380602819,0.852216877941339,0.652333501713133,0.272032474502797
145.99,0,4.99859182855731,0.840342163723929,0.848368349695814,0.653707194924509,0.268778747520136
146,0,4.99751738225987,0.842149907091124,0.849081921826388,0.651315220209143,0.271802525072466
146.01,0,4.99646142819614,0.843336598285023,0.849660595180363,0.65326524448717,0.268737178813962
146.02,0,4.99542339087024,0.840567860378788,0.849406147831351,0.65039867504571,0.270109606945714
146.03,0,4.99440269151576,0.84222879333435,0.847179959886774,0.651454187700669,0.271893410408
146.04,0,4.99339874838839,0.842040203582387,0.848911777647278,0.650821604432862,0.270161475218169
146.05,0,4.99241097705929,0.843566541275733,0.849569991828998,0.652521700702991,0.269975099321513
146.06,0,4.99143879070882,0.839872428222093,0.845360975027776,0.65067377258711,0.269923891560255
146.07,0,4.99048160042058,0.839505289869673,0.846758694415669,0.650756170831043,0.272042290762484
146.08,0,4.98953881547563,0.84004070513635,0.848588047715269,0.647532148031673,0.268295977888599
146.09,0,4.98860984364671,0.842401083442902,0.847347661815849,0.649694343457517,0.270721524505693
146.1,0,4.98769409149235,0.841737201139839,0.846201909924485,0.649962656249923,0.269939370418234
146.11,0,4.98679096465068,0.841802266099223,0.849297657698011,0.649852952705709,0.272119363607756
146.12,0,4.98589986813294,0.841194020003449,0.848180757305719,0.650174358412705,0.271950441399729
146.13,0,4.98502020661639,0.838410269820242,0.849947355238264,0.650830364237047,0.267408513518504
146.14,0,4.98415138473656,0.84271010476492,0.846569468540709,0.648842184681863,0.26803445105002
146.15,0,4.98329280737879,0.83969678016345,0.844223980747814,0.648159565864857,0.2709576094156
146.16,0,4.9970644348881,0.841060551370668,0.844973308088178,0.650174541968177,0.271737299258232
146.17,0,5.00245575030126,0.839768826107663,0.846296601213498,0.648747829134452,0.270234267242402
146.18,0,5.00491284724927,0.841254388250051,0.845687559718982,0.64719010050926,0.270901222999307
146.19,0,5.00693069670923,0.840137681423104,0.845709786359241,0.647665392537245,0.269096431831305
146.2,0,5.00893495886258,0.84046390210889,0.842937671101327,0.64582933636473,0.27144228244866
146.21,0,5.01097687094768,0.8396432093596,0.844477055204867,0.648106343089144,0.272116766790725
146.22,0,5.01305856584413,0.841977211495362,0.844861708229951,0.651084981921167,0.269158503748046
146.23,0,5.01517706242245,0.837770717831587,0.84587602132468,0.645937557658545,0.269749219162531
146.24,0,5.01732898407897,0.837439393611169,0.842870670198578,0.648092189129673,0.270031192248906
146.25,0,5.01951094932836,0.839177225532096,0.845163858774506,0.646891052459349,0.270239515183812
146.26,0,5.02171959139214,0.839092370780399,0.845152224961268,0.645356897130676,0.271046233371765
146.27,0,5.0239515583425,0.837504519810699,0.843969801867664,0.64713380183013,0.266680554785016
146.28,0,5.02620351409492,0.840865742777722,0.843447688407801,0.645692245445293,0.269976247347311
146.29,0,5.02847213983539,0.841215455384396,0.84422930187457,0.646366552735659,0.272916877326015
146.3,0,5.03075413553551,0.841186117088508,0.84148937929537,0.644816484172471,0.269410641850683
146.31,0,5.03304622148973,0.838639778576463,0.8399654229693,0.643871397448987,0.269261496272983
146.32,0,5.03534513986479,0.838200153129417,0.843656565752033,0.644215821158478,0.27043706559114
146.33,0,5.03764765625945,0.838880967404281,0.84247150052298,0.646287506522624,0.269515326022445
146.34,0,5.03995056127345,0.839029076864879,0.842332714011197,0.646121866530706,0.271648862038149
146.35,0,5.04225067208433,0.838035327518981,0.841581610034867,0.64607422822713,0.269227038613796
146.36,0,5.04454483403117,0.83764574375204,0.843360706078921,0.64823763628363,0.270124060000866
146.37,0,5.04682992220392,0.839416514323319,0.841918998986538,0.646127552292259,0.271676733154832
146.38,0,5.04910284303712,0.838868401428742,0.840519622935984,0.64915345030728,0.272268114334949
146.39,0,5.05136053590679,0.836097919314569,0.840743307509239,0.644834335408395,0.271058427819619
146.4,0,5.05359997472906,0.836262063413356,0.839836463219209,0.646486769679983,0.270692592756807
146.41,0,5.05581816955941,0.836392640004857,0.84062482565499,0.644153834973977,0.268807585400591
146.42,0,5.05801216819091,0.839879051849023,0.839631887142724,0.645807101121213,0.268621053905075
146.43,0,5.06017905775037,0.836844336608827,0.842742888224924,0.644580805513228,0.269351447998705
146.44,0,5.06231596629075,0.837918978556068,0.841916080757744,0.646036588526442,0.268247087363933
146.45,0,5.06442006437848,0.836335226619282,0.841902992305452,0.646488885837817,0.27185433244202
146.46,0,5.06648856667432,0.835487045534214,0.840978683466863,0.644365381853936,0.269250302765767
146.47,0,5.06851873350625,0.838041504593795,0.839230101260552,0.643235281785551,0.272094609788925
146.48,0,5.07050787243282,0.836673837921046,0.837580271567729,0.644230268051285,0.271673550797472
146.49,0,5.07245333979558,0.838566210223176,0.838057903939215,0.64411050000249,0.27243310744086
146.5,0,5.07435254225914,0.836331100541398,0.837924170658947,0.641596471707716,0.271643791859955
146.51,0,5.07620293833715,0.836213596499618,0.839058018758691,0.643941355987116,0.271203188954762
146.52,0,5.07800203990287,0.837157870023505,0.838721868448672,0.644371648028597,0.269032914692857
146.53,0,5.07974741368274,0.837464740781206,0.838631759402807,0.64419842328538,0.267417420492166
146.54,0,5.08143668273149,0.836999444927403,0.836192037463041,0.644591493510338,0.269539786051173
146.55,0,5.08306752788711,0.834844797089544,0.841342031738917,0.642852019114754,0.270814783616486
146.56,0,5.08463768920448,0.838244216110832,0.839915213875492,0.641591948518269,0.271832746837809
146.57,0,5.08614496736574,0.836525500922289,0.839636914918248,0.644391506889481,0.270698242492739
146.58,0,5.0875872250664,0.835314017947158,0.836654590672348,0.644404635924543,0.269976220001751
146.59,0,5.08896238837517,0.837684297474258,0.840818361450162,0.644122808771944,0.268860148473194
146.6,0,5.09026844806666,0.834838749412368,0.837514653318185,0.643284123722894,0.269123314554382
146.61,0,5.0915034609248,0.836092013002451,0.83772022412724,0.643733076156361,0.271411397348843
146.62,0,5.09266555101625,0.834083862782406,0.836223767844123,0.643952378677804,0.270974424580725
146.63,0,5.09375291093195,0.835836000771641,0.838631249773215,0.64663731286096,0.269465753486893
146.64,0,5.09476380299553,0.8354317840644,0.834159552941946,0.644194410934099,0.269860822066362
146.65,0,5.09569656043732,0.835898071538945,0.834391479704787,0.643883193614563,0.267504850003421
146.66,0,5.09654958853262,0.832090332083649,0.837497846306086,0.643240661299169,0.269213346904371
146.67,0,5.09732136570284,0.834029901225104,0.839539635445925,0.641957315309529,0.266494450368769
146.68,0,5.09801044457843,0.835371340755682,0.835939902570382,0.644255365871616,0.269578068772446
146.69,0,5.09861545302229,0.833682581716181,0.833735058835839,0.64339939953792,0.272759189392417
146.7,0,5.09913509511243,0.83396246930218,0.837983504188765,0.645577522401774,0.271079306261977
146.71,0,5.09956815208293,0.834506445019057,0.836524915980901,0.642480572848932,0.270882369224855
146.72,0,5.09991348322202,0.835782834213862,0.833859244564357,0.642837888016471,0.269473105759819
146.73,0,5.10017002672613,0.83322542945317,0.836942924010531,0.643724951005634,0.269073081747209
146.74,0,5.10033680050925,0.833634108539769,0.837055509939718,0.644325316548704,0.271263204224075
146.75,0,5.10041290296626,0.834930597946946,0.836844719653943,0.645794730359126,0.270539787885214
146.76,0,5.10039751368969,0.832808368547075,0.83488272089768,0.643345231137628,0.270934137284327
146.77,0,5.10028989413885,0.832115787835151,0.836173082582725,0.643264869634121,0.272526006183614
146.78,0,5.1000893882608,0.833944913230762,0.835486670128561,0.644861645082265,0.268781847962145
146.79,0,5.09979542306208,0.834715409641315,0.834666911618673,0.642898030998926,0.270406073345631
146.8,0,5.09940750913098,0.833809693066596,0.834349264288082,0.644362736660267,0.272006249810939
146.81,0,5.09892524110951,0.834060192359956,0.83588128854699,0.64388712058138,0.269654530731233
146.82,0,5.09834829811446,0.836160157924551,0.834508320587862,0.643646353901374,0.270593884376143
146.83,0,5.09767644410733,0.833051961398569,0.834144476401106,0.643854941949467,0.270304275658548
146.84,0,5.09690952821258,0.834257053897744,0.835030118751422,0.643317931763106,0.27256838187291
146.85,0,5.09604748498387,0.83259688293972,0.837542062088283,0.642779599924473,0.269656812083465
146.86,0,5.09509033461793,0.833445067811102,0.834832865682863,0.640662516053416,0.270607767008212
146.87,0,5.09403818311622,0.835757925029318,0.831471513236525,0.643009804787388,0.271168513973813
146.88,0,5.09289122239369,0.834170498624792,0.833718494692622,0.641930234750266,0.268475323730196
146.89,0,5.09164973033503,0.83391916303024,0.836066120131724,0.646827173375848,0.270914258952274
146.9,0,5.09031407079816,0.834527002519038,0.835277521807136,0.645468305493949,0.269212917511198
146.91,0,5.08888469356519,0.832440747970579,0.833314477079013,0.643501251193074,0.268828372353879
146.92,0,5.08739999227279,0.83375895626354,0.834687089816705,0.640995550870325,0.271641502339049
146.93,0,5.08589926170317,0.836152598704128,0.833776574630899,0.643909540944837,0.269410832885368
146.94,0,5.08438262145417,0.834631290250999,0.831649090480125,0.641473256682149,0.268243775140643
146.95,0,5.08285020507685,0.833685409899315,0.833205816059506,0.643623450124742,0.270462037022638
146.96,0,5.08130216005952,0.833329347916571,0.833409872533344,0.644041758828328,0.266407400336239
146.97,0,5.07973864780633,0.835732268602109,0.831791515647991,0.640830397646594,0.269883858280106
146.98,0,5.07815984361071,0.832810890729196,0.833706263964012,0.646309573681364,0.26871051122545
146.99,0,5.07656593662339,0.833510785506684,0.83573683170261,0.643470801075012,0.268785784184969
147,0,5.07495712981516,0.833330667081872,0.831474558759982,0.643195842348376,0.269472364612571
147.01,0,5.07333363993424,0.835212652549411,0.833709764224159,0.64544187795015,0.269373122113048
147.02,0,5.0716956974584,0.833266802090485,0.831428078045964,0.644635240847532,0.270569373980934
147.03,0,5.07004354654164,0.834009200421564,0.831739651909357,0.642249962571454,0.268544058846496
147.04,0,5.06837744495563,0.833292462624538,0.83102737657604,0.642119442460369,0.270785797970069
147.05,0,5.06669766402571,0.835124104681579,0.832210845515996,0.645052397850452,0.270769576975113
147.06,0,5.0650044885616,0.834534172200331,0.833353145870614,0.644182403777457,0.267920420886234
147.07,0,5.06329821678273,0.83400185670947,0.832895230596498,0.645308093027659,0.269624133950478
147.08,0,5.06157916023817,0.837285704877253,0.835072138214134,0.642886527128372,0.269354376016038
147.09,0,5.05984764372134,0.834964794654163,0.831326028601553,0.645049376665753,0.26888525130555
147.1,0,5.05810400517919,0.833849973681242,0.832074615314457,0.642890717589662,0.271151978922661
147.11,0,5.05634859561611,0.834981079817854,0.833423562629276,0.642738619961538,0.271422195635711
147.12,0,5.05458177899253,0.837373308633256,0.8338352377471,0.646103335933834,0.26986165275617
147.13,0,5.05280393211807,0.835841521989276,0.832134967445339,0.643609976321734,0.271039324378081
147.14,0,5.05101544453939,0.83510983788648,0.831884826163163,0.645036210315725,0.270330746015348
147.15,0,5.04921671842273,0.834761740041187,0.830373678269307,0.64380185548061,0.270580290282337
147.16,0,5.04740816843101,0.834828108906654,0.829376054263026,0.643445066459998,0.269198362477664
147.17,0,5.04559022159575,0.833507749315149,0.830905560068782,0.64326530953759,0.268273010053355
147.18,0,5.04376331718349,0.836997570428154,0.830450044764734,0.643709542354985,0.270063657481024
147.19,0,5.0419279065571,0.832257242524616,0.83216880059409,0.645448664032219,0.269023254771239
147.2,0,5.04008445303158,0.83593624425125,0.832157992665089,0.645089664190461,0.271941956513355
147.21,0,5.03823343172476,0.833622938263979,0.832081219976916,0.64454798584685,0.270948184409885
147.22,0,5.03637532940258,0.836883908441054,0.831931254578839,0.644284957112815,0.273582818015855
147.23,0,5.03451064431921,0.834650101415679,0.834930964682017,0.643668863502522,0.270274432443466
147.24,0,5.0326398860519,0.834846345140794,0.833394097232192,0.644112158991949,0.269124440679021
147.25,0,5.03076357533059,0.833656528471742,0.832504176308619,0.642381391817989,0.270441609692838
147.26,0,5.02888224386233,0.835882818005031,0.830697032484488,0.644158240948642,0.268164042752512
147.27,0,5.01986753306033,0.833963804008512,0.83191998479791,0.644469722791609,0.269756650193026
147.28,0,5.01014238396474,0.833543178592333,0.833390275173326,0.64700731911885,0.267597981530014
147.29,0,5.00506224674577,0.834637314270198,0.831967881857222,0.645199081640654,0.270132830688982
147.3,0,5.00098180489333,0.834762416340329,0.832860454409494,0.645970131264173,0.26890475816859
147.31,0,4.99705150910872,0.834358160489386,0.83051951745358,0.645876176584001,0.271702307289172
147.32,0,4.99313507642721,0.834422289445771,0.831440234204546,0.645763505920664,0.268719366669313
147.33,0,4.98921643044504,0.837020434235859,0.834526924347237,0.646174198066342,0.271829406606
147.34,0,4.98529659173777,0.835087821124195,0.83443136354777,0.645946189791074,0.268952098759838
147.35,0,4.98137879565669,0.833284181636868,0.831120124305098,0.646561135319867,0.268498129026824
147.36,0,4.97746657316516,0.835834930257962,0.830752584103671,0.646825990255103,0.271129535722088
147.37,0,4.97356352307149,0.835889784452828,0.828549315270141,0.648069633615583,0.27096274524225
147.38,0,4.96967328597837,0.834923057553039,0.831795801549733,0.647266742098887,0.268470638493695
147.39,0,4.96579954039522,0.834700322669876,0.832725570767334,0.644966197055337,0.272082632887591
147.4,0,4.96194600108358,0.837296676104806,0.831520697771688,0.645871958296652,0.270604117218077
147.41,0,4.95811641760924,0.837383157678087,0.831785912019394,0.644661684699926,0.2699765392717
147.42,0,4.95431457291837,0.836812063543685,0.834512812225596,0.646426648912518,0.271800991403603
147.43,0,4.95054428192504,0.83966437938679,0.829501539644419,0.6464364631287,0.269088472123089
147.44,0,4.94680939011076,0.837226308398075,0.831875025419953,0.644540681666063,0.267872124500359
147.45,0,4.94311377213727,0.837516828278801,0.831475818117503,0.647399801130901,0.270362463565993
147.46,0,4.93946133047403,0.836177562651845,0.832180223732888,0.646830933789987,0.26888466995865
147.47,0,4.93585599404161,0.837916807473898,0.83435193085632,0.646386926345907,0.267945633755437
147.48,0,4.93230171687179,0.837044448008331,0.832417568039151,0.646837088879415,0.26776170255448
147.49,0,4.92880247678599,0.835688142177672,0.830624580144096,0.647276900045235,0.26790036068015
147.5,0,4.92536227409279,0.834720592023507,0.831977552524295,0.649584665372952,0.271400978297514
147.51,0,4.92198513030554,0.835297010436271,0.832743817925707,0.649415629379362,0.268623287983781
147.52,0,4.9186750868812,0.835105688462191,0.831703021540848,0.651002237710906,0.269893789131582
147.53,0,4.91543620398127,0.835527167115996,0.832219433401485,0.650294861877383,0.27094410157239
147.54,0,4.91227255925555,0.836066633446368,0.831879411536064,0.64886093935594,0.267749472502723
147.55,0,4.90918824664973,0.837950131008766,0.830996982079354,0.645733750437882,0.270957365679341
147.56,0,4.9061873752376,0.839424698602328,0.832178049498876,0.64941106894186,0.270057643191738
147.57,0,4.9032740680783,0.835374234595638,0.83363985892434,0.647252143536924,0.27035615169412
147.58,0,4.90045246109966,0.836593468248314,0.830400171024731,0.650116024254569,0.269483123396926
147.59,0,4.89772670200795,0.837025887488548,0.831165107550503,0.647628779814224,0.270475889090673
147.6,0,4.89510094922481,0.837103719222831,0.830765794592527,0.64927899336578,0.273257223596147
147.61,0,4.8925793708516,0.838346785376093,0.831764682688215,0.649218340417843,0.269760410974837
147.62,0,4.89016614366192,0.83789044876677,0.830809577629897,0.650012807723497,0.269388411737794
147.63,0,4.88786545212249,0.839017085762218,0.830031750588226,0.650098801099293,0.270768843742138
147.64,0,4.88568148744271,0.837899631365514,0.832731846630757,0.650797980688863,0.271717053875927
147.65,0,4.88361844665332,0.835630723429898,0.828303552562372,0.650121037278241,0.266617012133866
147.66,0,4.88168053171432,0.837272787778924,0.830246838162097,0.653542564725716,0.273905178580017
147.67,0,4.87987194865227,0.837339111272603,0.831791459820992,0.650751523266004,0.271613191887987
147.68,0,4.87819690672714,0.838701387310206,0.833669635682101,0.650270206139892,0.268766072409178
147.69,0,4.87665961762883,0.837286670366861,0.831739554189474,0.64863801579064,0.27056589385686
147.7,0,4.87522960520879,0.83626643240006,0.831226057084316,0.648132820706667,0.269232680467101
147.71,0,4.87382887019246,0.834988380179764,0.831066957078977,0.64795042425531,0.268034727459892
147.72,0,4.8724549700227,0.838134473301478,0.830279487857632,0.653265827417518,0.267662100418389
147.73,0,4.8711086571631,0.837598428642928,0.83360723775898,0.650261145174334,0.265054988686993
147.74,0,4.86979068157649,0.836679852888108,0.833236599689579,0.650347575746838,0.271340658688604
147.75,0,4.86850179038013,0.837577895964251,0.828780949036499,0.650835803328909,0.27032831980014
147.76,0,4.86724272750027,0.836005459680457,0.832776576829473,0.652489772274425,0.268775424643443
147.77,0,4.86601423332649,0.835792726486296,0.830760959630778,0.649331527209243,0.269980398012999
147.78,0,4.86481704436574,0.839434155879756,0.831219217495446,0.64972417184476,0.26849737460181
147.79,0,4.86365189289651,0.837310528931335,0.832977178270072,0.651924263590141,0.270513733153807
147.8,0,4.8625195066231,0.835850107590533,0.833630296543406,0.652721411638156,0.26836887724114
147.81,0,4.86142060833033,0.839427354555041,0.834352930334657,0.652084123847247,0.269577353871249
147.82,0,4.86035591553883,0.836166790162583,0.833800026181287,0.654123265145044,0.270180064258503
147.83,0,4.85932614016108,0.838393775561952,0.83421180958559,0.650830014621215,0.269692535140685
147.84,0,4.85833198815843,0.836933517147448,0.832156583219366,0.654360866269915,0.271994664225301
147.85,0,4.85737415919924,0.837265989473628,0.831514315350844,0.652860589736012,0.27002186972098
147.86,0,4.85645334631845,0.835926781960112,0.83255626470114,0.652655289903761,0.270312894472122
147.87,0,4.8555702355787,0.837229032050815,0.831558701999486,0.655726885999332,0.270311136638784
147.88,0,4.85472550573313,0.839981855141749,0.831475195091762,0.654300389942042,0.266088745993627
147.89,0,4.85391982789028,0.836404056659582,0.83229104058375,0.654543036149104,0.271910786341681
147.9,0,4.85315386518107,0.83552840671123,0.833867678805586,0.65256107515091,0.270495260245071
147.91,0,4.85242827242818,0.836482909362894,0.833284603868562,0.651806735355972,0.268974295860108
147.92,0,4.85174369581802,0.835568817098852,0.834385343965931,0.653461825770423,0.269077053483852
147.93,0,4.85110077257556,0.837268948188514,0.832882205852289,0.651100542937036,0.270949485052943
147.94,0,4.85050013064199,0.837775548928703,0.834153904977448,0.653461588289918,0.271412847658072
147.95,0,4.85262176062519,0.836509469661799,0.833341522044563,0.654204611107548,0.269110877070682
147.96,0,4.8711510153815,0.837288980333078,0.832334470609505,0.653289292108227,0.269808729358185
147.97,0,4.87919187367689,0.835659108640955,0.833977826777469,0.655003619116981,0.267159742919061
147.98,0,4.88418351160325,0.837375944814034,0.834847389783153,0.653367366552769,0.269126079896711
147.99,0,4.88881669342744,0.834755221349613,0.834839187611854,0.654049869302271,0.270433341470508
148,0,4.89361639665986,0.835785855416336,0.833244766479478,0.655500425111658,0.269142223385216
148.01,0,4.89867069521601,0.83505273345981,0.835386634371782,0.654419770316361,0.268923160778965
148.02,0,4.9039959860354,0.834550069968992,0.833632238168877,0.653523497263522,0.268275721088852
148.03,0,4.90959798850059,0.834469388409304,0.836222852154417,0.653702261073187,0.270477970942361
148.04,0,4.91548091211438,0.835299658776379,0.833097863501847,0.656409411114521,0.2690711123268
148.05,0,4.92164875316972,0.833083663071541,0.836164346731969,0.655084770853002,0.270934083062656
148.06,0,4.92810547098143,0.834233747665397,0.832983395358494,0.653676583036185,0.270967722644599
148.07,0,4.93485501112257,0.834720579996507,0.833256004710922,0.656061952910198,0.269011282376472
148.08,0,4.94190130836527,0.833601291872955,0.833002004893515,0.655852569305099,0.266758581778331
148.09,0,4.94924828698408,0.834935835335519,0.833879993511995,0.655987386604936,0.270110860663001
148.1,0,4.95689986071957,0.832104428165573,0.835527179190424,0.656077845018908,0.268272094475478
148.11,0,4.96485993269525,0.833312889132567,0.833524419219616,0.654318798034264,0.269978712741218
148.12,0,4.97313239532381,0.829341056227394,0.832934845479522,0.654546743745919,0.271386265736415
148.13,0,4.98172113020602,0.831225919362218,0.832687322965799,0.653846169370016,0.270799701586762
148.14,0,4.99063000802171,0.830107779258025,0.831863181855785,0.657073087380163,0.269499277054663
148.15,0,4.99986288841146,0.830193315163363,0.835149987064287,0.65768824129114,0.271386746902987
148.16,0,5.00942361984788,0.833738598847604,0.833460834946781,0.656287735509275,0.269738526713707
148.17,0,5.01931603949521,0.831273584771194,0.835433730977957,0.654423275920999,0.267138303542018
148.18,0,5.02954397305588,0.82924944116393,0.833694836164721,0.65459383109805,0.269450800876527
148.19,0,5.04011123460292,0.830120979459911,0.839123613738955,0.655469622290751,0.269501221332972
148.2,0,5.05102162639687,0.831279771239538,0.833652152764445,0.657258577539606,0.270031506769279
148.21,0,5.06227893868601,0.826804469977806,0.837399107275986,0.657040133650638,0.268295323509698
148.22,0,5.07388694948862,0.830150388728605,0.83682810498966,0.653890335565112,0.271585073650425
148.23,0,5.08584942435622,0.830384373595553,0.837141441508441,0.656815832178101,0.268128144535411
148.24,0,5.09817011611637,0.827554137382273,0.836468744196312,0.658089496329329,0.271797420336504
148.25,0,5.11085276459402,0.82858842390461,0.835557219327429,0.655536954454151,0.270190971984963
148.26,0,5.12390109631019,0.825621346309251,0.836668008419063,0.652588835637478,0.271152485540801
148.27,0,5.1373188241568,0.825716907102388,0.834967177648941,0.655005264812446,0.270180652997725
148.28,0,5.15110964704653,0.825533031793424,0.837592976431113,0.656651296753115,0.267910081381664
148.29,0,5.16527724953664,0.826101135189357,0.836561929789781,0.657557693984992,0.271541836188117
148.3,0,5.17982530142568,0.824339344317226,0.835656128794016,0.657271961413755,0.270208596869475
148.31,0,5.19475745732186,0.822895822813382,0.836268225411788,0.658276485063809,0.270546776725959
148.32,0,5.21007735618225,0.823701964223651,0.837644751985786,0.655812026318715,0.269635624164013
148.33,0,5.2257886208217,0.823152472232265,0.836513225165785,0.658288646548503,0.269954124822342
148.34,0,5.24189485739042,0.821690803498604,0.838477360050545,0.656430885455679,0.267829948671541
148.35,0,5.25839965481939,0.823830733035745,0.838476255451186,0.655735755602808,0.273367124392065
148.36,0,5.27530658423263,0.821433842145668,0.838827718493614,0.656518830745657,0.268973945271115
148.37,0,5.29261919832528,0.820572753799715,0.839689649044598,0.655110936253408,0.269213437347415
148.38,0,5.31034103070692,0.820949862891788,0.835218467360609,0.6585118460106,0.270565082804538
148.39,0,5.32847559520905,0.822824577016753,0.837767898788444,0.66077502118141,0.271643859999633
148.4,0,5.34702638515592,0.818506171033054,0.838568344977695,0.656143661196263,0.269593230737027
148.41,0,5.3659968725982,0.820091074545868,0.840928936770481,0.654630836717162,0.268502561641579
148.42,0,5.38539050750853,0.819015884088077,0.839283242310744,0.656454063984169,0.270718132806216
148.43,0,5.4052107169383,0.816169948317287,0.840254763729009,0.655232265538848,0.269391255615982
148.44,0,5.42546090413507,0.813200659030601,0.834590305732105,0.658133436356318,0.271782737525356
148.45,0,5.44614444762018,0.814980643187452,0.836330887042648,0.65564879959013,0.272231728853826
148.46,0,5.46726470022557,0.814373879141668,0.841428564410799,0.659785196874122,0.268339574487355
148.47,0,5.48882498808974,0.813617811918712,0.839022077364239,0.657167073311834,0.271264709338303
148.48,0,5.5108286096122,0.812179549451627,0.840510390807275,0.656434196919,0.270423934334815
148.49,0,5.53327883436599,0.811991357988914,0.838451035127864,0.656761979707945,0.268920934071695
148.5,0,5.55617890196786,0.811535582047988,0.837501070014471,0.65531837385028,0.27013806737974
148.51,0,5.57953202090596,0.81289331613223,0.837734288293537,0.655922056260675,0.268868068576354
148.52,0,5.60334136732468,0.809803658846529,0.840703387008161,0.653229953723153,0.269531337102027
148.53,0,5.62761008376628,0.808846509788865,0.839587463933718,0.656465261827333,0.269689406789148
148.54,0,5.65234127786955,0.80870435250932,0.840344288741902,0.656351078468736,0.268469940044391
148.55,0,5.67753802102505,0.809884285828518,0.841200986675014,0.656878174560644,0.269680850787038
148.56,0,5.70320334698695,0.806837589479077,0.839301312439656,0.656837379296835,0.271685244460051
148.57,0,5.72934025044168,0.807348910929474,0.839125157393822,0.658091809878124,0.26992987441067
148.58,0,5.75595168553341,0.807329518712561,0.842455137181139,0.657224432103377,0.271594094792174
148.59,0,5.78304056434624,0.805889097265722,0.841569091799905,0.656872784970813,0.267893803738421
148.6,0,5.81060975534375,0.804843776584464,0.840274693166676,0.657648413567792,0.269181748235368
148.61,0,5.83866208176595,0.805497741867548,0.842060444726674,0.654219872362218,0.272372575081434
148.62,0,5.86720031998389,0.803833378541386,0.839849671600104,0.657824273391961,0.269421306081465
148.63,0,5.8962271978125,0.805242517124215,0.840895739239092,0.657776591998472,0.26701170565752
148.64,0,5.92574539278225,0.798510475781966,0.841373924516772,0.657034505795824,0.269924372846953
148.65,0,5.95575753036977,0.799894571375282,0.843333058803595,0.657197932305284,0.271583120564143
148.66,0,5.98626618218853,0.798214467140953,0.840784500189109,0.656907627762044,0.268343603298484
148.67,0,6.01727386414002,0.799212477285215,0.840104866138981,0.655862688381098,0.26953721260828
148.68,0,6.04878303452621,0.801320482920261,0.842796188371418,0.65699496268752,0.270608728026277
148.69,0,6.08079609212415,0.796292731670559,0.842641682115803,0.65456894855875,0.271911770645156
148.7,0,6.11331537422378,0.794659334247877,0.842978667663839,0.656783594281256,0.271891286343592
148.71,0,6.14634315462976,0.79375971943715,0.845283310791502,0.65493812938985,0.268814828530277
148.72,0,6.17988164162833,0.794114706056252,0.84362286699668,0.657053799361509,0.270568126771599
148.73,0,6.21393297592077,0.790773966840567,0.847112004293343,0.65591043203427,0.267292013982482
148.74,0,6.24849922852429,0.79218609941226,0.845841459928412,0.654436148789294,0.271195341176353
148.75,0,6.28358239864145,0.78934116498325,0.843451891577235,0.655414483417503,0.269136414045254
148.76,0,6.31918441150055,0.791427293948298,0.8453485855663,0.65553441335687,0.269898963916851
148.77,0,6.35530711616707,0.788143983091857,0.843239012965742,0.65500805469843,0.270285390825148
148.78,0,6.3919522833287,0.787711164426525,0.843553443509934,0.657500426397018,0.272177345472983
148.79,0,6.42912160305525,0.785123988020507,0.845000214627167,0.654734312965214,0.268523087927194
148.8,0,6.46681668253534,0.787593809854225,0.84462642630433,0.654427346226229,0.270693153095352
148.81,0,6.50503904379104,0.784510579395869,0.846270814291599,0.65444275630568,0.269136743904934
148.82,0,6.54379012137339,0.783944235351661,0.84512169082628,0.654678994563506,0.269631139860388
148.83,0,6.58307126003987,0.785623019687252,0.8468233923425,0.654402741078634,0.270823205749702
148.84,0,6.62288371241609,0.781491398871012,0.84712899511562,0.654736188245154,0.272314187697519
148.85,0,6.66322863664412,0.780138691188101,0.847800507489795,0.653543845003054,0.270969522334377
148.86,0,6.70410709401934,0.778183986412036,0.845955884175626,0.655222197025713,0.271699846479178
148.87,0,6.74552004661809,0.779854344300649,0.846778147205572,0.653077403309112,0.270471310938886
148.88,0,6.78746835491861,0.778800710346062,0.848171769074483,0.65539865663131,0.271180477213698
148.89,0,6.82995277541778,0.777087880857451,0.849869442040434,0.655037067858517,0.270586180072636
148.9,0,6.87297395824575,0.775875607428319,0.84756500915684,0.652888815844896,0.269005217625215
148.91,0,6.91653244478154,0.773004178969252,0.846885371091068,0.654753477407469,0.270060137857684
148.92,0,6.96062866527203,0.773802105729013,0.845803337189892,0.65370538201305,0.268302737634152
148.93,0,7.005262936457,0.771642315936327,0.849847138059311,0.653084548912477,0.27166623810351
148.94,0,7.05043545920288,0.770528407114543,0.84638765307362,0.656027588209652,0.26840489378542
148.95,0,7.09614631614885,0.767560086314258,0.848646677909864,0.651123435952414,0.270054920647072
148.96,0,7.14239546936701,0.767344787130257,0.849414358302128,0.655641810918443,0.270328134871668
148.97,0,7.18918275804052,0.765048958437525,0.845190331356215,0.653890477241104,0.270569968966166
148.98,0,7.23650789616255,0.767460718138162,0.851524314691041,0.652651792893415,0.270129605428859
148.99,0,7.28437047025895,0.765733047948538,0.849037221390462,0.65252987273623,0.271501457575524
149,0,7.33276993713775,0.764019321768746,0.850134563097308,0.65323476782323,0.272938058672939
149.01,0,7.38170562166921,0.76255409532151,0.848346570267275,0.653249107587394,0.267743758790143
149.02,0,7.43117671459929,0.760122566059922,0.850142733030309,0.653850974394725,0.271427213562499
149.03,0,7.48118227039939,0.761659628199778,0.848599600589931,0.650297132569,0.271264410868167
149.04,0,7.53172120515704,0.760002231937639,0.850396698653659,0.651468704492493,0.269422241009447
149.05,0,7.5827922945095,0.76050230637368,0.850654569680059,0.652911912984188,0.271088921210998
149.06,0,7.63439417162443,0.755117251610691,0.850770311382122,0.651999358890764,0.27013122346716
149.07,0,7.68652532523111,0.755050060148468,0.851141372130502,0.652585616703252,0.2702929254034
149.08,0,7.73918409770558,0.755218910185663,0.851076126196745,0.652961180666389,0.268584271030547
149.09,0,7.79236868321271,0.755770959516709,0.851215927864247,0.649603720443474,0.267459809970944
149.1,0,7.84607712590977,0.752129482609003,0.851815446867214,0.650144168106033,0.269940909516848
149.11,0,7.90030731821426,0.751417495055678,0.851571880386587,0.651045822676045,0.271288965886726
149.12,0,7.95505699913937,0.750298815720761,0.851887401550718,0.652520042678139,0.269180245036285
149.13,0,8.01032375270144,0.750035048107135,0.852342837278289,0.651165121455846,0.270020921380822
149.14,0,8.06610500640245,0.745263712625525,0.850684047122669,0.651572605122217,0.269848786796017
149.15,0,8.12239802979092,0.744181803221228,0.853085539667364,0.649946452718636,0.26767751194244
149.16,0,8.17919993310496,0.745742839215663,0.854409992019795,0.651678832759545,0.269887294754302
149.17,0,8.23650766600148,0.745241481317921,0.854556898051758,0.65118175118048,0.267886151263638
149.18,0,8.29431801637399,0.743880913692002,0.854694155586002,0.650615678119396,0.27177335510256
149.19,0,8.35262760926322,0.741566487317277,0.853891402190069,0.652660107699833,0.269576074648112
149.2,0,8.4114329058641,0.742122647610307,0.855246263823264,0.651557921536458,0.27092871957368
149.21,0,8.47073020263181,0.740496091913973,0.852825937430271,0.651565321043717,0.27015607717686
149.22,0,8.53051563049063,0.740189820434248,0.855921497658055,0.649820353246782,0.268197637113038
149.23,0,8.59078515414931,0.738331412836733,0.84978710021607,0.649283569894824,0.270722415356236
149.24,0,8.65153457152548,0.735703365069532,0.854585104021226,0.651299070788958,0.269806449394214
149.25,0,8.71275951328215,0.733450868382583,0.855904175664019,0.647551040169793,0.269554926385197
149.26,0,8.77445544248071,0.730293575836415,0.85552534859594,0.649914259957067,0.270236668692998
149.27,0,8.83661765435195,0.732460680823244,0.858791817459013,0.648496283428713,0.270777296590552
149.28,0,8.8992412761886,0.729260092820385,0.856153602151134,0.649562951579651,0.272061129778207
149.29,0,8.96232126736262,0.729460724276086,0.85772140375888,0.648285688071061,0.270612998777318
149.3,0,9.02585241946974,0.729650748490376,0.856801633595361,0.648723393302326,0.271743837148295
149.31,0,9.08982935660325,0.726744891534878,0.856490460840539,0.652319549727124,0.270030539250453
149.32,0,9.15424653576086,0.725176558669141,0.857196879141605,0.647813615435021,0.270732441943922
149.33,0,9.2190982473863,0.724306722401698,0.857151418904141,0.64955979367181,0.269237590936479
149.34,0,9.28437861604749,0.719470900370882,0.857219494345989,0.646508935934273,0.270577738337301
149.35,0,9.35008160125492,0.722560067337547,0.858876786555436,0.649364626472434,0.268253941975489
149.36,0,9.41620099842106,0.720527451686465,0.860544909078232,0.647220856269433,0.269262921285048
149.37,0,9.48273043996296,0.719103915533469,0.856288522090687,0.649174231749343,0.270291091183894
149.38,0,9.54966339655022,0.721227566135406,0.857906768031627,0.64679676108173,0.270411568248835
149.39,0,9.61699317850004,0.718548669597473,0.8596636819669,0.648618641548677,0.27012778123712
149.4,0,9.68471293731991,0.713116515539877,0.859200824567673,0.647160230113847,0.271823060798844
149.41,0,9.75281566740037,0.713407050743684,0.861143142761435,0.646564952516096,0.270426813491574
149.42,0,9.82129420785861,0.713824820570002,0.859221163176654,0.648779691915981,0.270280694397883
149.43,0,9.89014124453359,0.708969286286892,0.85920413091321,0.647453700374553,0.271286119661137
149.44,0,9.95934931213373,0.71323022276507,0.860454956869842,0.64673592296399,0.271326357737182
149.45,0,10.0289107965384,0.703726144952074,0.859400858361086,0.646218515080278,0.269043399327892
149.46,0,10.0988179372524,0.70657583084942,0.863907364845951,0.648338861283736,0.270704439721269
149.47,0,10.1690628300151,0.707896955009276,0.858904476906316,0.644834655718805,0.271953837479721
149.48,0,10.2396374295632,0.705147832303737,0.860622456389304,0.642911212783687,0.272484657413484
149.49,0,10.3105335525483,0.705247324894006,0.860689147867609,0.647842364596246,0.270025889152951
149.5,0,10.3817428806066,0.70661304324057,0.862383932907502,0.64596765700334,0.271855150724051
149.51,0,10.4532569635842,0.703049631860537,0.86066343602373,0.646911766172701,0.271396985727888
149.52,0,10.5250672229127,0.70230611093751,0.860950918953609,0.643846594825992,0.2674357946465
149.53,0,10.5971649551377,0.700663908040876,0.861283670242459,0.647036402629726,0.270179687110413
149.54,0,10.6685655485201,0.70159247088434,0.86441199558418,0.646399922869697,0.271862868422077
149.55,0,10.7390034754049,0.696280827604329,0.865463804435348,0.644097944525611,0.270342801335514
149.56,0,10.8093759913005,0.698919650627469,0.860566316480252,0.647225549178599,0.267433087596247
149.57,0,10.8799218782146,0.695199658234463,0.864798322771553,0.64735374779578,0.27003003211796
149.58,0,10.9506767287509,0.693196715905787,0.864535115449976,0.647996580989956,0.271064527869313
149.59,0,11.02163833816,0.693666263684357,0.863355243122109,0.645333541239127,0.26954904512256
149.6,0,11.0927985138346,0.693441704174138,0.862967858250201,0.645064435681164,0.271440303464457
149.61,0,11.164148139134,0.691320287681567,0.864269135614014,0.645037963478457,0.268039320048042
149.62,0,11.2356779086962,0.69032145590264,0.866539301886226,0.644520179744338,0.267795066082042
149.63,0,11.3073784324817,0.688487417874523,0.863540983219114,0.648208760146356,0.273255594055831
149.64,0,11.3792402535741,0.686821363944651,0.864186368837234,0.649020209264944,0.271366948353408
149.65,0,11.451253854808,0.687812672906793,0.863311596896173,0.644682522701405,0.273447621751404
149.66,0,11.5234096640797,0.686231372952252,0.868334067877172,0.644715688462323,0.269914839263555
149.67,0,11.5956980595884,0.683488919457609,0.866147769862567,0.643809736395837,0.269160018823031
149.68,0,11.668109375156,0.682460781621082,0.865925495010811,0.645011355469172,0.268717454294361
149.69,0,11.7406339056404,0.682703147643091,0.864060774419507,0.646058056833044,0.268818738436768
149.7,0,11.8132619124417,0.682119375117641,0.868698125600214,0.645551856453624,0.272103339663439
149.71,0,11.8859836290946,0.681331815185342,0.867349235016446,0.643618695955195,0.271584362493745
149.72,0,11.9587892669447,0.679958963857645,0.867166523959563,0.647127564541256,0.27048784960266
149.73,0,12.0316690209033,0.678106394264292,0.868214193935912,0.645003111449243,0.267822428712047
149.74,0,12.1046130752765,0.676947804670151,0.868524527810611,0.64434777224252,0.271679319867913
149.75,0,12.1776116096615,0.676233845879445,0.867502768274453,0.647393779614024,0.268834701910347
149.76,0,12.250654804909,0.675457057857175,0.868334934119711,0.645065325648943,0.269558983810398
149.77,0,12.3237328491428,0.672775277395873,0.870199997333471,0.644962450169881,0.267455243617645
149.78,0,12.3968359438332,0.67628427829038,0.869920565393276,0.646322562615581,0.269046268315755
149.79,0,12.4699543099185,0.672281916191411,0.869618517776548,0.640402531962328,0.269872877295668
149.8,0,12.5430781939697,0.668824254931226,0.871187597910321,0.641457160681142,0.270708900048871
149.81,0,12.6161978743904,0.667739247361298,0.868753483178196,0.642267924316004,0.269350381431735
149.82,0,12.6893036676499,0.667266216390328,0.869001164157029,0.644578908729856,0.270145800386467
149.83,0,12.7623859345408,0.66812037864062,0.872075876803441,0.644735733771744,0.271032083724995
149.84,0,12.8354350864563,0.666041328983228,0.870855204998811,0.644403253291152,0.269102477014792
149.85,0,12.9084415916815,0.66769618226715,0.871423801307983,0.639981611469812,0.272109076930085
149.86,0,12.9813959816924,0.663371174057277,0.870466489864573,0.643399439390124,0.270415088139442
149.87,0,13.0542888574566,0.66296675027258,0.86934062211918,0.645367029328867,0.26883312016057
149.88,0,13.1271108957299,0.663224950479513,0.870692708790877,0.643370362525747,0.268763801867938
149.89,0,13.1998528553423,0.663304560538765,0.870552322524059,0.642799115503911,0.27096388460306
149.9,0,13.2725055834678,0.661242545433744,0.873067496675761,0.64315191701612,0.271040044976117
149.91,0,13.3450600218715,0.660813007900224,0.872299901869987,0.643824615252066,0.267882777649576
149.92,0,13.4175072131277,0.65822529107466,0.871548049292945,0.643984941302522,0.271673936667146
149.93,0,13.4898383068037,0.656715892088447,0.871262129502648,0.642834157481093,0.27192927450581
149.94,0,13.5620445656022,0.658096151551845,0.874920722487305,0.643277667320175,0.27027963521508
149.95,0,13.6341173714567,0.657299776703249,0.873849735310082,0.643458991152555,0.271200077051022
149.96,0,13.7060482315744,0.656020519913988,0.874889878137971,0.641605889270007,0.274080817865631
149.97,0,13.7778287844187,0.653301805940361,0.874523053083029,0.642606766245163,0.269676091372103
149.98,0,13.8494508056282,0.653546336612422,0.873757806297769,0.644253697461493,0.272114425423321
149.99,0,13.9209062138634,0.652617677107403,0.872650501736007,0.646527284219534,0.270293033980825
150,0.85,13.9921870765772,0.652800221500104,0.874981137101949,0.642391299617848,0.269080182741668
150.01,0.85,14.0632856157027,0.650710369806066,0.876553740566454,0.641627784148252,0.271474674305931
150.02,0.85,14.134194213253,0.648472827681133,0.877298455121731,0.641969971932619,0.271493753114124
150.03,0.85,14.2049054168261,0.6497271105319,0.876305298763977,0.644719954057579,0.268233754047894
150.04,0.85,14.275411945012,0.649058266266905,0.878907518108107,0.643331886795071,0.27158479389573
150.05,0.85,14.3457066926937,0.645548456088849,0.873820217020373,0.644615089409841,0.269722493509199
150.06,0.85,14.4157827362391,0.646356488127339,0.874226552173945,0.644533697533017,0.267904574176362
150.07,0.85,14.485633338577,0.646573238063666,0.875435329905645,0.64450444280755,0.269769972468898
150.08,0.85,14.5552519541541,0.644420881230698,0.876525012361582,0.643900133590313,0.26955196035186
150.09,0.85,14.6246322337658,0.644374419735475,0.876821671729886,0.643650847106379,0.269493027873504
150.1,0.85,14.6937680292577,0.63970995586673,0.877736285762748,0.642241301753924,0.270837489457071
150.11,0.85,14.7626533980936,0.639764028018563,0.880984961988312,0.643455340441511,0.269606346041835
150.12,0.85,14.831282607784,0.640695346081111,0.881287298047455,0.641929637581166,0.270017083941783
150.13,0.85,14.8996501401714,0.642397472459034,0.877699907589491,0.646724072490912,0.269696960094304
150.14,0.85,14.9677506955701,0.639661612522763,0.877164853966235,0.645568093103834,0.269535235327376
150.15,0.85,15.0355791967533,0.639195770639746,0.876822875000848,0.642170926506769,0.26983966198293
150.16,0.85,15.1031307927874,0.638493729541778,0.877946708955645,0.642793754355415,0.269570503626338
150.17,0.85,15.1704008627071,0.63890263862729,0.880055960135845,0.644437794327145,0.27220203041601
150.18,0.85,15.2373850190294,0.637660636591796,0.882040392913689,0.643531236153463,0.27044948274002
150.19,0.85,15.3040791111032,0.635559918093614,0.879633955111264,0.644670582116283,0.271457632852886
150.2,0.85,15.3704792282919,0.635368674744965,0.881665965558434,0.644372078067734,0.268966209882481
150.21,0.85,15.4365817029846,0.635905622163647,0.881533714128676,0.644346925630967,0.270451787536431
150.22,0.85,15.5023831134359,0.632175078771427,0.879644444774133,0.643115214638456,0.267897660492474
150.23,0.85,15.5678802864303,0.630514209885332,0.880337822117994,0.640614090959688,0.270314812045516
150.24,0.85,15.6330702997691,0.632864896896739,0.882440364411608,0.642718000436538,0.272313604558504
150.25,0.85,15.6979504845788,0.627878720249443,0.884630465779347,0.643351665777423,0.270037983813415
150.26,0.85,15.7625184274387,0.630997701729517,0.88362873606201,0.643611441283849,0.270618394854837
150.27,0.85,15.8267719723264,0.627690322464932,0.881734060979881,0.643162895246286,0.269523462588187
150.28,0.85,15.8907092223796,0.629989497175855,0.885360442388693,0.643776150354035,0.267377885974246
150.29,0.85,15.954328541474,0.628038538620367,0.881301296832895,0.642867465215731,0.269374196502835
150.3,0.85,16.0176285556159,0.628170953568467,0.884141172635009,0.645295974523327,0.273387339485786
150.31,0.85,16.0806081541485,0.627819958905013,0.88410292691778,0.644053988726811,0.268932427005553
150.32,0.85,16.1432664907724,0.626450934416642,0.885360485619154,0.647700687172506,0.271225226764447
150.33,0.85,16.2056029843796,0.625769234485691,0.884398971406931,0.644759669675966,0.267210772553673
150.34,0.85,16.2676173197011,0.623205697100019,0.886055918927202,0.644261551872403,0.269578543032528
150.35,0.85,16.329309447768,0.623919353729935,0.883606993228534,0.644176524651467,0.26754858150549
150.36,0.85,16.3906795861877,0.623917028769928,0.881013622467922,0.646307830282572,0.26919212177875
150.37,0.85,16.4517282192342,0.620890405603472,0.887929675418067,0.646259174083135,0.26982225796071
150.38,0.85,16.5124560977545,0.623024250650608,0.885302434963902,0.644588144082742,0.269492505986092
150.39,0.85,16.5728642388916,0.620816530997409,0.88422665396906,0.645476815619002,0.268397992875077
150.4,0.85,16.632953925626,0.622308356459992,0.885650898040555,0.642119996543722,0.270237464471513
150.41,0.85,16.6927267061358,0.617708314851566,0.888958369064631,0.645123222535279,0.269642626996851
150.42,0.85,16.7521843929787,0.620889076466331,0.886115152076066,0.64376363633924,0.269407238021072
150.43,0.85,16.811329062096,0.617550010877157,0.887933427940142,0.643596631289089,0.27045831020391
150.44,0.85,16.8701630516414,0.619002127843624,0.888228280523132,0.643350498532486,0.268250815187764
150.45,0.85,16.9286889606373,0.618240613489725,0.889045944563865,0.645868260586872,0.27107786795074
150.46,0.85,16.9869096474593,0.618075563249892,0.889391260371044,0.646040996056579,0.272191757940964
150.47,0.85,17.0448282281524,0.617494059427653,0.889275610577849,0.644132870159388,0.270625923946884
150.48,0.85,17.1024480745817,0.616217528924552,0.887519596333196,0.644550287996069,0.269694657739257
150.49,0.85,17.1597728124193,0.614129617986727,0.887686015150986,0.644001282940294,0.270934564968654
150.5,0.85,17.2168063189709,0.613876044894162,0.885788029334427,0.645346318129484,0.269852555170017
150.51,0.85,17.2735527208451,0.61465913746202,0.889603416540951,0.647000355810823,0.271921168032495
150.52,0.85,17.3300163914687,0.615007897592719,0.888906745283283,0.645253551849638,0.270373354733814
150.53,0.85,17.3862019484499,0.612024789686386,0.887925118089943,0.646368520462724,0.26767843035324
150.54,0.85,17.4421142507945,0.613194127678792,0.890554515276937,0.647524593342306,0.270872367596882
150.55,0.85,17.4977583959778,0.611679151529139,0.891580071751623,0.648284012800071,0.270567075731047
150.56,0.85,17.5531397168746,0.612124945952847,0.890287192055732,0.647717000201116,0.271261943110122
150.57,0.85,17.6082637785533,0.60940884648693,0.887834432263988,0.646902929052022,0.269056687812332
150.58,0.85,17.6631363749355,0.608107998442859,0.893355828352912,0.649229907875905,0.270542160416244
150.59,0.85,17.7177635253258,0.609667280717296,0.891925453535137,0.649262446845209,0.268498064044773
150.6,0.85,17.772151470816,0.60842198019146,0.890680499685528,0.648138430809733,0.26978056108821
150.61,0.85,17.8263066705667,0.606920671587176,0.890208021351957,0.651480865512816,0.271636381939255
150.62,0.85,17.8802357979712,0.60644617066954,0.893727556765534,0.646859659472165,0.270820132099793
150.63,0.85,17.9339457367043,0.606573826893991,0.891190937344609,0.647499457234403,0.270218519353446
150.64,0.85,17.9874435766618,0.607757774392935,0.890067673354749,0.649505160813516,0.2678893661135
150.65,0.85,18.040736609793,0.604548210745214,0.890399232084107,0.648333209983892,0.270358794536377
150.66,0.85,18.0938323258313,0.603490770823496,0.893807043166521,0.648529216061578,0.26978023458092
150.67,0.85,18.1467384079268,0.602667726068952,0.893455000869924,0.647620800657008,0.269846363994672
150.68,0.85,18.1994627281847,0.604328261747625,0.890749158425173,0.649520805461591,0.269520833360459
150.69,0.85,18.2520133431135,0.604895491620168,0.894219382907567,0.648556015498198,0.269542568781687
150.7,0.85,18.3043984889876,0.603623341693215,0.893115626014046,0.649464754501461,0.270350991085292
150.71,0.85,18.3566265771277,0.603889931910563,0.893037558606636,0.650143762074563,0.273894594131531
150.72,0.85,18.4087061891035,0.602905327774173,0.892675985569318,0.649376985266979,0.270183183862556
150.73,0.85,18.4606460718629,0.603097499749536,0.893118518011345,0.647499602899948,0.270174217345248
150.74,0.85,18.5124551327901,0.599773531027795,0.894844957191786,0.649566973789677,0.270792310075679
150.75,0.85,18.5608991308066,0.597890492602164,0.895647765653868,0.650070727923457,0.270015813704425
150.76,0.85,18.5823779823301,0.597186914722085,0.894877954954141,0.650544632376516,0.267648574659753
150.77,0.85,18.5902137611781,0.600133687453089,0.894394197896695,0.650042337492193,0.270333636984129
150.78,0.85,18.5949011943187,0.6017172904433,0.89446702877958,0.649321050620755,0.269780619241475
150.79,0.85,18.5987689959958,0.600874424219573,0.89591219513027,0.651111298529338,0.268202188191967
150.8,0.85,18.6026035205683,0.599055579277414,0.898003963753132,0.649014930516402,0.271046608759268
150.81,0.85,18.6064065448995,0.60153193767972,0.895560589864211,0.650274710655344,0.273114188040248
150.82,0.85,18.6101798451788,0.600636908910903,0.89699694488719,0.6516524703105,0.268775429269831
150.83,0.85,18.6139251961194,0.599462582671386,0.895126997301826,0.652290549397812,0.269921758480661
150.84,0.85,18.6176443701556,0.602374991485267,0.895120599374179,0.650213730241842,0.269041399325174
150.85,0.85,18.6213391366407,0.600904875728836,0.898345101438403,0.649982517419119,0.271787059505552
150.86,0.85,18.6250112610447,0.598754516521874,0.898611215745726,0.651052080086349,0.269724391830789
150.87,0.85,18.6286625041526,0.60201632309972,0.898411799511505,0.652071548066012,0.267596621203705
150.88,0.85,18.6322946212641,0.601910397851458,0.897577821935376,0.650852857540767,0.272357048051452
150.89,0.85,18.6359093613942,0.600623226109491,0.89821379346637,0.651975104769474,0.271144923389978
150.9,0.85,18.6395084664751,0.599219898966356,0.900605957798045,0.653963596379663,0.27123029998845
150.91,0.85,18.5711854313068,0.603340984578753,0.89877532497702,0.650031268462073,0.269520265127511
150.92,0.85,18.5113273348946,0.602069943250915,0.899934096718872,0.650674073790463,0.269026734192982
150.93,0.85,18.4858885483279,0.601540191098319,0.898751748330526,0.649758939281863,0.272674074427906
150.94,0.85,18.4683336828187,0.601464395353917,0.899782838497075,0.652370749888168,0.269313864110642
150.95,0.85,18.4521991304444,0.602240270151853,0.900069468296148,0.652675526243561,0.270953904546226
150.96,0.85,18.4362996691771,0.603020790389498,0.901135094099048,0.653957252211418,0.270615569067946
150.97,0.85,18.4204465980056,0.602791573721099,0.89885732945924,0.652823015291178,0.269963092879001
150.98,0.85,18.4046186890321,0.602930665562685,0.897049429425547,0.649772515900051,0.27313483620658
150.99,0.85,18.3888212523578,0.605630104355087,0.898356472942743,0.652504932939524,0.269004967523292
151,0.85,18.3730635855744,0.603282668221348,0.902467404276034,0.650777707755557,0.269945933141623
151.01,0.85,18.3573554800748,0.603239368009424,0.903953722227285,0.653291913752875,0.269673829478978
151.02,0.85,18.3417066875805,0.602888480246944,0.902009288667063,0.653113404686236,0.269059596814429
151.03,0.85,18.3261268369423,0.603889980007013,0.901529759805698,0.65316580764162,0.269850563107699
151.04,0.85,18.3106254185814,0.60396568126984,0.902895894143396,0.653669792989273,0.268598080073881
151.05,0.85,18.2952117790767,0.606970168912199,0.90253757968115,0.653669380046426,0.27137066857195
151.06,0.85,18.279895117339,0.60504344958888,0.900717728654093,0.652153806658083,0.27018305907115
151.07,0.85,18.2646844811091,0.605363909970498,0.903355616637684,0.655593501140734,0.270209256013551
151.08,0.85,18.2495887635928,0.605058437397401,0.902847159405167,0.653944951498192,0.268483349637816
151.09,0.85,18.2346167002042,0.606296618712027,0.902021207988917,0.651660468584549,0.270521195147654
151.1,0.85,18.2197768654127,0.602973618754535,0.900815695332102,0.654940901494244,0.270778449436753
151.11,0.85,18.2050776696922,0.606498069370287,0.904014019295195,0.652055000013028,0.268870887918913
151.12,0.85,18.190527356571,0.606662781551945,0.903339799579969,0.654036843809631,0.269609520382087
151.13,0.85,18.1761339997808,0.606232054750888,0.903845700033061,0.655002807522683,0.27065696912312
151.14,0.85,18.1619055005039,0.605132106690103,0.903064472041217,0.653891328412909,0.270831351011381
151.15,0.85,18.1478495847177,0.607003184674865,0.905497527725941,0.654742929990479,0.269572111843585
151.16,0.85,18.133973800633,0.605532292909037,0.9026304883949,0.65539499980588,0.270085611772553
151.17,0.85,18.1202855162282,0.604761329242786,0.90382906844161,0.65384707460708,0.271123489695956
151.18,0.85,18.1067919168739,0.606991331237854,0.902521779290509,0.653717226002544,0.268912216080703
151.19,0.85,18.0935000030491,0.606964213598005,0.903244506097096,0.654687012898287,0.26851589652585
151.2,0.85,18.0804165881464,0.605319990047432,0.903462477700029,0.655606742095724,0.266475973077684
151.21,0.85,18.0675482963651,0.610125195563158,0.903426782297346,0.654129417099213,0.270071907271451
151.22,0.85,18.0549015606892,0.608769177610424,0.903723919414461,0.65542913068968,0.269431616522193
151.23,0.85,18.0424826209511,0.608945429202402,0.903292617867017,0.654284432748708,0.271021431444428
151.24,0.85,18.0302975219763,0.610646306215133,0.906121867288787,0.654693580490995,0.269037393529213
151.25,0.85,18.0183521118105,0.608906640569064,0.907787917278391,0.653424649557352,0.270801779506128
151.26,0.85,18.0066520400251,0.608777747691708,0.905110394709292,0.654845817029016,0.270514533063371
151.27,0.85,17.9952027561006,0.610731105233384,0.908467019278153,0.656655146978364,0.267607981852887
151.28,0.85,17.9840095078861,0.608068314372973,0.906214928623492,0.659302683207665,0.268534384614416
151.29,0.85,17.973077340133,0.60701963925542,0.905940904598209,0.656513621326477,0.271736105945272
151.3,0.85,17.9624110931014,0.60794189066157,0.907784166283295,0.655334035681543,0.271265145169817
151.31,0.85,17.952015401238,0.607723556882105,0.906282391545513,0.656625793970991,0.270781712997713
151.32,0.85,17.9418946919231,0.607958044113669,0.906266684086433,0.65595485151283,0.269834206297446
151.33,0.85,17.9320531842861,0.612247628627321,0.905390560374963,0.656229659571645,0.271017597259896
151.34,0.85,17.9224948880872,0.612328126615627,0.906261418701973,0.656550542210303,0.268681992188148
151.35,0.85,17.9132236026645,0.609932398785202,0.908922968542483,0.657427904693597,0.272178164723091
151.36,0.85,17.9042429159443,0.610857049923714,0.907492146664819,0.657023808630021,0.271533719125608
151.37,0.85,17.8955562035145,0.608595527925155,0.908055884080516,0.656420530373081,0.269595713731237
151.38,0.85,17.887166627758,0.61154743277541,0.910154599789912,0.653791853593112,0.270123102484633
151.39,0.85,17.8790771370462,0.611317507157225,0.907208892294324,0.657089793907655,0.270454582479316
151.4,0.85,17.8712904649915,0.611541722160961,0.909005264699855,0.657920037986368,0.271649624067763
151.41,0.85,17.863809129756,0.611049397326293,0.909844679595221,0.655949714496941,0.268565503995514
151.42,0.85,17.856635433417,0.607790037558597,0.906938866225474,0.658323626848027,0.270185312680864
151.43,0.85,17.849771461388,0.611020006681717,0.908685582969746,0.656260730995599,0.271396803859171
151.44,0.85,17.8432190818929,0.609832853150707,0.908747873959573,0.656016295929323,0.271092699902428
151.45,0.85,17.8369799454942,0.608918091297139,0.909142390398789,0.658186047658229,0.270030064281915
151.46,0.85,17.8310554846733,0.610540650802362,0.908143496673175,0.654536359265928,0.268409439742293
151.47,0.85,17.8254469134625,0.61076962379021,0.910882903200021,0.65638943243512,0.270169283318447
151.48,0.85,17.8201552271276,0.612077175113832,0.909659775083085,0.658902781811536,0.271791500425415
151.49,0.85,17.8151812019014,0.609434582471391,0.90995116901355,0.65547768639619,0.267718716098164
151.5,0.85,17.8105253947662,0.610947787083514,0.911712844027611,0.657274437293721,0.27076533050843
151.51,0.85,17.8061881432862,0.610707643255935,0.905740133038345,0.656096915002471,0.272876319212641
151.52,0.85,17.8021695654885,0.611478194549149,0.910188566695078,0.657489141852878,0.269800518039895
151.53,0.85,17.7984695597921,0.611837303506636,0.907790860946409,0.657818522052612,0.270351259165373
151.54,0.85,17.7950878049862,0.610950211465326,0.9113804892537,0.655208370875636,0.270924466154503
151.55,0.85,17.792023760256,0.61217917748519,0.910215452250744,0.656124893892974,0.268997763477967
151.56,0.85,17.7892766652564,0.615298362932705,0.909155702862741,0.657620787679344,0.272059371222588
151.57,0.85,17.7868455402341,0.612641272424662,0.913351676431171,0.656806179103259,0.270217128617877
151.58,0.85,17.7847291861979,0.612315611271642,0.91152660766535,0.656643446082809,0.271646717281705
151.59,0.85,17.7829261851367,0.614970387486855,0.909974167374649,0.655649139054125,0.271216487854756
151.6,0.85,17.7814349002867,0.614305808891085,0.910771485081156,0.654454014931433,0.270898969775918
151.61,0.85,17.7802534764468,0.611136586979525,0.910147057533437,0.656889373929586,0.268140502209811
151.62,0.85,17.7793798403437,0.615696826035867,0.91338742677932,0.658562332764386,0.269941297238607
151.63,0.85,17.7788117010464,0.613931083063803,0.913989547677104,0.657171253508173,0.269763472728615
151.64,0.85,17.7785465504309,0.61336170834042,0.908233038090112,0.658497876025021,0.270450615832947
151.65,0.85,17.7785816636962,0.610915180591343,0.910411484137976,0.656714816954081,0.272445732075921
151.66,0.85,17.7789140999311,0.612001573196002,0.913749087216031,0.657363842908789,0.270480290780903
151.67,0.85,17.7795407027339,0.614730103773467,0.914190536886367,0.659249268600737,0.270178322621873
151.68,0.85,17.7804581008851,0.61493820606479,0.912101068210109,0.658920326864182,0.269842038100608
151.69,0.85,17.7816627090741,0.614068516606301,0.913576818302259,0.657306107372602,0.269904654775947
151.7,0.85,17.7831507286806,0.612272601342611,0.913080839019065,0.656656864898137,0.268631549524887
151.71,0.85,17.7849181486131,0.611622527032313,0.913009726474487,0.656246606296622,0.270092206394108
151.72,0.85,17.7869607462027,0.613534669728805,0.9122764465794,0.656197968917691,0.265802623562328
151.73,0.85,17.7892740881577,0.614210649099944,0.914936536176837,0.656959071924743,0.27019009196811
151.74,0.85,17.7918535315752,0.613420198309508,0.913766746094691,0.655901482635285,0.2703171379286
151.75,0.85,17.7946942250151,0.613555153396122,0.916788794046588,0.658953566915593,0.272866889629346
151.76,0.85,17.7977911096358,0.61289269024393,0.912682279400779,0.657479832507135,0.271533616639593
151.77,0.85,17.8011389203931,0.610932259712354,0.916949480711578,0.657356623301887,0.269688630404777
151.78,0.85,17.804732187304,0.614506303219079,0.911093761404428,0.657773184243299,0.270407211253718
151.79,0.85,17.8085652367772,0.614561610444449,0.917442814322752,0.654716314809112,0.26804957146618
151.8,0.85,17.8126321930113,0.6146387913858,0.914640158203794,0.655844554913609,0.268038343759522
151.81,0.85,17.8169269794613,0.613714932379306,0.915795981921241,0.656692903601738,0.269233912309016
151.82,0.85,17.8214433203777,0.616066345742715,0.915342964638304,0.656009601495746,0.270323137845983
151.83,0.85,17.8261747424166,0.613976558907128,0.914651172030335,0.655910865372466,0.27220487218751
151.84,0.85,17.8311145763244,0.615276419196936,0.916535543553798,0.655363435750325,0.268431161413428
151.85,0.85,17.8362559586979,0.61016558185226,0.916420986681652,0.657953634309,0.273302218145594
151.86,0.85,17.8415918338222,0.613005237103558,0.914206471251638,0.655637722259804,0.270419879666452
151.87,0.85,17.8471149555863,0.611099575952447,0.916280323396644,0.656123857196717,0.271402501359154
151.88,0.85,17.8528178894807,0.614443387024955,0.916345673249942,0.656870749438463,0.272018844773064
151.89,0.85,17.8586930146756,0.612723416182023,0.913962324555755,0.656087723643761,0.268931028045983
151.9,0.85,17.8647325261844,0.617423697554792,0.915063835960374,0.657593424193802,0.269959843888161
151.91,0.85,17.870928437111,0.614484433807331,0.914292872979768,0.658277689197463,0.270591701859739
151.92,0.85,17.877265632897,0.613267261160214,0.914427723664204,0.656278535697983,0.267397363489454
151.93,0.85,17.8836463374163,0.613784888855964,0.916370859075101,0.656156544521687,0.270291250281873
151.94,0.85,17.8900429389365,0.612588217231271,0.916402492422258,0.658492627489907,0.272079777208636
151.95,0.85,17.8964540448264,0.613941802456103,0.915069111688387,0.65682027127107,0.269141295433862
151.96,0.85,17.9028782376538,0.613151798758115,0.914990578318251,0.655484300645539,0.26739829556934
151.97,0.85,17.9093140757559,0.611888949630791,0.916552349057471,0.653282432332345,0.272182109435023
151.98,0.85,17.9157600938175,0.61260078140954,0.913855519010094,0.654277403674211,0.269807083424583
151.99,0.85,17.9222148034601,0.613994295599224,0.917478163880543,0.654153428091311,0.270969896746228
152,0.85,17.9286766938376,0.615073670267824,0.916703888338557,0.654570219850055,0.269193027152526
152.01,0.85,17.935144232242,0.615701076437775,0.91425561082764,0.657580996333009,0.271696220142387
152.02,0.85,17.9416158647157,0.615554944821781,0.919596515208938,0.654840105619145,0.267851065062632
152.03,0.85,17.948090016672,0.61492732992079,0.916802570902389,0.65691107323831,0.270618612145073
152.04,0.85,17.9545650935231,0.611673872520658,0.917532640514493,0.655751381831449,0.269435531214666
152.05,0.85,17.9610394813144,0.612535442498205,0.915919954690706,0.655176517146446,0.268415612896234
152.06,0.85,17.9675115473667,0.615364606859754,0.915989338799438,0.653818951683542,0.267904574694878
152.07,0.85,17.973979640923,0.6157318880085,0.917811936653334,0.65361558847776,0.268113211036273
152.08,0.85,17.9804420938033,0.613100075443313,0.91598733591859,0.652224258941404,0.268392339344599
152.09,0.85,17.9868972210634,0.615057770809298,0.916526387278379,0.651997163831698,0.269343781996911
152.1,0.85,17.9933433216605,0.616030247243011,0.9200953213771,0.654837006094568,0.268631151679031
152.11,0.85,17.9997786791226,0.614312933693732,0.916979667660917,0.653237441539196,0.272944068306903
152.12,0.85,18.0062015622238,0.613648625210388,0.916415611564789,0.652311033000031,0.270951412427741
152.13,0.85,18.0126102256636,0.613249989593365,0.919180555091951,0.653897372303206,0.271371395333096
152.14,0.85,18.01900291075,0.613345062459198,0.915361941816603,0.652768140227925,0.271691673081559
152.15,0.85,18.0253778460869,0.610935328506096,0.91772030067362,0.65220609874995,0.271290893409753
152.16,0.85,18.0317332482651,0.614590401343537,0.917975504253773,0.652602616614356,0.270922999587724
152.17,0.85,18.0380673225561,0.613520311077059,0.9164478153218,0.652933204077195,0.272228324426298
152.18,0.85,18.0443782636087,0.613232894689508,0.919497534044954,0.652139880522521,0.271755389034724
152.19,0.85,18.0506642561489,0.615093128234155,0.916977396438339,0.653406246581212,0.268703588881512
152.2,0.85,18.0569234756817,0.615802779320043,0.919114384085227,0.653394178301601,0.269803505609796
152.21,0.85,18.0631540891943,0.613553235866877,0.920593573881683,0.653318118238877,0.270048128618542
152.22,0.85,18.069354255862,0.613876824542787,0.919399125792031,0.650017554297285,0.26832311940041
152.23,0.85,18.0755221277551,0.613897993124048,0.922263770143085,0.648962921906971,0.270819515295826
152.24,0.85,18.0816558505463,0.615056163654135,0.916331856808882,0.653266909915143,0.269387595547422
152.25,0.85,18.08775356422,0.613455195411702,0.916508134300463,0.652354560865887,0.270687670132316
152.26,0.85,18.093813403781,0.61409473958639,0.917919408433669,0.653360064797039,0.269189808547103
152.27,0.85,18.0998334999644,0.613112874494844,0.918522584173865,0.650396020301387,0.271579825278675
152.28,0.85,18.105811979945,0.615762844669091,0.918754588216257,0.651560383608078,0.269058373448544
152.29,0.85,18.1117469680458,0.615670703897675,0.916884024371774,0.651757728096348,0.272227711219089
152.3,0.85,18.1176365864475,0.613245948863657,0.919028619756613,0.648553671563642,0.272323364833662
152.31,0.85,18.1234789558951,0.613425933912727,0.918412813263651,0.651846672689703,0.268702337158123
152.32,0.85,18.1292721964049,0.614047007265579,0.92020035092851,0.650621139802439,0.268438767702634
152.33,0.85,18.1350144279697,0.613545904258935,0.916903466794941,0.648253625470069,0.270954170378293
152.34,0.85,18.1407037712618,0.612728221644031,0.919633388078931,0.650920324734367,0.270768023217204
152.35,0.85,18.1463383483345,0.610556311905305,0.919747654566268,0.646447852914188,0.270002011036499
152.36,0.85,18.1519162833221,0.614153024000891,0.91728432217405,0.649398676352128,0.268390321456526
152.37,0.85,18.1574357031357,0.611149842073557,0.916403547632409,0.650249775598947,0.270099804121285
152.38,0.85,18.1628947381583,0.613290857342738,0.917584440520057,0.650251326583962,0.268308498372509
152.39,0.85,18.1682915229358,0.615234033195381,0.919199113717577,0.648625170478086,0.271676043805445
152.4,0.85,18.1736241968651,0.616865902500655,0.918972217537253,0.649813883155434,0.269052209220666
152.41,0.85,18.178890904879,0.616386135971669,0.916947621764642,0.648095276467136,0.269058041262627
152.42,0.85,18.1727984369832,0.614900813572096,0.918670426640204,0.65120349118325,0.270292756928774
152.43,0.85,18.162991589028,0.613442575116855,0.91658745475325,0.649651122146179,0.270853136160114
152.44,0.85,18.1605299410459,0.614551965198024,0.92075988811241,0.649476360269983,0.269490248731753
152.45,0.85,18.1593110695992,0.613377170986131,0.917322051294826,0.64677842279491,0.27001873836986
152.46,0.85,18.157891178091,0.614979097810069,0.91764523472371,0.649686989311069,0.270097997838485
152.47,0.85,18.1560357534989,0.614099917272736,0.917028127760439,0.647090230061299,0.27112232389674
152.48,0.85,18.1537049988371,0.61494577560071,0.919976919653536,0.649327104954543,0.269999040075022
152.49,0.85,18.1508845113983,0.613324959426282,0.918915194465215,0.645336446682358,0.269575048828688
152.5,0.85,18.1475627977331,0.616723712102146,0.920183063955284,0.647887861633038,0.271268402209479
152.51,0.85,18.143728748549,0.613788000769211,0.920385130337342,0.648403801592324,0.270326124352971
152.52,0.85,18.1393714058991,0.614328072221402,0.920595953889812,0.648174700646824,0.270890102391371
152.53,0.85,18.1344799527927,0.61443999104161,0.918764385803501,0.65126189170867,0.269786129810347
152.54,0.85,18.1290437196904,0.615559913346378,0.917358494178162,0.645580148654799,0.272727290368796
152.55,0.85,18.123052191624,0.616046966770473,0.918004250081455,0.647667918519021,0.26874276214644
152.56,0.85,18.1164950151964,0.614476351295784,0.920197602824534,0.644581195561156,0.268845578631116
152.57,0.85,18.1093620055134,0.615521154540027,0.918398890397685,0.646101912708104,0.269872017028262
152.58,0.85,18.1016431530621,0.614015321819828,0.918344706285798,0.646896603747994,0.270058054982137
152.59,0.85,18.0933286305337,0.617526779917835,0.917158076706474,0.645018734327402,0.269663363641714
152.6,0.85,18.0844087995831,0.615498294100294,0.920037670643914,0.647021148384342,0.269522274642925
152.61,0.85,18.0748742175216,0.619462359116764,0.916498732702263,0.648506722296007,0.270040283505216
152.62,0.85,18.0647156439327,0.616084342170061,0.917795838474289,0.646042639078473,0.268695772873809
152.63,0.85,18.0539240472068,0.616729474496463,0.920817283068971,0.646201382500904,0.270075482947927
152.64,0.85,18.0424906109876,0.615124331712874,0.918896645678084,0.647653677476017,0.2681257841664
152.65,0.85,18.0304067405223,0.615845354354607,0.918882743394644,0.647580485972702,0.269912882666323
152.66,0.85,18.0176640689109,0.61469537732385,0.916655293297422,0.643915232703219,0.270413181909174
152.67,0.85,18.0042544632459,0.618030034943904,0.919582576243069,0.643339759796024,0.268705177819153
152.68,0.85,17.9901700306377,0.615805370591774,0.920388189515037,0.646432421686211,0.267332560859408
152.69,0.85,17.9754031241179,0.621364860266619,0.918992278207764,0.644659394574001,0.269902705474663
152.7,0.85,17.9599463484141,0.617152152683041,0.917672897089154,0.644735561401033,0.267515719977571
152.71,0.85,17.9437925655905,0.620011143313237,0.916703627034437,0.644816227260545,0.270728137090113
152.72,0.85,17.9269349005465,0.616982306611926,0.920184378611843,0.642935939570551,0.270824976495599
152.73,0.85,17.9093667463693,0.61814200513785,0.916735568864998,0.647446792997467,0.271028554029338
152.74,0.85,17.8910817695311,0.619360818836006,0.919718753498498,0.64456745051811,0.269937662048978
152.75,0.85,17.8720739149281,0.618913422965325,0.918039991056607,0.645036655915113,0.270386543906583
152.76,0.85,17.8523374107528,0.619384261479141,0.917187362965269,0.646450538803171,0.270706459670706
152.77,0.85,17.8318667731952,0.619265300804178,0.917873524534398,0.64537268623895,0.268247152999846
152.78,0.85,17.810656810966,0.620225770081623,0.919315271265329,0.644059213279824,0.269516698999215
152.79,0.85,17.7887026296382,0.618663124345086,0.920030751959482,0.646920077794443,0.271650486112728
152.8,0.85,17.7659996357987,0.618979993923305,0.91789781622287,0.643476562011617,0.266606644327549
152.81,0.85,17.7425435410076,0.621173261634045,0.917011244520954,0.642100400091797,0.269361691742214
152.82,0.85,17.718330365558,0.619174782702369,0.919507387208499,0.644821144148974,0.268799885759854
152.83,0.85,17.6933564420325,0.621668679653771,0.918220900103768,0.642575620843732,0.270021597052803
152.84,0.85,17.6676184186512,0.620309760452847,0.916807118358157,0.644073073569641,0.269955493354674
152.85,0.85,17.6411132624075,0.621183417618592,0.920298513418721,0.641901982215193,0.27111512128142
152.86,0.85,17.6138382619854,0.621048773385911,0.917165347384297,0.64655350764574,0.272253381270591
152.87,0.85,17.5857910304572,0.622743624248083,0.918883757032884,0.644792204493288,0.270516539657663
152.88,0.85,17.5569695077551,0.620980665953135,0.918829241414469,0.643443874148268,0.268725190830746
152.89,0.85,17.527371962914,0.621920307697786,0.918130615323956,0.644073455475263,0.27077522812439
152.9,0.85,17.4969969960832,0.621439542450064,0.917446770967383,0.647869874786942,0.268928296146825
152.91,0.85,17.4658435403023,0.622917203447096,0.916398330865629,0.64489039502605,0.272088743883412
152.92,0.85,17.4339108630386,0.62227536600619,0.9176529466531,0.643353225740699,0.269551155678348
152.93,0.85,17.401198567485,0.624157080236637,0.914739564271498,0.644466238219764,0.267936719485617
152.94,0.85,17.3677065936143,0.625869993898849,0.918423334448443,0.644902383757755,0.268437949427312
152.95,0.85,17.333435218988,0.627462111999964,0.917067351170156,0.645201216522544,0.26972996662591
152.96,0.85,17.2983850593195,0.625172618175838,0.918477881406213,0.643269828878777,0.269797705246624
152.97,0.85,17.2625570687882,0.625596044282749,0.916943708657089,0.643004216542369,0.269985267116345
152.98,0.85,17.2259525401038,0.625659900160804,0.91595542222747,0.647965504281001,0.271187149584646
152.99,0.85,17.1885731043213,0.625837760232889,0.916345540433116,0.642833932238543,0.270608880007802
153,0.85,17.1504207304042,0.628035787710423,0.916250365291185,0.644574960188064,0.27090728952951
153.01,0.85,17.1114977245363,0.625017138174201,0.916033212649886,0.64478005336978,0.270779329829815
153.02,0.85,17.0718067291825,0.626235227189503,0.917034336759067,0.643794483997879,0.268917389876415
153.03,0.85,17.0313507218987,0.62714860944669,0.915812434399386,0.643279027369916,0.269737040618104
153.04,0.85,16.9901330138903,0.627891416035112,0.917798864717478,0.642379926042166,0.270237848166703
153.05,0.85,16.9481572483222,0.626753565175458,0.916766103957634,0.643392745916905,0.270020519772513
153.06,0.85,16.9054273983794,0.62858602515847,0.915027805973407,0.644238325988543,0.271976162271228
153.07,0.85,16.8619477650817,0.633286284738626,0.914329990149232,0.644872198902645,0.271996942414532
153.08,0.85,16.8177229748518,0.630387745040286,0.916905579974972,0.642018050203102,0.269028678321121
153.09,0.85,16.7727579768417,0.630319234587817,0.914480507965673,0.641262118846051,0.270308780854468
153.1,0.85,16.7270580400175,0.632676182145035,0.91746336383451,0.642267798526398,0.266938360029748
153.11,0.85,16.6806287500066,0.631463815341079,0.914181288190258,0.645053394377693,0.269799603758116
153.12,0.85,16.6334760057094,0.631874579173251,0.913923547693036,0.643189584573351,0.270262547127672
153.13,0.85,16.5856060156795,0.632951804767223,0.914446936680233,0.644486546458374,0.268006559221931
153.14,0.85,16.5370252942757,0.631182139031226,0.914527393387419,0.646208254571018,0.268497368714479
153.15,0.85,16.4877406575884,0.635234623054818,0.914367810794923,0.643525451690636,0.271372729061432
153.16,0.85,16.4377592191472,0.634045800991696,0.914625163446019,0.643777772992752,0.269141972417439
153.17,0.85,16.3870883854108,0.635541056805975,0.914320903641019,0.641730037093225,0.268752878139846
153.18,0.85,16.3357358510462,0.63670444532113,0.91338694292406,0.643053787951099,0.270603009654051
153.19,0.85,16.283709594001,0.63397498143297,0.9121053482012,0.641853744711205,0.268129800260735
153.2,0.85,16.2310178703737,0.636803934485937,0.913382428229814,0.641903357425372,0.271000745109574
153.21,0.85,16.1776692090885,0.639184930989579,0.913117259543044,0.641811350304176,0.26845272883935
153.22,0.85,16.1236724063783,0.638071441153049,0.9149161411674,0.642801857664619,0.269965127889675
153.23,0.85,16.0690365200833,0.637423384792687,0.913112478512418,0.64257782399937,0.271653235403393
153.24,0.85,16.0137708637702,0.640746799810021,0.913242383682575,0.64385351112699,0.26910966377855
153.25,0.85,15.9578850006794,0.643538706981175,0.911951623509534,0.640986330782108,0.267124236851967
153.26,0.85,15.901388737504,0.644304868187608,0.913465622296791,0.642670462360506,0.272292160225225
153.27,0.85,15.8442921180106,0.642851390695713,0.912157670339777,0.643942665319398,0.270468715954065
153.28,0.85,15.7866054165056,0.641799230787951,0.91461560596096,0.644685595541106,0.269943934699276
153.29,0.85,15.7283391311559,0.643426645375971,0.912121035819443,0.64527154662399,0.267458131170938
153.3,0.85,15.6695039771697,0.644180241045973,0.913001765219898,0.645165902952093,0.269002309845828
153.31,0.85,15.6101108798453,0.645669082704189,0.915350591995969,0.642658067619932,0.271846272143611
153.32,0.85,15.5501709674952,0.645227469390171,0.91362066319822,0.642947048409425,0.269498649492968
153.33,0.85,15.4896955642523,0.645820766479312,0.911551113767951,0.643917804229832,0.269412254601886
153.34,0.85,15.4286961827664,0.647842059314798,0.914635505197865,0.647006369070584,0.268019137814888
153.35,0.85,15.3671845167985,0.649214350104319,0.913229580943036,0.643138009703633,0.269831015431543
153.36,0.85,15.3051724337197,0.650910474983474,0.911084657879547,0.643551172871694,0.270588478197746
153.37,0.85,15.2426719669236,0.647893751128794,0.913357552997374,0.643858181757008,0.270297250099688
153.38,0.85,15.1796953081601,0.647648570242851,0.912552594473471,0.643576558800552,0.268626588322492
153.39,0.85,15.1162547997966,0.649602152247487,0.91250761682981,0.643331304231835,0.270084857567197
153.4,0.85,15.0523629270172,0.652171117709512,0.911338152295489,0.643718571639792,0.271146269419715
153.41,0.85,14.9880323099655,0.653681365256898,0.912479056790784,0.645107609345427,0.270732499176715
153.42,0.85,14.9232756958399,0.653619850227669,0.910956905478071,0.641954279560411,0.26869285933298
153.43,0.85,14.8581059509498,0.654751741395688,0.913167542631165,0.641328692939058,0.269591131932209
153.44,0.85,14.7925360527398,0.653242499097828,0.911096388573274,0.64520373566072,0.269641440052483
153.45,0.85,14.7265790817895,0.654241542567679,0.91238586486073,0.645088112687354,0.269408359550039
153.46,0.85,14.6602482137979,0.653904073089747,0.911842525115152,0.644625668128658,0.26968495453236
153.47,0.85,14.5935567115597,0.657097970563818,0.912920709075097,0.644765129976748,0.271830310453299
153.48,0.85,14.5265179169405,0.657666610699498,0.910672737263043,0.644175763397888,0.269758944535841
153.49,0.85,14.4591452428594,0.657380695651978,0.909984827017332,0.643780124292878,0.268861941675076
153.5,0.85,14.3914521652865,0.658704319998607,0.909251204238526,0.64277385838126,0.269523187343279
153.51,0.85,14.3234522152628,0.66079763225826,0.912052971216117,0.643308049323916,0.268910307998051
153.52,0.85,14.2551589709487,0.66146388634597,0.908343805461982,0.645283601975151,0.268684522177389
153.53,0.85,14.1865860497114,0.661475357512983,0.910342356292573,0.643361956993858,0.272523143833061
153.54,0.85,14.1177471002538,0.664655244352492,0.908861187689243,0.645109769384019,0.269939383095035
153.55,0.85,14.0486557947967,0.661850137039884,0.909705837680992,0.644804638585123,0.269504308251925
153.56,0.85,13.9793258213181,0.665579189848016,0.909600252649252,0.645593229495886,0.270903509206777
153.57,0.85,13.9097708758568,0.665912555260961,0.907868973339268,0.644411500553375,0.273570382655914
153.58,0.85,13.8400046548881,0.669141177269312,0.909789934671735,0.646221785451545,0.272580785287323
153.59,0.85,13.7700408477769,0.667024760465078,0.909751349051163,0.645428214706175,0.269508362209586
153.6,0.85,13.6998931293147,0.667100838768255,0.907696929222918,0.646829344310835,0.268431466098459
153.61,0.85,13.6295751523466,0.669639353802639,0.909288010930387,0.645903450221996,0.26897648184379
153.62,0.85,13.559100540495,0.670295968658915,0.908393919939677,0.645890839080687,0.268230582905683
153.63,0.85,13.4884828809838,0.667561575462614,0.909345236037632,0.643586400990583,0.271269914828599
153.64,0.85,13.4177357175703,0.670229977626524,0.907426219889394,0.646234178821501,0.269047726462915
153.65,0.85,13.3468725435901,0.673659377277534,0.907874926799697,0.647093075512216,0.268496511074195
153.66,0.85,13.2759067951189,0.670945403011634,0.906195561670393,0.646992663955138,0.269631421028069
153.67,0.85,13.2048518442564,0.673737410864205,0.908714473135384,0.644462736715662,0.268064840801398
153.68,0.85,13.1337209925383,0.674359164551533,0.910252343422881,0.647160963335468,0.269799635904577
153.69,0.85,13.0625274644792,0.676901096940283,0.907356169400974,0.64492493376612,0.268600577188055
153.7,0.85,12.9912844012516,0.678646830744331,0.908909602512809,0.648254757050755,0.270108646648344
153.71,0.85,12.920004854504,0.678482718566832,0.908721384420186,0.645502083155942,0.268048758589534
153.72,0.85,12.8487017803235,0.678809390494763,0.907056740482083,0.645534043029003,0.267509279262116
153.73,0.85,12.7773880333451,0.680501111193222,0.905392111115619,0.645222361572559,0.272441706484314
153.74,0.85,12.7060763610109,0.680388344253373,0.905579080814502,0.647484857241302,0.270526501213221
153.75,0.85,12.6347793979839,0.680493188712807,0.907347182148878,0.647474588115042,0.268614712556997
153.76,0.85,12.5635096607167,0.68272992165647,0.90516110375947,0.647722934076286,0.27110836737365
153.77,0.85,12.4922795421807,0.685942114867677,0.902941314245601,0.64733585033257,0.271181993266504
153.78,0.85,12.4211013067555,0.685197653420629,0.908144643100461,0.645315224413339,0.271068549634704
153.79,0.85,12.3499870852822,0.686718989869154,0.90309196464597,0.647315316378167,0.272202759720798
153.8,0.85,12.278948870282,0.688552533389657,0.906519625722677,0.648711529115046,0.271872515001467
153.81,0.85,12.2079985113423,0.686765577852507,0.905043471954796,0.648127027602047,0.270678516157319
153.82,0.85,12.1371477106707,0.688887578691955,0.902862941545743,0.647879805531618,0.269880462737038
153.83,0.85,12.0664080188193,0.690976791954677,0.904772998589089,0.648799739518976,0.270393140144681
153.84,0.85,11.9957908305796,0.694486462596082,0.902362508263791,0.649165021655886,0.269300366094263
153.85,0.85,11.9253073810492,0.695087466846429,0.90276781150045,0.648937574024655,0.268526012999137
153.86,0.85,11.8549687418702,0.691898591104938,0.906125914865663,0.650265151872155,0.270561353926553
153.87,0.85,11.7847858176406,0.694656106073641,0.902868440012395,0.647339069599038,0.272590518262498
153.88,0.85,11.7147693424987,0.697069276955349,0.904479753266408,0.649982784007188,0.271727774918036
153.89,0.85,11.644929876879,0.69496685036237,0.9041863041319,0.649262935114873,0.269921276028584
153.9,0.85,11.5752778044414,0.698871811341273,0.902305947104252,0.647551645321914,0.270491902523875
153.91,0.85,11.5058233291725,0.697989251135518,0.904476665929735,0.649051106081676,0.266441918840231
153.92,0.85,11.4365502428913,0.70026910414558,0.900549210042286,0.649359986401354,0.270061761489863
153.93,0.85,11.3661030812808,0.702802344457556,0.901523244623398,0.651395651078469,0.270721856634056
153.94,0.85,11.294826322571,0.703323927668703,0.899937180806754,0.650513933001031,0.271487652898874
153.95,0.85,11.2235920605862,0.701205248286765,0.901120368151949,0.650404718007701,0.268050723142469
153.96,0.85,11.1525979068308,0.704964341348208,0.904928877737103,0.649890847827788,0.270805651651805
153.97,0.85,11.0818807833369,0.706522910608744,0.897900992596056,0.651573374205055,0.269878138764809
153.98,0.85,11.0114530745288,0.707191145710886,0.902642949334647,0.650003103674816,0.270321447927125
153.99,0.85,10.9413240145665,0.707396281614488,0.89982115577979,0.652405378558588,0.271368687603118
154,0.85,10.8715023324719,0.708318506278568,0.897760179596515,0.651291495298388,0.269557656024405
154.01,0.85,10.8019965198998,0.708622633173819,0.899305896670796,0.652660897073244,0.270852912084329
154.02,0.85,10.7328148514234,0.708812381673768,0.899855388595951,0.650754432445012,0.269502226921224
154.03,0.85,10.6639653846688,0.713024852697122,0.901166063190358,0.652600897948269,0.270065246445456
154.04,0.85,10.5954559596184,0.713197138264521,0.899475881860631,0.65149217954213,0.270394047310218
154.05,0.85,10.5272941981313,0.717852784968436,0.897572059175833,0.650427695144095,0.272259812847832
154.06,0.85,10.4594875036429,0.71549895398782,0.899891724327769,0.647778515621857,0.270581651051469
154.07,0.85,10.3920430610193,0.719237636861834,0.901338263747472,0.651347865227074,0.271553930610808
154.08,0.85,10.3249678365619,0.720387538721487,0.898334353792894,0.649448549938004,0.269841504364957
154.09,0.85,10.2582685781555,0.719764838095121,0.898753729002005,0.652885457218014,0.270493001556795
154.1,0.85,10.1919518155587,0.721628953255806,0.898590260873123,0.652538046258397,0.268092309393948
154.11,0.85,10.1260238608305,0.721608181387031,0.89805477469672,0.651956855641807,0.27119624589245
154.12,0.85,10.0604908088924,0.723498557022675,0.898335919725482,0.651544582421124,0.272611194410725
154.13,0.85,9.99535853821857,0.724630093125044,0.899945183518349,0.652270395667222,0.268525743996326
154.14,0.85,9.93063271165362,0.724201685625958,0.895998376058029,0.649219030956609,0.267482407688532
154.15,0.85,9.86631877735204,0.724391008328391,0.898796093277781,0.652652984408989,0.273601081571018
154.16,0.85,9.80242196983617,0.726496090636488,0.895696175973981,0.655140186940694,0.268896016691238
154.17,0.85,9.73894731116826,0.727741660544994,0.898887989798917,0.652622972777603,0.271942728958929
154.18,0.85,9.6758996122333,0.729342119950627,0.896953206675176,0.653533642617573,0.268840296656426
154.19,0.85,9.61328347412831,0.730978036735733,0.896160618293434,0.650788951856104,0.269931311736269
154.2,0.85,9.5511032896534,0.73024589756624,0.896366535197659,0.655007763983735,0.2678027594681
154.21,0.85,9.48936324490188,0.735026832475865,0.895555593846454,0.653375131216607,0.270257974816602
154.22,0.85,9.42806732094436,0.736102847352911,0.895102912128173,0.65360029212893,0.270871284354203
154.23,0.85,9.36721929560309,0.735303354442957,0.896573356629601,0.655215675402533,0.266232910334665
154.24,0.85,9.3068227453125,0.735506783513097,0.894651224829047,0.652363096338093,0.269279824486131
154.25,0.85,9.24688104706264,0.738091939941314,0.895741811139894,0.653587203468641,0.267756794049653
154.26,0.85,9.18739738041988,0.740559802071933,0.895982804885369,0.654252374836295,0.268651571147495
154.27,0.85,9.12837472962259,0.740572960746988,0.895650980999937,0.654627078728353,0.2726020455848
154.28,0.85,9.06981588574742,0.74419909182276,0.895343599521504,0.652864800748044,0.269086101051784
154.29,0.85,9.01172344894129,0.738614123810293,0.894239562416183,0.653934939093187,0.272075785332437
154.3,0.85,8.95409983071662,0.743798269479976,0.892433840045479,0.65404657097612,0.270034933202727
154.31,0.85,8.8969472563054,0.743388117885909,0.894734879730407,0.655435661899959,0.269464033503856
154.32,0.85,8.84026776706806,0.744256345880011,0.896150010584094,0.655868693349126,0.269995596329772
154.33,0.85,8.78406322295371,0.745507247748277,0.892079636531828,0.654078055253847,0.270211983979054
154.34,0.85,8.72833530500846,0.748369237623396,0.892753493325924,0.65473199921189,0.271301259772507
154.35,0.85,8.67308551792745,0.74823101707522,0.894023831509987,0.655889777528437,0.268901418493746
154.36,0.85,8.61831519264756,0.749984219238316,0.891949342749685,0.656482910114165,0.270069224658957
154.37,0.85,8.56402548897746,0.750886466032663,0.892778613298814,0.655310563717473,0.268919384431204
154.38,0.85,8.5102173982612,0.753795650276516,0.891101274371338,0.656786539214331,0.270508956908059
154.39,0.85,8.45689174607211,0.75594779553674,0.892236600949639,0.65605737885813,0.270039696419359
154.4,0.85,8.40404919493406,0.753432596426669,0.890143530134737,0.654489232782385,0.267761508240424
154.41,0.85,8.35169024706671,0.756375823346669,0.89252975163231,0.656788132343535,0.27032066833538
154.42,0.85,8.29981524715132,0.758651521730739,0.889143434201463,0.657905118159821,0.270814493756994
154.43,0.85,8.24842438511479,0.762173999283772,0.890210726458632,0.654998428493191,0.270833711875519
154.44,0.85,8.19751769892861,0.759242403653969,0.889993613511161,0.656434710154523,0.270337939674038
154.45,0.85,8.14709507741959,0.760955763430464,0.88893962713472,0.655034377922723,0.266842268620871
154.46,0.85,8.09715626309018,0.762923188607783,0.889102864825426,0.657374595340419,0.270294775569447
154.47,0.85,8.04770085494563,0.760649397353342,0.888132105583774,0.658654859353334,0.271990041309622
154.48,0.85,7.99872831132468,0.762545221621633,0.888067747875429,0.656001990156536,0.268949037532815
154.49,0.85,7.95023795273221,0.763434930290833,0.890018097498894,0.655114529848803,0.268113214290096
154.5,0.85,7.90222896467122,0.766132575730039,0.88774769421533,0.654216741387168,0.27058338142903
154.51,0.85,7.85470040047114,0.77058320383883,0.887804923986576,0.654926935600068,0.267640081558282
154.52,0.85,7.80765118411106,0.76755715830091,0.888536466682727,0.65543249497482,0.269099630398182
154.53,0.85,7.76108011303562,0.768453496278695,0.888100408895216,0.655384179515546,0.268801051582283
154.54,0.85,7.71498586096099,0.770673137358615,0.887623460047967,0.658313732593984,0.271740929919174
154.55,0.85,7.66936698066938,0.769811839215458,0.885584858471176,0.654614126567832,0.270162430697558
154.56,0.85,7.62422190679057,0.772305364983629,0.891074035095804,0.657554109132819,0.270991298576101
154.57,0.85,7.57954895856771,0.774936531705674,0.887422402089291,0.658252549823937,0.271850587971251
154.58,0.85,7.53534634260665,0.774059546646216,0.885323166009986,0.657904008792931,0.27035052606194
154.59,0.85,7.49161215560678,0.775571997244569,0.88778787410517,0.656628969783698,0.267958294215434
154.6,0.85,7.44834438707185,0.778332034580344,0.889058438182013,0.659110077707959,0.271053005270746
154.61,0.85,7.40554092199941,0.774010556788581,0.885581957555752,0.655675025735969,0.269507847321497
154.62,0.85,7.36319954354775,0.779084411295356,0.885453501108787,0.657591437551661,0.269506038836352
154.63,0.85,7.32131793567873,0.778159532224795,0.884622083567774,0.656977231250436,0.27025063485791
154.64,0.85,7.2798936857755,0.779586482831454,0.883744607921194,0.658196458289024,0.270778795070899
154.65,0.85,7.23892428723423,0.781595180807919,0.886150872811104,0.655232230259791,0.271447399693199
154.66,0.85,7.19840714202853,0.783005804005119,0.885031518994598,0.657317616913303,0.269678738712428
154.67,0.85,7.1583395632458,0.782530042737637,0.883153560165694,0.657823609060093,0.271208992215235
154.68,0.85,7.1187187775947,0.783573203455113,0.88071158863765,0.656439375489333,0.269874725130602
154.69,0.85,7.07954192788315,0.78329843458083,0.882974778771482,0.659461971848912,0.268762869560534
154.7,0.85,7.04080607546557,0.787573390847771,0.88422947442828,0.656610816144402,0.270818049951384
154.71,0.85,7.00250820265955,0.788993783629935,0.881897845140504,0.65527652161836,0.268589302249221
154.72,0.85,6.96464521513104,0.787286689179893,0.881046131012564,0.656680390294311,0.271552317365883
154.73,0.85,6.92721394424728,0.788706135411104,0.882242611952482,0.657058830821509,0.271000796650851
154.74,0.85,6.89021114939779,0.790088021831277,0.881231255451321,0.658423960165742,0.270452264882326
154.75,0.85,6.8536335202827,0.788915139180596,0.879614092682263,0.657610077504372,0.268780885695458
154.76,0.85,6.81747767916789,0.792636843836439,0.882881651289912,0.661017059978796,0.270577729452392
154.77,0.85,6.7817401831073,0.795166157473961,0.881980574009223,0.657465984986498,0.271011874789119
154.78,0.85,6.74641752613221,0.794524780915426,0.88114373553035,0.658391649039345,0.272124622229041
154.79,0.85,6.71150614140681,0.794399527859113,0.881528034124412,0.655683324517902,0.272009137010569
154.8,0.85,6.67700240335086,0.794065595806285,0.8798257459737,0.654781001442065,0.269849553915637
154.81,0.85,6.64290262972903,0.794469438443202,0.879593976720957,0.654725883280577,0.270440531035805
154.82,0.85,6.60920308370714,0.798081846160013,0.879798150956441,0.658279341068998,0.268828981208793
154.83,0.85,6.57589997587525,0.799393468855118,0.881449722647669,0.656333106291496,0.271037081239472
154.84,0.85,6.54298946623838,0.798352063359876,0.878754020696554,0.658625514776959,0.269374923503998
154.85,0.85,6.51046766617436,0.800025727132544,0.878679294018746,0.659500571332354,0.267144063947414
154.86,0.85,6.47833064035956,0.801103790738469,0.87622452483643,0.65658956571274,0.270667318206557
154.87,0.85,6.44657440866296,0.800157210432013,0.87924460303646,0.658524136980715,0.269889516289823
154.88,0.85,6.41519494800851,0.801746180948171,0.875941759338451,0.656977218696728,0.272040818755687
154.89,0.85,6.38418819420643,0.800772357350388,0.879454015568008,0.656880648962767,0.271045931945632
154.9,0.85,6.35355004375406,0.806838267515472,0.877996698103072,0.656714352231705,0.270982767799252
154.91,0.85,6.32327635560661,0.805983571272546,0.876076690862521,0.654659466722362,0.270238269706503
154.92,0.85,6.29336295291805,0.806934939574236,0.877344356574977,0.658889646452601,0.268171219211302
154.93,0.85,6.26380562475333,0.806333227902044,0.878696377400236,0.658434971131072,0.268900041552956
154.94,0.85,6.23460012777203,0.809335596805686,0.876716842757922,0.65658461162362,0.269474756730935
154.95,0.85,6.20574218788403,0.810267591755006,0.876637812120165,0.652396200476441,0.270459312886009
154.96,0.85,6.17722750187834,0.809590477056405,0.874096282912028,0.656213739215712,0.27111802306134
154.97,0.85,6.14905173902509,0.812455477145418,0.876561818629689,0.655634839598812,0.268883877787933
154.98,0.85,6.12121054265186,0.812275165838426,0.877768007696891,0.65278629912894,0.272679922640421
154.99,0.85,6.09369953169472,0.812570214566965,0.874684100874424,0.656504111594114,0.269237045863532
155,0,6.0665143022251,0.812015942358561,0.873901814862157,0.657675860462873,0.267397199081003
155.01,0,6.03965042895265,0.815775634702723,0.875988212790933,0.656250022358087,0.269908297491419
155.02,0,6.01310346670528,0.813859834835591,0.874209071521779,0.652645627919194,0.266822673507276
155.03,0,5.98686895188711,0.815063083434632,0.874263571158086,0.655186222111812,0.271156822664391
155.04,0,5.96094240391477,0.815019628729332,0.871299311539628,0.656316890828173,0.269722312124163
155.05,0,5.93531932663302,0.815608903757424,0.873028766388848,0.655873418741978,0.268767580613618
155.06,0,5.90999520971072,0.816211481716482,0.874744801190335,0.6564811539172,0.271451311721882
155.07,0,5.88496553001731,0.818446952564452,0.87369046792632,0.655100220130517,0.270997264701534
155.08,0,5.86022575298109,0.818701515581697,0.872427260823444,0.654761620800579,0.269338424441911
155.09,0,5.83577133393,0.820797090144206,0.873433843929291,0.65652734248653,0.270702707360709
155.1,0,5.81159771941531,0.820075935535963,0.871789800840647,0.654494227475918,0.269437208789303
155.11,0,5.78770034851946,0.820907244326679,0.867982174493038,0.653654729743574,0.269401719332013
155.12,0,5.76407465414849,0.823106079040119,0.870972062069352,0.653600986551713,0.270489111484594
155.13,0,5.74676103980837,0.819882037840406,0.870589523778679,0.657394590845185,0.270763117199844
155.14,0,5.73836830477162,0.82190020895952,0.870013996827705,0.65483496512396,0.269224003189752
155.15,0,5.73205341310333,0.822874764553618,0.872212992968935,0.653980464399431,0.269676527654502
155.16,0,5.72614742951856,0.824293270429889,0.872462778104051,0.653116535772168,0.272471682381942
155.17,0,5.72042406257534,0.822994392660524,0.869805190367855,0.655715798073675,0.271257181193872
155.18,0,5.71485986877379,0.821198304211434,0.869634676678687,0.654949842125786,0.267877851139654
155.19,0,5.70945095207543,0.821769796732787,0.870534268974534,0.656058090805549,0.267095226014487
155.2,0,5.70419447266214,0.824417931364523,0.869544641515599,0.654000363895548,0.268739936306228
155.21,0,5.69908750882798,0.821483995470465,0.868729848247363,0.655813021698204,0.270294261599931
155.22,0,5.69412707776323,0.822371089025255,0.86878684220763,0.654346095246609,0.270532522906974
155.23,0,5.68931015446703,0.823370194816618,0.86803095207671,0.651640127993164,0.268265821235402
155.24,0,5.68463367581911,0.826479574623245,0.87090566204491,0.652494900612469,0.267422466025576
155.25,0,5.68009454192549,0.824605516665964,0.86926122827915,0.654049102430592,0.269406646469794
155.26,0,5.67568961715426,0.822539178137098,0.866986273723009,0.652791922287229,0.271288848567211
155.27,0,5.6714157311602,0.823129195824215,0.867342362024605,0.651222386890425,0.268999738709393
155.28,0,5.66726967992403,0.826074527295297,0.866809509967879,0.652165352755587,0.268722770026773
155.29,0,5.66324822680757,0.823947269329615,0.865217084881659,0.653288491019444,0.268895258015053
155.3,0,5.65934810362548,0.826632604749135,0.864631341819376,0.65119735590891,0.272915712812073
155.31,0,5.65556601173393,0.824894753428814,0.868131153455562,0.653403946358988,0.271641695299805
155.32,0,5.65189862313658,0.824497515480609,0.865623932052978,0.651341783694517,0.267261506150881
155.33,0,5.64834258160832,0.824038792409027,0.865802879748989,0.652560193520727,0.269981806363695
155.34,0,5.64489450383737,0.822950161090201,0.864480665109439,0.649680136166357,0.269262738954118
155.35,0,5.64155098058587,0.822826330103465,0.86577189947043,0.652243608989545,0.272702488484203
155.36,0,5.63830857786944,0.825782658201919,0.865744014536375,0.651627738014195,0.271589817898345
155.37,0,5.63516383815609,0.824385753620011,0.865103135545255,0.650539406992912,0.270698645490009
155.38,0,5.63211328158461,0.824368978703201,0.86259365906997,0.650228024681753,0.270246782096895
155.39,0,5.62915340720281,0.825862802788323,0.864911121539276,0.650477692960447,0.270433417578763
155.4,0,5.62628069422586,0.825763132549127,0.863841993889725,0.650782337487572,0.271228545691427
155.41,0,5.62349160331482,0.825171183033647,0.865063642239046,0.651017458606775,0.26867533376043
155.42,0,5.62078257787549,0.82275324687188,0.866471829703084,0.651614904582749,0.269371501477842
155.43,0,5.61815004537784,0.824887553725587,0.863671525970222,0.652267692880252,0.270996635265361
155.44,0,5.61559041869598,0.825761676442421,0.862814118713475,0.649197784242346,0.27120586442073
155.45,0,5.61310009746856,0.823651464222129,0.863112221266792,0.649852636253505,0.269080510891157
155.46,0,5.61067546947991,0.823877716105715,0.862644676131879,0.649868361850851,0.271935864948771
155.47,0,5.60831291206163,0.823963314349195,0.863434358226612,0.650544624521208,0.271289731702054
155.48,0,5.60600879351446,0.827478052776638,0.862803529073464,0.651449525259725,0.271797348578971
155.49,0,5.60375947455046,0.824777665656355,0.860843332312274,0.650160734257758,0.268930190345897
155.5,0,5.60156130975538,0.825447036070304,0.860407671477454,0.651452317035273,0.26832741414442
155.51,0,5.59941064907058,0.82373100518464,0.861225273354138,0.647969111919762,0.272861587047823
155.52,0,5.59730383929459,0.824224125778241,0.860709120713165,0.65078899526025,0.268897115509581
155.53,0,5.59523722560392,0.824621424543497,0.86054979684089,0.649588282362985,0.270907226866786
155.54,0,5.59320715309256,0.825088493027354,0.862983385439681,0.650497161661269,0.271179416173398
155.55,0,5.59120996832982,0.824930685793924,0.857771872201399,0.651313224933652,0.271002483509863
155.56,0,5.58924202093623,0.826800706523488,0.858044579283219,0.646846907360689,0.267676109288081
155.57,0,5.58729966517658,0.827350122120496,0.857815455827102,0.649335210291334,0.271350100400516
155.58,0,5.58537926156982,0.823573893859918,0.861816246353757,0.650159801426482,0.270542385533976
155.59,0,5.58347717851526,0.826067024803403,0.857585104663596,0.648943477877319,0.269500030036205
155.6,0,5.58158979393394,0.826214980665347,0.85956356000561,0.648225422751146,0.26893015214091
155.61,0,5.57971349692503,0.82757580146212,0.857438569059703,0.648975535073568,0.265054300173785
155.62,0,5.57784468943605,0.828597014071529,0.856894568319978,0.651508396646941,0.269559792558727
155.63,0,5.57597978794636,0.826670731274016,0.859011040259943,0.648950883141613,0.271222109332325
155.64,0,5.57411522516279,0.8246743227404,0.860359791698362,0.649952124533369,0.269887846944221
155.65,0,5.57224745172683,0.824896803419267,0.85764768105045,0.648672804533477,0.269142377533415
155.66,0,5.57037293793218,0.82683490544028,0.858228926411402,0.647273696768079,0.269151679006533
155.67,0,5.56848817545159,0.824912062250053,0.857062647810931,0.649736547813757,0.270771819131994
155.68,0,5.56658967907232,0.8262498171597,0.856452042640643,0.647402295770793,0.270419972227126
155.69,0,5.56467398843864,0.825006073202268,0.856857925412071,0.649900901991857,0.269314409053655
155.7,0,5.56273766980063,0.825138031337394,0.856419670904633,0.646384941521913,0.269033260640391
155.71,0,5.56077731776787,0.826794651040844,0.856090721138453,0.647952026375706,0.271510825453462
155.72,0,5.55878955706698,0.822789620517592,0.855848482795812,0.647738904550137,0.270371195114135
155.73,0,5.55677104430154,0.826265370523328,0.855949005591987,0.649652897234914,0.26961416708487
155.74,0,5.5547184697133,0.82581075695105,0.854687555472797,0.647986624667956,0.270075045308696
155.75,0,5.55262855894333,0.823341566011392,0.855830150117308,0.646193415980956,0.269970454430656
155.76,0,5.5504980747916,0.82569637267839,0.854510095688002,0.644960227203225,0.270457155719616
155.77,0,5.54832381897372,0.825808135301606,0.853707718009254,0.648871604928449,0.269907936604215
155.78,0,5.54610263387356,0.822249311357247,0.852151555497082,0.646857318438143,0.270996840631139
155.79,0,5.5438314042899,0.825375139092509,0.852292721744761,0.647324855951437,0.272251592389472
155.8,0,5.54150705917605,0.826170391737735,0.855700077512926,0.646638992064426,0.271575965440448
155.81,0,5.53912657337081,0.828188746713222,0.853005638160212,0.645393130465943,0.269418000192931
155.82,0,5.53668696931904,0.825490236805015,0.85393819972597,0.644925739311771,0.266435283133339
155.83,0,5.53418531878063,0.82663261196457,0.853097538600937,0.644960864656753,0.271924016939936
155.84,0,5.53161874452615,0.826032145137377,0.852202485814387,0.644711810548329,0.269749483154526
155.85,0,5.52898442201756,0.82499109842548,0.849743174054842,0.646906074869105,0.268321735731681
155.86,0,5.52627958107246,0.827156041331996,0.852206352204028,0.646788389770981,0.269990061147799
155.87,0,5.52350150751034,0.826169433681533,0.850387556823248,0.647822836156354,0.270334719022175
155.88,0,5.52064754477923,0.822091815784937,0.854601362808438,0.64732677382262,0.268139242818003
155.89,0,5.51771509556087,0.825066063836365,0.851401347840402,0.644007301039458,0.270995250328768
155.9,0,5.51470162335329,0.824916417505721,0.853005059486432,0.643613984804137,0.269077675176463
155.91,0,5.51160465402871,0.829767925658897,0.850422431949838,0.645674065188896,0.270279393320345
155.92,0,5.50842177736549,0.826212994207484,0.850956661418331,0.645777213507056,0.270042850031121
155.93,0,5.50515064855236,0.825346283073231,0.852223632553052,0.646748228089114,0.269643128086062
155.94,0,5.50178898966339,0.826885129028011,0.852242762045848,0.646221867101211,0.271748012385451
155.95,0,5.49833459110217,0.827099641500398,0.851726711381186,0.644758797084601,0.267752998786489
155.96,0,5.49478531301349,0.82364393958158,0.85090773843665,0.642714205993304,0.271233850790635
155.97,0,5.49113908666127,0.824015519568029,0.850476194910878,0.648152896038639,0.27080630955172
155.98,0,5.4873939157708,0.825574836878911,0.848003068649258,0.645367690990267,0.27169146554803
155.99,0,5.48354787783418,0.827412559070189,0.847593849285127,0.647293940471346,0.269155205013241
156,0,5.47959912537729,0.824981436643706,0.847665261264053,0.642471228317273,0.269763397846118
156.01,0,5.4755458871868,0.823165004151747,0.850097075037648,0.644651628410883,0.269048741900385
156.02,0,5.47138646949593,0.825345205703655,0.848300743461426,0.644966813839089,0.269601891923943
156.03,0,5.46711925712764,0.828305718303294,0.849887080432988,0.645836190841592,0.272068285802466
156.04,0,5.4627427145935,0.826811308987776,0.848943902185474,0.64306248616626,0.266573444501504
156.05,0,5.45825538714755,0.827258924041428,0.847527456374832,0.642802445596843,0.269375611403946
156.06,0,5.4536559017933,0.824824474675906,0.845107124976292,0.642780427570816,0.271966494215532
156.07,0,5.44894296824315,0.828118376466226,0.844991597013594,0.643082794537053,0.271096570364182
156.08,0,5.44411537982849,0.827107441751485,0.847327410561928,0.644211149463862,0.268893013083679
156.09,0,5.43917201436012,0.827560877856721,0.848017373594384,0.644035976863279,0.270372172157964
156.1,0,5.43411183493702,0.82912064051029,0.844890652118094,0.644231107767767,0.270403591741893
156.11,0,5.42893389070324,0.828554898675322,0.846351929159702,0.644149579716467,0.27044626167196
156.12,0,5.42363731755147,0.829078765666873,0.848178719489828,0.644007603899212,0.270674673127644
156.13,0,5.41822133877257,0.828778348279885,0.84667559317207,0.643713142486356,0.270344309976312
156.14,0,5.41268526565014,0.828339777791559,0.845702112918612,0.642606679139367,0.272690707973835
156.15,0,5.40702849799939,0.829425336070804,0.844882156200833,0.645462740097229,0.27141959871463
156.16,0,5.40125052464966,0.830844005486125,0.843703753251941,0.646166803916079,0.271083579663957
156.17,0,5.39535092386966,0.827708912844961,0.846386987934351,0.642996433997325,0.268615450790682
156.18,0,5.38932936373526,0.830122738818026,0.843154712213322,0.645717578422089,0.269630398088263
156.19,0,5.38318560243893,0.830843874156168,0.844495945170824,0.642144275682805,0.270416931014953
156.2,0,5.37691948854057,0.829861468384672,0.844705484715948,0.642612483961241,0.266124435927157
156.21,0,5.37053096115928,0.825001589146726,0.843298865190316,0.642979922326808,0.269256769611414
156.22,0,5.36402005010591,0.82866426935701,0.844685798275622,0.642790175891739,0.272571498235831
156.23,0,5.35738687595584,0.828931724040403,0.847137744063809,0.644277035748461,0.271376070329858
156.24,0,5.35063165006208,0.827562455036835,0.843281061456756,0.643732155712146,0.27018979283214
156.25,0,5.34375467450875,0.827623211998399,0.842429221471145,0.642455166062949,0.27215502790907
156.26,0,5.33675634200433,0.828542946577587,0.842586192995977,0.643571079075843,0.268357055182114
156.27,0,5.32963713571532,0.827823613507925,0.844872814880569,0.645199640564061,0.269601964499658
156.28,0,5.32239762904039,0.831878034085731,0.843713534642485,0.641437948178138,0.272373710700882
156.29,0,5.31503848532474,0.829860607353749,0.844231902661686,0.644796929232137,0.269330341576541
156.3,0,5.30756045751546,0.83048492096841,0.845427732062548,0.641100510791656,0.268899416407923
156.31,0,5.29996438775822,0.830989959241183,0.84212085384729,0.639262699667382,0.26952789179615
156.32,0,5.29225120693529,0.828166479514515,0.841913528936472,0.643242261713456,0.27093592508483
156.33,0,5.28442193414587,0.832281127402764,0.841283110081304,0.642874813505368,0.266823444474453
156.34,0,5.27647767612906,0.831423458916433,0.842627024183068,0.642851885180242,0.272257098707328
156.35,0,5.26841962663026,0.833215949991276,0.845375568244077,0.642632016794974,0.269833018513573
156.36,0,5.26024906571147,0.83067973147111,0.842015763075727,0.644540095077179,0.269780738954387
156.37,0,5.25196735900666,0.829794291285695,0.841334962047525,0.639438447193927,0.271715418499081
156.38,0,5.24357595692274,0.830464727724526,0.84378245052336,0.641688543246053,0.267593427812256
156.39,0,5.23507639378717,0.833903043839574,0.839616023674079,0.643034044295451,0.272163565911131
156.4,0,5.2264702869434,0.83455150663775,0.841567649991215,0.642811758555416,0.270349745706446
156.41,0,5.21775933579478,0.834319553163641,0.844083940606636,0.646267889250683,0.270873992565861
156.42,0,5.20894532079846,0.831965488318209,0.838741911979807,0.645051524792543,0.268989432949139
156.43,0,5.20003010241034,0.83300444076127,0.841013519407137,0.642612975282128,0.266047492822128
156.44,0,5.19101561998219,0.830657168006687,0.840941668119276,0.644456780293594,0.268674744114623
156.45,0,5.18190389061239,0.834086255513442,0.840977604959414,0.643820205670433,0.270452825719661
156.46,0,5.17269700795155,0.832567535769301,0.837654042089909,0.644273885601226,0.269601057608574
156.47,0,5.16339714096466,0.83564903068573,0.839372702689866,0.641537951350839,0.268677647857917
156.48,0,5.15400653265071,0.833832710750003,0.840883232810303,0.640732740311988,0.267005436351661
156.49,0,5.14452749872189,0.834364808035637,0.838509682031926,0.642216639457304,0.269691262679592
156.5,0,5.13496242624365,0.835851303421299,0.839236424123453,0.642873946161455,0.270210085498668
156.51,0,5.12531377223704,0.835098459467107,0.839666330314143,0.643905387722173,0.267694227119992
156.52,0,5.11558406224523,0.835050334019323,0.842287631770558,0.644016324233522,0.271174794164782
156.53,0,5.105775888866,0.836198449286939,0.836953916000181,0.643463874765877,0.26871178219825
156.54,0,5.09589191025138,0.838135660845378,0.840225944471664,0.644182554585418,0.268278430746848
156.55,0,5.08593484857676,0.834476091616991,0.840003776096893,0.645749394889128,0.269765959118815
156.56,0,5.07590748848102,0.835393431828491,0.838886222444474,0.641316837632193,0.273078903232511
156.57,0,5.06581267547932,0.837058376100315,0.838931003825087,0.645963329617426,0.271651827201763
156.58,0,5.05565331435055,0.838135017103114,0.840501764555908,0.642556261349334,0.268981746743442
156.59,0,5.04543236750143,0.835131376601721,0.839864984411813,0.645342456927915,0.271385235519065
156.6,0,5.03515285330868,0.835877305340899,0.83739051298346,0.644426433085501,0.269224846643053
156.61,0,5.02481784444153,0.836503403054227,0.838475472593988,0.646219639219854,0.270825125059815
156.62,0,5.01443046616641,0.839956053459758,0.837705454119094,0.645968011441521,0.268026194126219
156.63,0,5.00399389463544,0.839678944346968,0.838949594565269,0.644227517855618,0.267676945861611
156.64,0,4.99351135516085,0.837112295395294,0.836798236205425,0.642120407492752,0.2726775615359
156.65,0,4.98298612047734,0.839433508675781,0.8369636542219,0.64649687553773,0.271138477229791
156.66,0,4.97242150899397,0.839597499082419,0.836298112272384,0.64404759586095,0.272788021764026
156.67,0,4.96182088303758,0.839944779532838,0.838694710813665,0.643079285540393,0.269995014037989
156.68,0,4.95118764708992,0.838201081401222,0.836322814600064,0.645077852880859,0.269317420645423
156.69,0,4.94052524601993,0.838155145152632,0.836249107856521,0.646794512861692,0.270136498312493
156.7,0,4.92983716331327,0.840452983571257,0.836404728510903,0.644041576400159,0.270815355315755
156.71,0,4.91912691930097,0.841002461261286,0.837778891325787,0.645812652934852,0.270561307140023
156.72,0,4.90839806938905,0.843852260181787,0.836916072919905,0.64812317241914,0.271446537368368
156.73,0,4.89765420229065,0.841652656265101,0.838063614161227,0.647049184298595,0.272196550751507
156.74,0,4.88689893826284,0.843494540769943,0.836886626223379,0.645888059741309,0.270358562652979
156.75,0,4.87613592734981,0.842738000641589,0.835829586762829,0.648915153388891,0.271568135440067
156.76,0,4.86536884763374,0.841561210828454,0.834365987683861,0.643945472449583,0.272105603416624
156.77,0,4.85460140349559,0.841254587810996,0.833176250154187,0.645606433697576,0.271450467063617
156.78,0,4.84383732388742,0.840042063611448,0.837002194660848,0.647643201133349,0.270771673078906
156.79,0,4.83308036061737,0.844196901848686,0.83623973861707,0.6470239850275,0.27215809752737
156.8,0,4.8223342866495,0.843113531749281,0.834097350581972,0.645808774864546,0.270798240038683
156.81,0,4.81160289441987,0.845681729562105,0.834214945992905,0.642734962180698,0.271283429675198
156.82,0,4.80088999417002,0.845039345777514,0.834652622921612,0.644529452367218,0.268801936577027
156.83,0,4.79019941229985,0.843962411470686,0.8361741877491,0.645471573272665,0.27070104238159
156.84,0,4.77953498974106,0.845646667973792,0.837464424618308,0.647095202612119,0.269032586484127
156.85,0,4.76890058035244,0.846190473145956,0.835354793315579,0.646110399971999,0.270355848873239
156.86,0,4.75830004933851,0.844504000789387,0.834629430388535,0.648146740602502,0.27048993845326
156.87,0,4.74773727169278,0.845499053658641,0.833104980023344,0.646622150056227,0.269130921267802
156.88,0,4.73721613066678,0.847168735411937,0.834398344042191,0.646598195370281,0.271189210480139
156.89,0,4.72674051626595,0.844500563777527,0.834398356851584,0.64707323531868,0.270669172052653
156.9,0,4.71631432377381,0.847405016349086,0.832176798192896,0.648493168149144,0.269810270072984
156.91,0,4.70594145230517,0.848275394985337,0.834860043144979,0.648133075381055,0.270910934578843
156.92,0,4.69562580338945,0.848457840052714,0.833329811269104,0.649099039529042,0.271454324631029
156.93,0,4.68537127958523,0.84895017212971,0.834099342468378,0.649142873696061,0.27060094846139
156.94,0,4.67518178312683,0.847095556009348,0.83354167824698,0.64750551553084,0.268996181575278
156.95,0,4.66506121460347,0.849639621062322,0.834302017705222,0.648532586207391,0.268486500132513
156.96,0,4.65501347167231,0.848436463764042,0.836056491822627,0.646869055933774,0.270522730912281
156.97,0,4.64504244780583,0.851291293198785,0.834738615948649,0.650632436253001,0.269833182045448
156.98,0,4.63515203107389,0.850544834010045,0.833515452940228,0.648981368485922,0.271659486669113
156.99,0,4.62534610296165,0.848015643615939,0.833461612909544,0.649201373197478,0.271264514829404
157,0,4.61562853722356,0.849275699869272,0.831724074523986,0.649883144630204,0.270459562474715
157.01,0,4.60600319877382,0.849899709129061,0.831680902600004,0.650581863720893,0.26862455895375
157.02,0,4.59647394261388,0.849888748922929,0.831496837004796,0.648428614290517,0.270442347629009
157.03,0,4.58704461279744,0.852190651820048,0.831823490598977,0.649541545375386,0.268758290490049
157.04,0,4.57771904143285,0.851190695387486,0.831518682093427,0.651285842575641,0.270890477971649
157.05,0,4.56850104772354,0.851033814046247,0.832025271498497,0.65000626182755,0.269629887871998
157.06,0,4.5593944370466,0.852916656744141,0.831700032307305,0.648246314498414,0.269037066269922
157.07,0,4.55040300006933,0.849726297545022,0.831504619356762,0.650141426839172,0.267637703020755
157.08,0,4.54153051190412,0.852788810377501,0.832884282594446,0.650243464360298,0.269061080695764
157.09,0,4.53278073130171,0.854469371584936,0.833149784037618,0.648512638291665,0.26923159052024
157.1,0,4.52415739988241,0.85076483429259,0.832290844409286,0.649167552394864,0.271001979179322
157.11,0,4.51566424140555,0.853079499345744,0.832488163000528,0.651729334091941,0.270284917624456
157.12,0,4.50730496107683,0.852620969237445,0.831439510520807,0.652968584928003,0.270881550589746
157.13,0,4.4990832448934,0.850564638649715,0.834546038969896,0.648776224554366,0.269756262595258
157.14,0,4.49100275902629,0.852048708847479,0.830317170945358,0.650334057288894,0.272428934596001
157.15,0,4.48306714924003,0.851592224968779,0.829210000740142,0.650502545721869,0.273300220400374
157.16,0,4.47528004034909,0.854025475837953,0.830731374869377,0.650844815084711,0.269924836477926
157.17,0,4.46764503571044,0.853525458609088,0.832836388984001,0.649750549572316,0.26923988771905
157.18,0,4.46016571675223,0.852511863723368,0.831860556849784,0.650462306892,0.268538427276372
157.19,0,4.45284564253769,0.853710269941991,0.832324780868964,0.654390385921383,0.268260605947205
157.2,0,4.44568834936377,0.860206271590851,0.832591477123106,0.650906309862916,0.270995400328376
157.21,0,4.43869735039416,0.855327632480541,0.831342124340117,0.651660436265342,0.271097730671955
157.22,0,4.43187613532572,0.856869096425287,0.832679957563299,0.654185294878632,0.269058829743603
157.23,0,4.42522817008779,0.855151495575691,0.833494430942681,0.652846214453165,0.270495494248958
157.24,0,4.41875689657373,0.857110310534491,0.829633486123385,0.652138654099025,0.269827481023968
157.25,0,4.41246573240378,0.859393738994438,0.830717475427286,0.652841488171647,0.269748279935089
157.26,0,4.40635807071855,0.856221510988945,0.830740737711922,0.654041921543642,0.269284360898444
157.27,0,4.40043728000219,0.859734518693535,0.832143759609187,0.651179111893591,0.269583359173772
157.28,0,4.39470670393459,0.855932930567576,0.830897662523872,0.651703589555187,0.270481805515446
157.29,0,4.38916966127146,0.856285578471302,0.83141635709119,0.653685256258121,0.27139965718515
157.3,0,4.38382944575147,0.856481838659647,0.829051750422938,0.655084552307468,0.27199684701915
157.31,0,4.37868932602968,0.858364571288606,0.83090678047081,0.651354577400652,0.267509703216163
157.32,0,4.37375254563585,0.857925848572032,0.829927113284788,0.653874363031025,0.268631562616153
157.33,0,4.36902232295704,0.854940021671266,0.83290934629738,0.654076025202083,0.270397224627754
157.34,0,4.36450185124329,0.859268813978841,0.833293136549462,0.655229238013834,0.269616369028668
157.35,0,4.36019429863529,0.857850043702007,0.830742851167222,0.653655364604443,0.267906000351897
157.36,0,4.35610280821302,0.859448177455783,0.832716750973866,0.653730830571525,0.268084433301314
157.37,0,4.35223049806431,0.857352511127075,0.831772564901004,0.653797418363227,0.27123740708529
157.38,0,4.34858046137211,0.859613774566607,0.831699948655948,0.653442041226241,0.270398618334743
157.39,0,4.34515576651939,0.860967364026704,0.829361988218198,0.653949213166491,0.268782611836826
157.4,0,4.34195945721058,0.858048535771216,0.830956884784088,0.654528905974144,0.270461600853698
157.41,0,4.33899455260833,0.857221013806637,0.831017351140882,0.655952479534276,0.268326576464265
157.42,0,4.33626404748437,0.857399285982498,0.831628916006361,0.654402770374166,0.26877851187663
157.43,0,4.33377091238347,0.858382151089291,0.830813870991547,0.652676928973037,0.267684573269328
157.44,0,4.33151809379915,0.857938574626909,0.832626334309464,0.655222442244534,0.270321465720391
157.45,0,4.32950851436,0.859655365261475,0.83220063093639,0.656504002135749,0.268284074283052
157.46,0,4.32774507302542,0.859026448798815,0.833138287993785,0.652889140457169,0.270878194450596
157.47,0,4.32623064528967,0.858807202313624,0.830580407239799,0.653877317390693,0.26960943154859
157.48,0,4.32494283565874,0.858093992016049,0.834798387220024,0.655417178912174,0.270196074026403
157.49,0,4.32372729593658,0.860528945659604,0.832218230966908,0.657018235848474,0.269141713380436
157.5,0,4.32255777803821,0.863976466303944,0.832667103349983,0.654262815171714,0.27030640584418
157.51,0,4.32143478346876,0.858694973561961,0.832507782037003,0.654154130606148,0.270082590703058
157.52,0,4.32035880167485,0.854918206113927,0.832773429032413,0.65364600196216,0.270847869243723
157.53,0,4.31933030979445,0.859807620258021,0.829686330851723,0.655719379533682,0.270179597511669
157.54,0,4.31834977241206,0.856985359365383,0.831273598718845,0.658791249409956,0.269378345028313
157.55,0,4.31741764131939,0.859312479431602,0.830375670563965,0.6573963707795,0.268608755875973
157.56,0,4.31653435528169,0.857094220006953,0.833663729267086,0.656707965016775,0.271674008760964
157.57,0,4.31570033980988,0.859433875268929,0.833171556227634,0.658612489433389,0.270264676515277
157.58,0,4.31491600693875,0.860040474843771,0.830555368808772,0.657838768765092,0.270111413378143
157.59,0,4.31418175501134,0.85907923924758,0.830523306014226,0.655056421724873,0.272111377794114
157.6,0,4.31349796846964,0.855710063410833,0.831996807280968,0.654657756605755,0.26960564595623
157.61,0,4.3128650176518,0.858178915805944,0.830812633870936,0.655442369746038,0.269213752448436
157.62,0,4.31228325859609,0.857893786401752,0.831230141570719,0.654377557966025,0.267343673138839
157.63,0,4.31175303285163,0.859166128808147,0.832414833256209,0.657162644225419,0.270860786196929
157.64,0,4.31127466729607,0.859374617233671,0.831210592670484,0.656867581801747,0.270095776272448
157.65,0,4.31084847396053,0.856924823630513,0.833181634151881,0.65999692186395,0.267463030360608
157.66,0,4.31047474986167,0.856498901180745,0.830919266117071,0.657144533307592,0.269692396309577
157.67,0,4.31015377684122,0.857828120134723,0.832584271718974,0.658701540796439,0.270241012513496
157.68,0,4.31099498655147,0.858395944923543,0.832868584440511,0.656051946627861,0.27038053930382
157.69,0,4.33230715094448,0.857643250111353,0.832873045186291,0.655725194511877,0.268060219324192
157.7,0,4.34194130459366,0.857651684672245,0.83209021305131,0.654602574645473,0.270388094219151
157.71,0,4.34802097306724,0.857626949518711,0.833698353355494,0.655446179184471,0.268201062373189
157.72,0,4.3537000125319,0.855396450638382,0.830123228512885,0.657208956585716,0.268616801088356
157.73,0,4.35958446618901,0.855453149087083,0.830773051935328,0.655958455209046,0.270368205598758
157.74,0,4.365770657352,0.857434009383002,0.82926019482056,0.654907283715022,0.268843501592505
157.75,0,4.37227401829739,0.857157258340253,0.832570371560798,0.657587886522205,0.269912228144599
157.76,0,4.3790985269182,0.85504360152564,0.830214402264569,0.656748492194846,0.269211966279679
157.77,0,4.38624664114209,0.857742157385594,0.833087592103834,0.656831429287667,0.271706849271942
157.78,0,4.39372061342783,0.854813201597921,0.833787313702179,0.655088339490095,0.270550805121403
157.79,0,4.40152265477303,0.853596047236697,0.832298419374737,0.657549401886083,0.269993144068345
157.8,0,4.40965495407858,0.852456313052767,0.831979267665895,0.656185229431702,0.271329926053134
157.81,0,4.41811968018514,0.852513499793477,0.831640012868647,0.655969390879399,0.271389223239897
157.82,0,4.42691898190385,0.853386211764649,0.83359550493355,0.657946336542777,0.270039209286109
157.83,0,4.43605498780282,0.85274357487718,0.830786692940902,0.658986197681011,0.268367885598531
157.84,0,4.4455298059425,0.854034077828238,0.831558947388084,0.654808244059101,0.270598434788193
157.85,0,4.45534552357965,0.852839621212297,0.831432424209279,0.65614730515942,0.269381142307244
157.86,0,4.46550420684158,0.85154301471275,0.832106098534649,0.654169739227576,0.270914272936721
157.87,0,4.47600790036999,0.852185795848237,0.83349179328478,0.656595644031199,0.269758575948109
157.88,0,4.4868586269344,0.849573263342583,0.832798627518877,0.658161888007559,0.269054466266864
157.89,0,4.49805838701454,0.848653196584084,0.833081226204252,0.656122023032628,0.267611034727702
157.9,0,4.50960915835129,0.849851852797002,0.830081579153028,0.655605021749408,0.269950744428582
157.91,0,4.52151289546597,0.852237568267697,0.833400868554322,0.653827695403308,0.270480534522524
157.92,0,4.53377152914763,0.847793415094937,0.834352802920216,0.659519339956523,0.26933739400849
157.93,0,4.54638696590811,0.846786073622322,0.8327279079884,0.6548459521787,0.268605306580386
157.94,0,4.55936108740458,0.84680595252572,0.832837714724449,0.657063978251178,0.269973807992955
157.95,0,4.57269574982956,0.84790955260697,0.833095200957411,0.655572605640984,0.271666958135829
157.96,0,4.5863927832681,0.845397586350925,0.833087889410549,0.659547670231306,0.27122410224107
157.97,0,4.60045399102217,0.84774827590635,0.832816378505239,0.656786331334705,0.272051499197865
157.98,0,4.61488114890219,0.844339501366021,0.832464272400106,0.65671848204874,0.270272429116338
157.99,0,4.62967600448572,0.844846138681297,0.834459775487121,0.659297832372453,0.269161293392277
158,0,4.64484027634326,0.842958918430222,0.834947728979451,0.657040079996263,0.271523481972353
158.01,0,4.66037565323144,0.845491942086325,0.834202073614504,0.656295028987565,0.268425814355798
158.02,0,4.67628379325365,0.842204462992947,0.833832384885099,0.659356803034175,0.270932949874233
158.03,0,4.69256632298818,0.84524099442768,0.834619617932729,0.657053431181809,0.270047776154313
158.04,0,4.70922483658441,0.843153849970883,0.834340952531111,0.657707578168216,0.269645666258543
158.05,0,4.72626089482709,0.842209082477384,0.836445193196535,0.65712987895864,0.267623989787332
158.06,0,4.74367602416909,0.842691195048244,0.833688017715624,0.656793181368149,0.273051456353862
158.07,0,4.7614717157331,0.843635706114685,0.836157903306163,0.656955564230206,0.268952029496601
158.08,0,4.77964942428277,0.840664392923101,0.835975060622168,0.655950994846501,0.271396141194354
158.09,0,4.79821056716352,0.838959768776344,0.833960003689094,0.655708645010197,0.269407583540146
158.1,0,4.8171565232138,0.836943641911788,0.835014896148703,0.658787092398598,0.26906752872856
158.11,0,4.83648863164754,0.839518420230063,0.83352897629654,0.65901422978863,0.269629755322837
158.12,0,4.85620819090786,0.836711913188932,0.834700238365888,0.655976698026955,0.269738005785883
158.13,0,4.8763164574935,0.83642865574567,0.832751275555037,0.655136551680579,0.272585739029938
158.14,0,4.89681464475819,0.833765867785653,0.83306665090293,0.652818427345082,0.268790003140314
158.15,0,4.91770392168392,0.833240288655923,0.833827341404917,0.657210364185958,0.270000259266427
158.16,0,4.93898541162906,0.833337069547663,0.835378377417851,0.65391675461698,0.270135517715072
158.17,0,4.96066019105228,0.835501446872617,0.835126135658562,0.654290723436848,0.268059744205038
158.18,0,4.98272928821305,0.832977836600609,0.834429132658925,0.655831228581849,0.268597594812613
158.19,0,5.00519368184986,0.830625642402665,0.836121368862166,0.653504907494845,0.269101379900409
158.2,0,5.02805429983741,0.830625930299195,0.835819054254956,0.655114147189391,0.274098953648668
158.21,0,5.05131201782368,0.828307924346631,0.836815184304549,0.654894495452451,0.270211582254602
158.22,0,5.07496765784811,0.830177903208165,0.835014596090015,0.654693979256562,0.270906937357941
158.23,0,5.09902198694236,0.828385957959395,0.83424045271471,0.654118390759327,0.269949001879283
158.24,0,5.12347571571477,0.826627947345385,0.83500751935875,0.656302907975319,0.268378999589738
158.25,0,5.14832949691973,0.826875464845398,0.837606058745682,0.655205080159467,0.271793993860427
158.26,0,5.1735839240139,0.822820317030065,0.836563131940575,0.654655681627672,0.268200231753298
158.27,0,5.19923952970023,0.8224569208811,0.835446904831382,0.655121032299206,0.269895170654805
158.28,0,5.22529678446147,0.824555182637517,0.835864914446762,0.652083110785623,0.269496850604518
158.29,0,5.25175609508496,0.824017649292431,0.83850319054129,0.656885428033152,0.269769143218522
158.3,0,5.27861780318006,0.817792292138313,0.834512048438686,0.65631068653166,0.267625199233349
158.31,0,5.30588218369,0.823803517406462,0.835328693666209,0.655106465007872,0.271842957074527
158.32,0,5.3335494433999,0.818520258926112,0.836626487586927,0.652923258507484,0.272062578942752
158.33,0,5.36161971944284,0.817821911572372,0.836736791782552,0.653617674977594,0.269026212922432
158.34,0,5.39009307780554,0.820683306929996,0.83811232636529,0.653069448610795,0.268281864955226
158.35,0,5.41896951183585,0.815395635905441,0.835461931428637,0.655159066887099,0.268619923928585
158.36,0,5.44824894075383,0.817004034179109,0.837585392511867,0.655465951501056,0.270677497421708
158.37,0,5.47793120816825,0.815030394430412,0.837453893321768,0.6524552917965,0.269290549725847
158.38,0,5.50801608060083,0.814557312352272,0.836298083040922,0.653068617529999,0.26711468151154
158.39,0,5.53850324602016,0.813941812839709,0.836003766509624,0.651280684449729,0.269251749099329
158.4,0,5.56939231238714,0.81377742585062,0.8396640697788,0.653987821594662,0.271445152503628
158.41,0,5.60068280621447,0.811973371995475,0.839329561414873,0.651840134347988,0.267586006177911
158.42,0,5.63237417114229,0.809158699782431,0.837746804301279,0.650504938545526,0.269822745723458
158.43,0,5.66446576653183,0.808869144215547,0.837385133493215,0.653351255075862,0.270056980085699
158.44,0,5.69695686607969,0.811641947946459,0.837182300332574,0.655749976412172,0.270694463311673
158.45,0,5.72984665645504,0.80707143312431,0.839212651400348,0.653165979643666,0.271452334045066
158.46,0,5.76313423596171,0.806638976298096,0.835835923916255,0.652424268541166,0.270586283782643
158.47,0,5.79681861322759,0.807351800050383,0.838624139256609,0.652688885383278,0.269444091178001
158.48,0,5.83089870592419,0.802947300850665,0.840714323855224,0.654936676309237,0.268684213546122
158.49,0,5.86537333951798,0.802774693210023,0.839642444674043,0.651647728403359,0.273280840279492
158.5,0,5.90024124605619,0.804267177707753,0.840499711354923,0.651291170889914,0.269587623256
158.51,0,5.93550106298989,0.802726439320465,0.838802791146334,0.6540632442816,0.269824143790281
158.52,0,5.97115133203607,0.802323639782922,0.841478337184066,0.649952676732206,0.268343274235741
158.53,0,6.00719049808148,0.799985602628741,0.843464787905736,0.652540322520253,0.272954523929229
158.54,0,6.04361690813087,0.79776141706345,0.840928749934466,0.650594261940391,0.271191776154725
158.55,0,6.08042881030171,0.797942111536031,0.841041269068719,0.653743520818668,0.271957499310921
158.56,0,6.11762435286771,0.796354398372387,0.840559075350252,0.648618725031638,0.270457101426751
158.57,0,6.15520158335424,0.797187857613122,0.839637495619833,0.652009704142341,0.270796404710219
158.58,0,6.19315844768736,0.798377198455298,0.841182925914219,0.650322191324356,0.270956077378184
158.59,0,6.23149278939899,0.793302406866788,0.842081277633288,0.650942664683624,0.267160741669062
158.6,0,6.27020234889109,0.793867358776586,0.839617341716952,0.65068904340529,0.269702057749306
158.61,0,6.30928476276064,0.791735439722039,0.842423599677584,0.650306180704033,0.269680869749298
158.62,0,6.34873756318801,0.787445541009169,0.842548782604749,0.648934011433289,0.269631170772381
158.63,0,6.38855817739103,0.789026919780241,0.840577012517951,0.651545471268532,0.268370976446702
158.64,0,6.42874392714719,0.788058254185497,0.841753633000775,0.648842612930411,0.270203945794278
158.65,0,6.46929202838586,0.784968571834732,0.842330149669305,0.648775650226632,0.270775802958331
158.66,0,6.510199590853,0.784648770036764,0.839296978343978,0.650912031589896,0.270975969145591
158.67,0,6.55146361785072,0.78415111933988,0.844678458201402,0.649262491740221,0.270551332352255
158.68,0,6.5930810060533,0.784607251006259,0.840296655542154,0.649623670574401,0.270182393211539
158.69,0,6.63504854540202,0.781351677643035,0.841800299683214,0.648699515777927,0.270667840401969
158.7,0,6.67736291908112,0.782838326764574,0.845201272288105,0.650886010372573,0.269018414359867
158.71,0,6.72002070357626,0.781482030462001,0.843747461324907,0.650107271596306,0.2698731174146
158.72,0,6.76301836881766,0.77997173071551,0.84426328388466,0.649077882114941,0.270798974656663
158.73,0,6.80635227840999,0.777230613800956,0.845902005233459,0.650937342538535,0.269071471209328
158.74,0,6.85001868995032,0.773769998927805,0.844673560550437,0.648783848563014,0.270520766440061
158.75,0,6.8940137554359,0.773262677426718,0.845033060101411,0.649896830949252,0.267741982993105
158.76,0,6.93833352176377,0.776766340756841,0.845473539100278,0.647969528412884,0.270030304269056
158.77,0,6.98297393132327,0.776213600244489,0.84273578389953,0.649688460475772,0.268928776141694
158.78,0,7.0279308226828,0.771467162501191,0.844455825703898,0.649064991542617,0.270471930644913
158.79,0,7.07319993137283,0.772772689952645,0.846140493681897,0.648604345744362,0.269690638307031
158.8,0,7.11877689076563,0.768183298844937,0.845331777168328,0.649731105002851,0.269653818335196
158.81,0,7.16465723305313,0.767065899934733,0.843096087822085,0.65009693834118,0.267365335105592
158.82,0,7.21083639032426,0.768842884589355,0.846039868668075,0.649238850818819,0.270764557568864
158.83,0,7.25730969574237,0.766740482023597,0.845431802219218,0.647804327838967,0.272109653337744
158.84,0,7.30407238482328,0.765157330313766,0.84600644326637,0.649187581576696,0.26888724638352
158.85,0,7.35111959681548,0.765163247534257,0.845785790365459,0.645349511063213,0.26934326909093
158.86,0,7.39844637618238,0.765233432456335,0.8474983430994,0.648240113886873,0.268947197165161
158.87,0,7.44604767418718,0.764608943952677,0.847151645331714,0.648144690187901,0.268455688872259
158.88,0,7.49391835058095,0.761463606198962,0.849462846645483,0.645398694827816,0.268859917590775
158.89,0,7.54205317539418,0.760482137969632,0.84688573390224,0.647790479732338,0.270842356917109
158.9,0,7.59044683083142,0.754949263638848,0.848330850279361,0.648567189713772,0.270448678026093
158.91,0,7.63909391326943,0.757884499572992,0.846636936465621,0.646631931120341,0.271792388489301
158.92,0,7.68798893535884,0.75816359810798,0.846983277580921,0.646209467555428,0.271324544138327
158.93,0,7.73712632822829,0.755830375907323,0.847243881258825,0.644971390756062,0.268325697839262
158.94,0,7.78650044379124,0.755865431772446,0.848296766439444,0.648435173273674,0.267746717471378
158.95,0,7.83610555715495,0.757044092389651,0.8459318302305,0.64623156249166,0.270816871018743
158.96,0,7.88593586913039,0.75203377251541,0.85047380704518,0.64405485482339,0.269303846247491
158.97,0,7.93598550884262,0.751360144315295,0.845704075903849,0.645786546582073,0.267056117434402
158.98,0,7.98624853644074,0.750427759555477,0.84913492030252,0.643217876978265,0.270461381122049
158.99,0,8.03671894590611,0.746283380578046,0.849659362846149,0.645807324767737,0.270865304866295
159,0,8.08739066795722,0.747819886816699,0.848253903294812,0.644164228668995,0.270235630381749
159.01,0,8.13825757305086,0.746024908592342,0.85168794483862,0.648840681806326,0.270868502293593
159.02,0,8.18931347447698,0.74570408364915,0.851633610012494,0.647610897340264,0.269440116437103
159.03,0,8.24055213154585,0.742281876131552,0.85021752052652,0.646677319674848,0.271943858879649
159.04,0,8.29196725286623,0.743026900814032,0.852407157836556,0.645465120385036,0.269324438894954
159.05,0,8.343552499712,0.745312453823242,0.850149739746734,0.645331953413129,0.270110748482076
159.06,0,8.39530148947506,0.742637046271403,0.851900529635622,0.644726085226364,0.270354731933038
159.07,0,8.44720779920311,0.739931316036907,0.849595508161523,0.64563585234482,0.271030684073891
159.08,0,8.49926496921906,0.742025500043201,0.850998102633771,0.643483797618911,0.271809571850746
159.09,0,8.55146650681978,0.736066586358019,0.851573822907283,0.643945428259189,0.266845914449894
159.1,0,8.60380589005199,0.738617833161356,0.851001017415004,0.645619423819218,0.267000821007255
159.11,0,8.65627657156227,0.735721681095186,0.853005815028891,0.644892236101934,0.26926178121974
159.12,0,8.70887198251793,0.736356190331358,0.852206872683238,0.64412297421195,0.27040036271875
159.13,0,8.76158553659637,0.733652024000594,0.850839055388953,0.644767827232721,0.272795481769305
159.14,0,8.81441063403978,0.73324002564308,0.852937313314518,0.642159906302395,0.268797820869158
159.15,0,8.86734066577111,0.733727997487106,0.852503255448837,0.642580776732444,0.270012445466623
159.16,0,8.92036901756917,0.729151679094472,0.851241418463759,0.644453746909995,0.271689087476218
159.17,0,8.97348907429855,0.729848060940916,0.850979548992514,0.643244825444976,0.270022209566254
159.18,0,9.02669422419128,0.729206923758689,0.855217600595072,0.641710554103498,0.268756504793341
159.19,0,9.07997786317604,0.728813929377559,0.854147957212292,0.644857906751479,0.26872581535052
159.2,0,9.13333339925203,0.724891004540597,0.85304756709469,0.644027451725885,0.272070724874417
159.21,0,9.18675425690294,0.723218620124801,0.85346384438243,0.643363021205332,0.270779464872568
159.22,0,9.2402338815472,0.726465675876549,0.855921687566874,0.643338014911743,0.2732311577945
159.23,0,9.29376574402111,0.724571179322887,0.856495965469812,0.646093211849263,0.271416087184351
159.24,0,9.34734334509006,0.720926474857074,0.858417539878582,0.645387651525815,0.269706563384705
159.25,0,9.40096021998396,0.719593875519881,0.854347682398707,0.643167110390944,0.270514996469743
159.26,0,9.45460994295301,0.720022256531106,0.859564651994852,0.645151194267644,0.270893292592249
159.27,0,9.50828613183935,0.718364088473045,0.857289335718471,0.644275271048835,0.272924517058779
159.28,0,9.56198245265971,0.717862290679737,0.853985553343144,0.643165263516935,0.269222538604837
159.29,0,9.61569262419611,0.717285602989029,0.858740926475072,0.643349599865496,0.269254419193585
159.3,0,9.66941042258889,0.714985248407214,0.855668321875923,0.643560062658124,0.269074280925697
159.31,0,9.72312968592808,0.717210366318298,0.856310218523954,0.642276005890756,0.2722850529754
159.32,0,9.77684431883929,0.714140596289435,0.857527073259932,0.643865044336715,0.271329475318853
159.33,0,9.83054829705891,0.715411749036129,0.858020754341365,0.645137688809765,0.271075818570142
159.34,0,9.88423567199439,0.713730156241327,0.856795278288016,0.64229120123614,0.267414278648099
159.35,0,9.93790057526538,0.711644472721067,0.858044285432005,0.644120915400619,0.269194449539162
159.36,0,9.99153722322115,0.709978751603809,0.858657289375171,0.641659798879951,0.265972632479561
159.37,0,10.0451399214296,0.709349635107399,0.860055894479015,0.64400525536111,0.269256382471397
159.38,0,10.0987030691339,0.710971035310295,0.855734717010369,0.642360605377673,0.27048414973801
159.39,0,10.152221163672,0.709751878076869,0.857537399704582,0.640754958371213,0.270417162955962
159.4,0,10.205688804855,0.707288088532254,0.860052786550676,0.646138455786467,0.269501936798818
159.41,0,10.2591006992992,0.704275182771972,0.857717731691118,0.641034309243717,0.268713865888191
159.42,0,10.3124516647091,0.707174347472504,0.858556705133592,0.641339420115338,0.271055027057821
159.43,0,10.3657366341054,0.703667200205018,0.857970983307918,0.64421572563914,0.270699774956046
159.44,0,10.4189506599949,0.70270252177873,0.859736332592029,0.643213954252415,0.27031897547517
159.45,0,10.472088918478,0.703477464916591,0.859733144562317,0.644520143925351,0.267283374700107
159.46,0,10.5251467132896,0.701367900517138,0.859445182310841,0.640657474772686,0.266073877355912
159.47,0,10.5781194797691,0.701741787908034,0.862639016770611,0.642381804604915,0.266853960617931
159.48,0,10.6310027887566,0.696140233721486,0.860614362019967,0.641520498114603,0.27180167495538
159.49,0,10.6832223557583,0.696930405293399,0.861187177950643,0.641501074234683,0.267210056192932
159.5,0,10.7343376391384,0.696845574293918,0.862340112286875,0.642364227593169,0.267578526139217
159.51,0,10.7850750782006,0.698001915013285,0.862259052350507,0.644106344110924,0.26916208713385
159.52,0,10.8356538599796,0.699056174271874,0.86259111386984,0.644973405862558,0.27327356763224
159.53,0,10.8861111482996,0.695161799263643,0.862162287960471,0.642325197954523,0.27177092764653
159.54,0,10.936449857784,0.695012094176536,0.863106785002015,0.642330870739827,0.270884550503027
159.55,0,10.9866677014951,0.695809361376383,0.863472948749909,0.643014827681883,0.270451449533833
159.56,0,11.0367617978357,0.689532714141322,0.863107371815374,0.642472788743846,0.269688546387323
159.57,0,11.0867293278473,0.693184707436604,0.866390154355626,0.644343094692309,0.269611709070966
159.58,0,11.1365676246152,0.691871402564616,0.86397576090083,0.643548551085747,0.269815253444508
159.59,0,11.1862741867571,0.691083100254011,0.863406274182956,0.643836432601716,0.270770826267728
159.6,0,11.2358466822199,0.690278036038491,0.862061836852869,0.645247460824008,0.269989749045897
159.61,0,11.2852829508071,0.688891644442536,0.866390638839633,0.641618077269434,0.270843501848178
159.62,0,11.3345810064589,0.691539467317545,0.866656088024934,0.643034304166877,0.268941647028135
159.63,0,11.3837390394034,0.687734472559986,0.866174135255014,0.642065644134427,0.269444377819331
159.64,0,11.4327554181905,0.68786505517702,0.865359804684247,0.643577749126332,0.26796877429543
159.65,0,11.4816286916071,0.687582635533103,0.864861504494742,0.644395753568926,0.26805615831804
159.66,0,11.5303575904743,0.686142015946479,0.866939720572121,0.64265248582068,0.269340612190033
159.67,0,11.5789410293239,0.684740402269342,0.866738460867868,0.641188229177557,0.268758966735434
159.68,0,11.6273781079533,0.68585382509727,0.868109115444688,0.644819369782271,0.272016627563237
159.69,0,11.6756681128576,0.683973833480887,0.865893358300054,0.643532392854685,0.271911121714415
159.7,0,11.72381051854,0.683250273817922,0.86928632638796,0.644536582189042,0.270906007036524
159.71,0,11.7718049886958,0.681847148520203,0.867968770118321,0.643951718255057,0.269792724025413
159.72,0,11.8196513772739,0.679557578423278,0.864571380505675,0.642655203412469,0.270999652415653
159.73,0,11.8673497294122,0.678680676054472,0.869161770073761,0.642681293740125,0.269169128095382
159.74,0,11.9149002822475,0.679712728541029,0.86841326629291,0.644415001825771,0.268156053588586
159.75,0,11.9623034656012,0.678853330753049,0.867323451922052,0.645573815976333,0.267381692847078
159.76,0,12.0095599025379,0.678499303738504,0.868843664080785,0.645390042821263,0.268609218899787
159.77,0,12.0566704097998,0.676901883961275,0.867200565644783,0.644249075172991,0.268938284638088
159.78,0,12.103635998116,0.677057658288345,0.870882677682524,0.643289057695586,0.269287742971476
159.79,0,12.1504578723864,0.677199780761029,0.868249291515951,0.64530170898922,0.271247358263632
159.8,0,12.1971374317422,0.675696006624283,0.87073224446118,0.644695886351811,0.267939027766486
159.81,0,12.2436762694827,0.675803901568896,0.869275524366689,0.645965243301058,0.268608176897306
159.82,0,12.2900761728894,0.674693952889855,0.868383382111969,0.643710487566334,0.270336648562636
159.83,0,12.3363391229186,0.672804549160336,0.870729209532448,0.64439003392163,0.270805583085051
159.84,0,12.3824672937725,0.673074701536479,0.870356888952548,0.643400787339542,0.271823309898648
159.85,0,12.4284630523521,0.672525685822381,0.871089909207365,0.64425236254727,0.271405759047623
159.86,0,12.4743289575906,0.670683679676894,0.871578268484754,0.647036265103259,0.271421319247698
159.87,0,12.5200677596702,0.669982328419373,0.872949418417291,0.647897077916931,0.271375641421272
159.88,0,12.5656823991238,0.670719176803209,0.871396665290525,0.64583013451185,0.271212540230768
159.89,0,12.6111760058226,0.669315624595416,0.870848071544606,0.646449517388175,0.269728834122722
159.9,0,12.6565518978514,0.670910582850934,0.872696968087738,0.646803300735281,0.267859669858666
159.91,0,12.7018135802736,0.666628566413076,0.871020884974786,0.644658628654019,0.273706266000517
159.92,0,12.7469647437876,0.667223377791825,0.872380612127699,0.646211952188509,0.269933489107224
159.93,0,12.792009263277,0.668337022881894,0.873456434351064,0.647359684122774,0.269114762240434
159.94,0,12.8369511962551,0.6652333004075,0.873002615301999,0.645643448217448,0.270263542311921
159.95,0,12.8817947812084,0.665456516684292,0.874712774349613,0.648082838307322,0.268110355031043
159.96,0,12.9265444358384,0.66491545102424,0.875458626706109,0.644024771527941,0.269449692618314
159.97,0,12.9712047552061,0.663604200414123,0.874768367300213,0.64422302333941,0.27067505571055
159.98,0,13.0157805097806,0.663996016300927,0.875789599055127,0.64792083704226,0.269680786651232
159.99,0,13.0602766433936,0.663612536147328,0.87663039979586,0.647626405586499,0.27072694236148
160,0.85,13.1046982711037,0.662439145949494,0.876290054156775,0.646362439091407,0.270647349242873
160.01,0.85,13.1490506769712,0.661466748862108,0.874656633170381,0.645977833444888,0.268257425073778
160.02,0.85,13.1933393117474,0.663160469839696,0.876844248334236,0.646282057989692,0.26897274690552
160.03,0.85,13.2375697904796,0.660567190098819,0.87616940086766,0.649949546866518,0.271599835440445
160.04,0.85,13.2817478900351,0.660637044024339,0.87487046177175,0.648390136983832,0.271280010606532
160.05,0.85,13.3258795465471,0.661198704427389,0.875605428246484,0.645512587176961,0.269959708330001
160.06,0.85,13.3699708527837,0.658243077151734,0.874505479770425,0.644812303816925,0.271633886543323
160.07,0.85,13.4140280554438,0.660770092747444,0.879776697669602,0.648200433499973,0.269791434503759
160.08,0.85,13.4580575523825,0.656630267772456,0.878871584069622,0.646048213865831,0.267871202758569
160.09,0.85,13.5020658897677,0.657377271050101,0.876042605100219,0.645129203189908,0.272890734758097
160.1,0.85,13.5460597591711,0.656355172203999,0.879241222046788,0.648628360064862,0.26951803934406
160.11,0.85,13.5900459945961,0.656923903064084,0.876244766318698,0.647353303197939,0.267091722156511
160.12,0.85,13.6340315694456,0.656184734839251,0.877564727756048,0.64755048283009,0.270081039704208
160.13,0.85,13.6780235934306,0.656924410219785,0.880296334178108,0.647417383897433,0.271368701938487
160.14,0.85,13.7220293094252,0.653835228431123,0.879854781709436,0.647062114324626,0.268946476466279
160.15,0.85,13.7660560902667,0.654038504365099,0.87999692815754,0.65062806670535,0.270302083856163
160.16,0.85,13.8101114355066,0.651359990513067,0.87824796201659,0.64664937107643,0.269025542620351
160.17,0.85,13.8542029681129,0.652197732863918,0.878361548603345,0.648553287534174,0.269624743306468
160.18,0.85,13.898338431127,0.65180134855578,0.881215288010686,0.649768540172124,0.269077922185647
160.19,0.85,13.9425256842772,0.653173362555015,0.879662991490515,0.65154976852174,0.269862932767908
160.2,0.85,13.9867727005514,0.650985845522636,0.878808029249357,0.649491816338142,0.269843596171525
160.21,0.85,14.0310875627313,0.651815277535979,0.881046860295703,0.649030258375134,0.270972633455796
160.22,0.85,14.0754784598892,0.648358185634811,0.877520812430466,0.649631466070009,0.267119049477286
160.23,0.85,14.1199536838519,0.648088692522313,0.881875621774695,0.649976876452064,0.271154347777956
160.24,0.85,14.1645216256313,0.649853891717209,0.883085035633241,0.652306971992108,0.269298618131038
160.25,0.85,14.2091907718251,0.647191923623157,0.883961079907759,0.651922204426308,0.267094114175774
160.26,0.85,14.2539697009898,0.648646110104874,0.882599501532131,0.650212394341517,0.267565529903536
160.27,0.85,14.2988670799867,0.645563520395512,0.884306377040108,0.653061811500665,0.268178341518291
160.28,0.85,14.3438916603038,0.645672920891556,0.881864290256435,0.65262219451855,0.267710650934313
160.29,0.85,14.389052274355,0.644821552479179,0.881968837399159,0.648881892306025,0.267103701348436
160.3,0.85,14.4343578317586,0.644634395230764,0.882911788477145,0.65138248528681,0.271747152820312
160.31,0.85,14.4798173155956,0.644089232248375,0.882548227670771,0.653776918679204,0.269856271377723
160.32,0.85,14.525439778651,0.643827809675532,0.880591380958372,0.650237217240669,0.267052588756972
160.33,0.85,14.5712343396385,0.642898410609515,0.882893619580848,0.654259016157538,0.267049781832959
160.34,0.85,14.61721017941,0.645400681227255,0.881606397620174,0.651250171292638,0.268684778600776
160.35,0.85,14.6633765371513,0.643844811677058,0.885454566266994,0.652337429659615,0.270715070613059
160.36,0.85,14.7097427065663,0.641769735929064,0.885949411723643,0.654005296078591,0.270484315264787
160.37,0.85,14.7563180320483,0.638769080861876,0.882999016555064,0.651668295881937,0.270281100913539
160.38,0.85,14.8031119048423,0.641288984780513,0.884605033431169,0.65440734449834,0.270909299139265
160.39,0.85,14.8501337591978,0.638829469558208,0.886791926912839,0.653342684331342,0.27003236186037
160.4,0.85,14.8973930685124,0.639842800236189,0.887393056517655,0.653946521662825,0.269873379598464
160.41,0.85,14.9448993414687,0.63932904115566,0.886287982109823,0.654140412556673,0.270455507605272
160.42,0.85,14.992662118164,0.636558675825507,0.886730734328803,0.654175223041039,0.267535739512481
160.43,0.85,15.0406909662338,0.638378370410069,0.883652196785846,0.651852553019077,0.26925950144025
160.44,0.85,15.0889954769691,0.636983802535895,0.889080322964515,0.652947510209279,0.269765235941388
160.45,0.85,15.1375852614296,0.637305947407314,0.887467718236367,0.651832914388049,0.269423811170033
160.46,0.85,15.1864699465511,0.6384630993109,0.885155944592836,0.654943433880103,0.269461243748028
160.47,0.85,15.2356591712489,0.633842463387064,0.888306246477428,0.652721405948654,0.270330391725922
160.48,0.85,15.2851625825172,0.633512012793531,0.886560281025776,0.652725259419923,0.26938498255667
160.49,0.85,15.3349898315234,0.630806497766907,0.888581444242054,0.652419322673969,0.272479565157057
160.5,0.85,15.3851505697003,0.634101035982399,0.887997055620662,0.655078548134495,0.268432324447166
160.51,0.85,15.4356544448322,0.633388054727984,0.889066720102713,0.653386940849131,0.269980299062254
160.52,0.85,15.4865110971392,0.632600041347708,0.889595882806523,0.650882428754324,0.270614226169208
160.53,0.85,15.5377301553554,0.632904603416945,0.8893301777825,0.654183826261496,0.270850444191141
160.54,0.85,15.5893212328045,0.629225877008416,0.890204701204004,0.653629585182928,0.268629627819991
160.55,0.85,15.6412939234701,0.628752148881697,0.889168059726509,0.654223149525736,0.272114809353375
160.56,0.85,15.6936577980615,0.627533159683251,0.890801708482678,0.652636898606659,0.271856815449609
160.57,0.85,15.7464224000738,0.627004649128992,0.890411234238993,0.655826304655317,0.270834440150314
160.58,0.85,15.7995972418437,0.626154202257725,0.892307649528064,0.653309643917931,0.269949238574702
160.59,0.85,15.8531918005979,0.630378460373003,0.891211978980125,0.656395455220399,0.271366523501988
160.6,0.85,15.9072155144961,0.628012227754762,0.892554849474327,0.655441478366894,0.270045168010533
160.61,0.85,15.9616777786666,0.627094159727649,0.888299334887102,0.656007663591226,0.269731252708466
160.62,0.85,16.0165879412337,0.627330767919955,0.892525649302708,0.652625349043506,0.271940148282667
160.63,0.85,16.0719552993378,0.626367268569379,0.889997226032391,0.654473169623783,0.266581471674588
160.64,0.85,16.1277890951462,0.62579139515922,0.891506062593063,0.657590633981859,0.27219681778231
160.65,0.85,16.184098511854,0.623871122271139,0.892176791500691,0.654160492998536,0.27006117871421
160.66,0.85,16.2408926696748,0.623238750707175,0.890919541310824,0.654044451277942,0.271813787883408
160.67,0.85,16.2981806218207,0.625274298189425,0.894398636415474,0.655465964567077,0.269519613892301
160.68,0.85,16.35597135047,0.622600970595788,0.89228583386006,0.65762395425348,0.269628662813902
160.69,0.85,16.4142737627227,0.621756742556458,0.893982322287031,0.659274046820775,0.2676132704142
160.7,0.85,16.4730966865418,0.621863971069595,0.890581518042928,0.655385296422132,0.269974259350326
160.71,0.85,16.5324488666818,0.620791563105614,0.892692101119294,0.658499454736175,0.267864534769064
160.72,0.85,16.5923389606005,0.618660061285478,0.893431306514948,0.658665221358487,0.270278190392431
160.73,0.85,16.6527755343567,0.618364631060691,0.891155242538695,0.656722628106942,0.271861739982859
160.74,0.85,16.71376705849,0.616817095778033,0.8945908237175,0.658919756291902,0.270067014003366
160.75,0.85,16.7753219038837,0.614900498134661,0.894866545840951,0.654896940090898,0.270689011379912
160.76,0.85,16.8359367148484,0.617209799525348,0.896112533615707,0.657606706993546,0.271318234092687
160.77,0.85,16.8846005621624,0.617309281869876,0.896679489015849,0.655970559048246,0.270014065330106
160.78,0.85,16.9274896499734,0.617426864414412,0.895292163670607,0.653259824615964,0.269330648549284
160.79,0.85,16.9694795227378,0.614333809725787,0.89631117927654,0.655833119342283,0.27276333919103
160.8,0.85,16.9995189251047,0.613584976467612,0.896898213814727,0.655761478958867,0.269421402007596
160.81,0.85,17.0111314022056,0.612956228466533,0.898874121808627,0.655447062704301,0.267656513169719
160.82,0.85,17.0180823982788,0.616886028341361,0.89469240085664,0.655767111132412,0.271041648272144
160.83,0.85,17.0247858919019,0.614395359105506,0.898198019390397,0.653619301230319,0.269338911412303
160.84,0.85,17.0315493125108,0.616505780872699,0.896339806229153,0.655124986499731,0.273758593553856
160.85,0.85,17.0383729233433,0.613323309579161,0.896783900197183,0.655740690069557,0.270370245957723
160.86,0.85,17.0452569503394,0.615793239840236,0.900004256190574,0.657245864402769,0.270002919599396
160.87,0.85,17.0522015819691,0.615111528557781,0.897676313316433,0.654897862698091,0.266729661154227
160.88,0.85,17.0592069690778,0.616944447377565,0.897936596927921,0.656318964067207,0.269066223656927
160.89,0.85,17.0684863053472,0.616715578484155,0.900013580931638,0.659029335065331,0.268292696880476
160.9,0.85,17.0776663349198,0.614758337643217,0.897666727997328,0.655418735383948,0.269954718873386
160.91,0.85,17.0869846538762,0.616945397724436,0.896223402075953,0.655551094370028,0.269459430259259
160.92,0.85,17.0966520046798,0.61700609848961,0.897404985953315,0.658093880498844,0.271978462127795
160.93,0.85,17.1067154894317,0.616875951200785,0.898000983086357,0.657598077406302,0.269318670937872
160.94,0.85,17.1171837369246,0.613557620310682,0.899504758716742,0.657008854911401,0.26849203241364
160.95,0.85,17.1280581959382,0.614633859311131,0.899150611663215,0.657998948101301,0.270080371274601
160.96,0.85,17.1393389522071,0.614797341867426,0.901178516241232,0.657615664978623,0.268284597345808
160.97,0.85,17.1510256981574,0.614062693365443,0.900319867049706,0.657316314561318,0.270793655848107
160.98,0.85,17.1631178856659,0.617235885785699,0.901774252259504,0.654787427640875,0.26822134542173
160.99,0.85,17.1756147488729,0.617287731465497,0.90112443766412,0.657267815033225,0.272093579379209
161,0.85,17.1885153069994,0.613502205483029,0.898887921715487,0.659256312411279,0.268907227574927
161.01,0.85,17.2018183641718,0.614763388590544,0.901257294453806,0.65817321157423,0.269415412794605
161.02,0.85,17.2155225088282,0.615403824083666,0.901374762928271,0.658101738469497,0.268299895365426
161.03,0.85,17.2296261130916,0.614645698421867,0.900425329322109,0.656271384234329,0.269333204352989
161.04,0.85,17.2441273321689,0.615146940903574,0.900835812755895,0.656594598529379,0.269701181136034
161.05,0.85,17.2590241037835,0.614907588623471,0.901949084580125,0.655690902814296,0.267989231329229
161.06,0.85,17.2743141476455,0.615598262553768,0.901291068144179,0.658432389337303,0.26924581609825
161.07,0.85,17.2899949649594,0.61432686442972,0.903178885723242,0.658082924710321,0.271625106632308
161.08,0.85,17.3060638379714,0.616711707716594,0.903104673740039,0.656062692473533,0.268839226510584
161.09,0.85,17.322517829557,0.612783103866115,0.90368072338865,0.655265630177608,0.266596520514485
161.1,0.85,17.339353782851,0.616471429716633,0.903271347663482,0.654541682446617,0.268787638681057
161.11,0.85,17.3565683209212,0.613042447381116,0.903803371586231,0.65725965809531,0.269708142807662
161.12,0.85,17.3741578464869,0.615074317814917,0.903901052104202,0.658106160686518,0.270834611865638
161.13,0.85,17.392118541684,0.613263161035392,0.901851563519376,0.656814722240427,0.26918188908072
161.14,0.85,17.4104463678794,0.613725764773252,0.902783463747545,0.65559086412794,0.270219331360552
161.15,0.85,17.4291370655351,0.614492346326065,0.903185691573031,0.658277404243588,0.26844313386737
161.16,0.85,17.4481861541245,0.613795780179662,0.905709049176288,0.65571875958812,0.269855031598244
161.17,0.85,17.4675889321033,0.610991100439047,0.902580025126003,0.657425211531634,0.272220162277767
161.18,0.85,17.4873404769362,0.615867801075628,0.905089447862402,0.655831546888583,0.269247541830863
161.19,0.85,17.507435645182,0.613425972748204,0.90545153558251,0.656242498606234,0.268234816355829
161.2,0.85,17.5278690726392,0.613562087134629,0.904789958950495,0.657596063485242,0.270586568092547
161.21,0.85,17.548635174554,0.615250586913078,0.906604218262141,0.658699640410835,0.269001776890523
161.22,0.85,17.569728145893,0.611309511519399,0.904655759535353,0.655702164065922,0.26997819761468
161.23,0.85,17.5911419616836,0.61236016475512,0.904547642353189,0.657354085144276,0.269277040890077
161.24,0.85,17.6128703774238,0.61212837484624,0.906888570168666,0.656433561474242,0.270084750748066
161.25,0.85,17.6349069295631,0.611093067418467,0.905055499076377,0.653058611655751,0.269752279871822
161.26,0.85,17.6572449360589,0.611054726713962,0.906797806989182,0.657757106265148,0.270947069198836
161.27,0.85,17.6798774970086,0.613548994336311,0.906760677396162,0.654062602237077,0.268987839568427
161.28,0.85,17.7027974953622,0.612694432598491,0.90496336720332,0.655747787053228,0.270411758893436
161.29,0.85,17.7259975977153,0.611873555002097,0.906607905884004,0.658243042514535,0.269714401539017
161.3,0.85,17.7494702551879,0.612507103114407,0.905048220141976,0.656345854867355,0.271750623276224
161.31,0.85,17.7732077043888,0.609251704497212,0.904833814099184,0.654724467812158,0.272216114493228
161.32,0.85,17.7972019684706,0.611142145186823,0.907720215983577,0.654623481002979,0.269027254976743
161.33,0.85,17.821444858276,0.612543176027669,0.907947967846926,0.655949520862229,0.268136846463761
161.34,0.85,17.8459279735788,0.611800869740842,0.904332096127183,0.655279290231315,0.268449963371707
161.35,0.85,17.8706427044227,0.609888660495761,0.906360212526148,0.656093885966451,0.272913084276419
161.36,0.85,17.8955802325593,0.608543063101639,0.906832572161265,0.658013686404836,0.271412903521771
161.37,0.85,17.9207315329883,0.608012061104786,0.909395359819934,0.655649577833336,0.27254558796163
161.38,0.85,17.9460873756029,0.611179148878065,0.909560486028797,0.657283361032864,0.271663926287345
161.39,0.85,17.9716383269429,0.609495695099135,0.908487362563174,0.657066142337701,0.270561112183774
161.4,0.85,17.997374752056,0.607666736909791,0.90909983150426,0.657626975095755,0.271847382341811
161.41,0.85,18.0232868164732,0.608511074089465,0.908737100727203,0.657389256987065,0.270954724794332
161.42,0.85,18.0493644882978,0.609114863202117,0.908706396626908,0.65580283784566,0.271059177943409
161.43,0.85,18.075597540411,0.607187755466431,0.90917867465631,0.655537984058778,0.269412793772683
161.44,0.85,18.1019755527974,0.606509713890886,0.910846281324389,0.656100649212164,0.269362565148758
161.45,0.85,18.1284879149916,0.609810166651008,0.908016533953178,0.652040988590408,0.269583972891984
161.46,0.85,18.1551238286478,0.607789230219978,0.909080924110044,0.653144233901461,0.270478675227694
161.47,0.85,18.1818723102356,0.60965262934113,0.908182020806642,0.655142778094992,0.270471951121149
161.48,0.85,18.2087221938632,0.608644973805003,0.908734008152431,0.653273584652648,0.269022269978806
161.49,0.85,18.2356621342297,0.608935144001174,0.910846081508551,0.655135345360582,0.269645867273303
161.5,0.85,18.2626806097083,0.610430891429552,0.909714917691567,0.652337432864262,0.27270025453753
161.51,0.85,18.2897659255636,0.608517911601079,0.909589184839624,0.652594511296615,0.269960300761178
161.52,0.85,18.3169062173021,0.609508207466047,0.910107948611257,0.653113903071047,0.271909651060839
161.53,0.85,18.3440894541588,0.608602790409123,0.90961388368916,0.652288425159604,0.271263416694892
161.54,0.85,18.3713034427214,0.608555341688516,0.9140581197955,0.653042679639763,0.267355484774774
161.55,0.85,18.3985358306934,0.607316424023324,0.909088549033884,0.651648001149254,0.267525835864647
161.56,0.85,18.4257741107952,0.60531826742416,0.909842918355494,0.6547396735902,0.270492424924529
161.57,0.85,18.4530056248073,0.609076570680998,0.911211062551628,0.652507576158084,0.269448005641947
161.58,0.85,18.4802175677542,0.606736892533711,0.912055778352315,0.653304868383474,0.269135396748034
161.59,0.85,18.5073969922295,0.604700113817517,0.913181424818708,0.652854226431992,0.269164240852014
161.6,0.85,18.5345308128647,0.609124596947449,0.910796600959456,0.653692469501782,0.270661879247172
161.61,0.85,18.5616058109402,0.605324645189012,0.912464807887471,0.654866242765626,0.269280572291347
161.62,0.85,18.5886086391387,0.606118483794969,0.912704968355942,0.653751906264047,0.26901078835621
161.63,0.85,18.6155258264424,0.605587221341126,0.911526511287147,0.653708345215926,0.267824311766388
161.64,0.85,18.6423437831724,0.607277331135378,0.91329321635792,0.649576118126376,0.269811458300992
161.65,0.85,18.6690488061708,0.604460228038704,0.909979956574619,0.651352758010356,0.273221675820714
161.66,0.85,18.6956270841242,0.604798924972699,0.913426530389771,0.648918215729768,0.270799192903719
161.67,0.85,18.722064703029,0.604872166822966,0.91304500664808,0.651270756941217,0.268448779408175
161.68,0.85,18.7483476517961,0.605184448490918,0.911174169836041,0.650815508950378,0.270833223922508
161.69,0.85,18.7744618279951,0.604533409149909,0.913562644100427,0.651978929137804,0.269990489505667
161.7,0.85,18.8003930437362,0.604010844212705,0.914443978067267,0.653656356648593,0.270356343020447
161.71,0.85,18.8261270316882,0.603892005637756,0.914860066006548,0.651234482957129,0.268396080270764
161.72,0.85,18.8516494512304,0.607621199209845,0.913851542503097,0.651990717403161,0.270439377632167
161.73,0.85,18.8769458947385,0.604844055926972,0.912462631601359,0.65225362178448,0.269209317971602
161.74,0.85,18.9020018939991,0.606830991685899,0.913353778999537,0.650571984084801,0.270650627320993
161.75,0.85,18.9268029267528,0.604693490503729,0.915378610747145,0.650766001651888,0.271685650307235
161.76,0.85,18.9513344233632,0.603198048633418,0.915031359776548,0.650834280213435,0.268905998021646
161.77,0.85,18.9755817736078,0.602799994409128,0.913442882555937,0.650075306258274,0.270953153373477
161.78,0.85,18.9995303335884,0.605705414457096,0.911986852365621,0.649627272997706,0.268028166494289
161.79,0.85,19.023165432758,0.601556842465878,0.914161511122201,0.65070408377683,0.271071170302731
161.8,0.85,19.0464723810605,0.60415173485268,0.913905299201245,0.650134481759188,0.267358749237224
161.81,0.85,19.0694364761795,0.60353386382155,0.913058134119672,0.650030566292929,0.270021181066654
161.82,0.85,19.0920430108917,0.604428347164153,0.916049275591028,0.64720044205809,0.269317058265496
161.83,0.85,19.1142772805228,0.601124609991505,0.914419969277311,0.649686291735249,0.270162506093406
161.84,0.85,19.1361245904983,0.60248603267392,0.918338315557413,0.647446919265834,0.268110448770359
161.85,0.85,19.1575702639879,0.604074166854999,0.914557847218142,0.648899240325502,0.27214561404287
161.86,0.85,19.1785996496367,0.60137204263432,0.913686572820944,0.649877972190231,0.270268790380022
161.87,0.85,19.1991981293792,0.603006188158631,0.915527595699612,0.646415266327207,0.272462771619189
161.88,0.85,19.2193511263299,0.600687349307424,0.91371973464443,0.649561920246798,0.272212717859824
161.89,0.85,19.2390441127465,0.599325321570482,0.917108885077298,0.648667180907833,0.271562370371534
161.9,0.85,19.2582626180591,0.599852101455649,0.914996169434462,0.647445194705701,0.269163209417021
161.91,0.85,19.2769922369597,0.60220016758639,0.914213967119024,0.647375087708964,0.271573524285451
161.92,0.85,19.2952186375468,0.600218782949739,0.916085448144373,0.647770579078898,0.27220674332602
161.93,0.85,19.312927569518,0.602336817954295,0.914641143632894,0.65021361968776,0.269063119830299
161.94,0.85,19.3301048724043,0.600389560357723,0.916083808860061,0.64943640634738,0.270821852945028
161.95,0.85,19.3467364838413,0.597729811164867,0.915222505050631,0.64548114610948,0.267829218607412
161.96,0.85,19.3628084478678,0.598221025858853,0.916169034573851,0.647207478898397,0.269137581550719
161.97,0.85,19.3783069232474,0.601878755037336,0.91599921686211,0.649751640011889,0.271153565932247
161.98,0.85,19.3932181918047,0.601185192903127,0.914784541473388,0.646475096441707,0.269756284872314
161.99,0.85,19.4075286667702,0.599483117744853,0.915622021410371,0.647822444978063,0.27097893834495
162,0.85,19.4212249011251,0.599931965232405,0.919543099165997,0.647540916349821,0.26904545859047
162.01,0.85,19.43429359594,0.602406824340844,0.916181690338085,0.64829299971066,0.270356456940789
162.02,0.85,19.4467216086993,0.600187190673927,0.91767255845533,0.647185809529708,0.269872573807114
162.03,0.85,19.4584959616037,0.599969199025969,0.917579542664128,0.64672688259578,0.268179220717536
162.04,0.85,19.4696038498435,0.600234677982249,0.913225975110546,0.643401281022055,0.271250351037619
162.05,0.85,19.4800326498348,0.599095831440179,0.918240232155256,0.648145677033423,0.26910193182924
162.06,0.85,19.4897699274096,0.602422881289736,0.916304525449459,0.64565867495155,0.271813573166431
162.07,0.85,19.4988034459543,0.600032198187582,0.918093289138429,0.647577752978332,0.270143648971128
162.08,0.85,19.5071211744858,0.600068647789357,0.916316394363007,0.646718730767351,0.27118641430199
162.09,0.85,19.5147112956593,0.601384070691944,0.915013476827287,0.643507990943458,0.270411637507344
162.1,0.85,19.5215654474778,0.601274519259787,0.917359502026713,0.645471291795827,0.271097698023791
162.11,0.85,19.5280739855212,0.600663000288648,0.917087534307534,0.646710279943122,0.271390528681432
162.12,0.85,19.534460343932,0.600423306497051,0.917500273951524,0.644953778408671,0.271338917292507
162.13,0.85,19.540722942488,0.600535571890114,0.915622167648947,0.648682839332062,0.269429958934759
162.14,0.85,19.5468602275758,0.601436718822508,0.917329691899901,0.644846907676557,0.272715131740866
162.15,0.85,19.5528706726853,0.599559383314808,0.917861844590932,0.644632125663815,0.271222727186535
162.16,0.85,19.5587527788944,0.599997512364205,0.919886209179097,0.645895697902284,0.267684788689412
162.17,0.85,19.564505075344,0.603531256817579,0.918056791633945,0.643152141236642,0.271308937629548
162.18,0.85,19.570126119703,0.599969419616875,0.917967255934601,0.645053318716141,0.26725644038821
162.19,0.85,19.5756144986236,0.599629922219221,0.914415915685228,0.645599845773189,0.270403027990442
162.2,0.85,19.5809688281866,0.59975065466657,0.917462165297534,0.645878545861716,0.269292523450629
162.21,0.85,19.5861877543358,0.602461018328541,0.918147307475616,0.644712772320625,0.270952480560789
162.22,0.85,19.5912699533036,0.603314740947439,0.916262580708716,0.64613560049244,0.26736052154855
162.23,0.85,19.5962141320248,0.600368541845335,0.919850483330322,0.645779604763931,0.270324673254327
162.24,0.85,19.6010190285415,0.600449613918889,0.917564704078824,0.645104645671702,0.272185236434655
162.25,0.85,19.6056834123967,0.600944855901085,0.917492070812094,0.645355320707685,0.271498305380055
162.26,0.85,19.6102060850179,0.601876892343355,0.919684605816801,0.644180685385571,0.271718505197398
162.27,0.85,19.6145858800896,0.600716047351264,0.919561508137811,0.644860698433986,0.269455468788893
162.28,0.85,19.6188216639165,0.600373256398405,0.917376573426474,0.643769969114074,0.272479568595264
162.29,0.85,19.6229123357745,0.599288044743305,0.91972576066646,0.643168902572079,0.270323010283935
162.3,0.85,19.6268568282524,0.601549005134744,0.920088782814653,0.643158151843987,0.268622540616861
162.31,0.85,19.6306541075819,0.602948846739648,0.918583667634874,0.643909359964555,0.272869256586522
162.32,0.85,19.6343031739577,0.60170617865558,0.917640504135689,0.645019443567499,0.269044640449124
162.33,0.85,19.6378030618461,0.601575773184625,0.919131278002718,0.643649413301715,0.27040126560728
162.34,0.85,19.5955013757319,0.601108053379677,0.916691837516261,0.643105137670557,0.271428096549439
162.35,0.85,19.5388922435765,0.602714313614486,0.920136020575125,0.642712838993388,0.271146689284357
162.36,0.85,19.5146957702233,0.601768034413006,0.921963768824983,0.643821310782526,0.267689666242193
162.37,0.85,19.4968250926297,0.602557936752136,0.919650168953041,0.644409260075377,0.270251847130066
162.38,0.85,19.4791093378034,0.603567650494232,0.919513698284149,0.643314792611442,0.273097569070113
162.39,0.85,19.4605794772083,0.601834239441266,0.919547856142962,0.640778615982684,0.26811586972737
162.4,0.85,19.4411094265005,0.604353264123541,0.917195957213908,0.645267848342956,0.267887264246619
162.41,0.85,19.4206839729795,0.601376406262568,0.917234936381912,0.64231605808606,0.272400257061851
162.42,0.85,19.3993006658938,0.604511687683809,0.918500587619888,0.64408793721241,0.269540600757669
162.43,0.85,19.3769586195328,0.603078624282611,0.920508255081331,0.642435135874928,0.269267624768891
162.44,0.85,19.3536574279477,0.602440953162707,0.921248733993239,0.641474007021291,0.268743333749335
162.45,0.85,19.329397082433,0.604304769619251,0.920310330688696,0.643729478214993,0.268975861168861
162.46,0.85,19.3041779686047,0.604509515439336,0.918423267261247,0.644828842185866,0.271676468805952
162.47,0.85,19.2780008669575,0.60455189548494,0.918155917115432,0.642894446960674,0.27158350213024
162.48,0.85,19.250866952882,0.604322419411415,0.915977055397235,0.641316384562626,0.271199389090517
162.49,0.85,19.2227777962878,0.604113745687867,0.916967643155227,0.644465714124359,0.268549299129377
162.5,0.85,19.1937353609138,0.605141019029374,0.917827849293405,0.641795578401464,0.270229815088757
162.51,0.85,19.1637420033435,0.606634036529644,0.918991591874059,0.64176891523299,0.268582360118057
162.52,0.85,19.1328004717257,0.60476828686263,0.916804549846759,0.642743813589466,0.270228582930603
162.53,0.85,19.1009139042047,0.60771495493504,0.918269017343662,0.643415841968516,0.267407183004498
162.54,0.85,19.0680858270581,0.608780465869671,0.917303588729347,0.643756631125948,0.268248200867376
162.55,0.85,19.0343201525467,0.607169247197492,0.918959258188366,0.642239521098985,0.269238932636825
162.56,0.85,18.9996211764756,0.605363328158261,0.919859398960097,0.642405947461591,0.272360029949527
162.57,0.85,18.9639935754724,0.607985173694294,0.916337170511648,0.644280577863201,0.269550669885289
162.58,0.85,18.9274424039809,0.608428855690374,0.919440048678868,0.639028795029269,0.269175915151226
162.59,0.85,18.8899730909772,0.607596879128734,0.918052832694461,0.644497585835076,0.271667912667901
162.6,0.85,18.8515914364088,0.606709845353957,0.918485162073703,0.640955572069875,0.268985666539122
162.61,0.85,18.8123036073622,0.609681993461147,0.919799977357762,0.646018159883728,0.271868876535577
162.62,0.85,18.772116133961,0.609958097475452,0.917126944622147,0.643388592747745,0.270760944012201
162.63,0.85,18.7310359050016,0.610423409389222,0.917462278751394,0.643404898615591,0.268965347994087
162.64,0.85,18.6890701633282,0.609032899360529,0.917500398440271,0.641251303177263,0.271035454876523
162.65,0.85,18.6462265009538,0.609430289546399,0.917474543397256,0.641953675423353,0.273799726191179
162.66,0.85,18.6025128539323,0.610878615458313,0.91848038200698,0.63974942363416,0.269068698031669
162.67,0.85,18.5579374969866,0.609639369542216,0.918837304449935,0.640880144446629,0.269879901788643
162.68,0.85,18.5125090378985,0.611162831411388,0.918935024893917,0.64469840175713,0.269383830427768
162.69,0.85,18.4662364116677,0.612558673452751,0.91893757611011,0.641883699554071,0.269864179064461
162.7,0.85,18.4191288744444,0.613499004345086,0.916718662317179,0.643657510455434,0.267303104582054
162.71,0.85,18.3711959972433,0.612608367010523,0.917703440488024,0.643093409054034,0.27022954366884
162.72,0.85,18.322447659446,0.614274426866936,0.917004519250823,0.642025460770575,0.270486041977324
162.73,0.85,18.2728940420977,0.615149181150785,0.917672813828315,0.645104434892945,0.26859152313172
162.74,0.85,18.2225456210063,0.613230527614681,0.918453703909031,0.641563937067475,0.270341593284672
162.75,0.85,18.1714131596519,0.615167726400098,0.918597159442663,0.643980016640913,0.268964744789477
162.76,0.85,18.1195077019129,0.617008056531875,0.920186792907337,0.642253209093192,0.269920878976221
162.77,0.85,18.0668405646177,0.619192692830561,0.915565025772435,0.644449952069304,0.27206654495845
162.78,0.85,18.0134233299299,0.619513236671897,0.919315289393656,0.643307936652895,0.270932160000698
162.79,0.85,17.9592678375749,0.616075176993748,0.919937647157358,0.64492597253427,0.268349281527614
162.8,0.85,17.9043861769159,0.622464179803377,0.917650145951426,0.643750503906115,0.271242968705327
162.81,0.85,17.848790678889,0.620922409737732,0.917883395599186,0.644477152934341,0.269445874722652
162.82,0.85,17.7924939078045,0.622022506279684,0.91736298070485,0.642987047561861,0.268471901971721
162.83,0.85,17.7355086530238,0.620506341538872,0.91845465749253,0.643633815430909,0.268910832457728
162.84,0.85,17.6778479205213,0.620103014445434,0.917362274655563,0.643671753862924,0.269608737015418
162.85,0.85,17.6195249243385,0.624557271375163,0.921005467682321,0.642758032433132,0.269654927357236
162.86,0.85,17.5605530779407,0.621794482899945,0.91849175803921,0.644240650264815,0.270241222000276
162.87,0.85,17.5009459854848,0.621687545139826,0.915437289547828,0.642859083626146,0.269346137583617
162.88,0.85,17.4407174330071,0.624206510682946,0.914409294663604,0.643837883488848,0.26999065303996
162.89,0.85,17.3798813795395,0.624284041545189,0.91656753627007,0.646616676875411,0.268109273988078
162.9,0.85,17.318451948165,0.625640883144596,0.919340285812116,0.642720926992509,0.269983833804164
162.91,0.85,17.2564434170192,0.627813887103203,0.916105436338171,0.646044160767394,0.269948321976591
162.92,0.85,17.1938702102483,0.627364772212175,0.916156355679734,0.644770542018882,0.271613510123854
162.93,0.85,17.130746888932,0.629525262682504,0.918252222438161,0.643526509287793,0.27098945577413
162.94,0.85,17.067088141981,0.62675328905579,0.917515980167753,0.643614781484675,0.268384680457453
162.95,0.85,17.0029087770165,0.628866820655812,0.919000459466692,0.645917030600631,0.268270161991366
162.96,0.85,16.9382237112417,0.629374215491671,0.918050827093463,0.64381512377123,0.269903428545593
162.97,0.85,16.8730479623138,0.633966222600081,0.916181983190703,0.644053970158551,0.269559200056851
162.98,0.85,16.807396639225,0.628813295277464,0.915463669163698,0.645472229574802,0.270183223024212
162.99,0.85,16.7412849332004,0.631645847551578,0.915594585572377,0.645447540613468,0.271128218544084
163,0.85,16.6747281086232,0.631641500209341,0.919823828742678,0.644601636192802,0.270665615583735
163.01,0.85,16.6077414939919,0.633065954791052,0.913919899998399,0.643899483511369,0.267541655636618
163.02,0.85,16.5403404729223,0.637331958337617,0.915195958766964,0.645952506733718,0.268872779860732
163.03,0.85,16.4725404751976,0.635902254431795,0.915871752629625,0.646045976411846,0.269966495578699
163.04,0.85,16.4043569678783,0.635669463957855,0.917180734257787,0.644889288716141,0.272998808710692
163.05,0.85,16.3358054464766,0.633885557524596,0.917054038442275,0.646324613965759,0.269889455072682
163.06,0.85,16.2669014262053,0.637376609133152,0.917046224516343,0.647109784504136,0.272502638354041
163.07,0.85,16.1976604333058,0.636671553319354,0.918311267523046,0.649328353134876,0.270637092116249
163.08,0.85,16.1280979964652,0.638202395608703,0.918467741477292,0.648443771713566,0.269697687118074
163.09,0.85,16.0582296383272,0.639760567735976,0.913328863617435,0.646820940036573,0.2691240423701
163.1,0.85,15.9880708671042,0.638365362735513,0.91415777893823,0.645951078556159,0.2727215119626
163.11,0.85,15.9176371682973,0.638571242985143,0.915567139466005,0.647573533765173,0.271510016140781
163.12,0.85,15.8469439965308,0.638647145079984,0.914922618826936,0.644582232637093,0.271162944021188
163.13,0.85,15.7760067675058,0.642403771432056,0.916082814318185,0.646503272896852,0.270913792853173
163.14,0.85,15.70484085008,0.642740520637318,0.914678028480121,0.645956434668473,0.26909018834473
163.15,0.85,15.6334615584797,0.643351321842068,0.914709485055406,0.649918737476735,0.270110717308597
163.16,0.85,15.5618841446467,0.645638272167876,0.915001365020489,0.648035804752664,0.269566294572271
163.17,0.85,15.490123790729,0.644990113972011,0.914098272578446,0.649372038672662,0.269465611363336
163.18,0.85,15.4181956017164,0.645713403056384,0.916561219111033,0.648656360593683,0.270643299876569
163.19,0.85,15.3461145982287,0.646534058159821,0.914655881113633,0.648086840916462,0.269970694406033
163.2,0.85,15.2738957094578,0.649156931127411,0.913745274745051,0.646756200736113,0.26939584455299
163.21,0.85,15.201553766271,0.648828211902318,0.914565979511482,0.64698939486132,0.271039917287348
163.22,0.85,15.1291034944768,0.650133837747172,0.916630625968275,0.649187745507234,0.270618551308442
163.23,0.85,15.0565595082571,0.650298661010698,0.913976765483431,0.64718337532241,0.271368130260757
163.24,0.85,14.9839363037707,0.649956295180483,0.914221072702927,0.647549794355347,0.270262588217999
163.25,0.85,14.9112482529294,0.654004793466978,0.915192877506627,0.64844062605618,0.269904259568743
163.26,0.85,14.83850959735,0.652439355863421,0.915412027192922,0.649341999783415,0.269271272436299
163.27,0.85,14.765734442485,0.654628934948859,0.912649567259731,0.647850749738121,0.269971665674628
163.28,0.85,14.6929367519341,0.654069144177562,0.915787464654808,0.649298666804166,0.270056582470928
163.29,0.85,14.6201303419384,0.656756591110507,0.913833815933116,0.646940001483007,0.273104534973053
163.3,0.85,14.5473288760587,0.654753941290619,0.913456290181434,0.646980809476161,0.271874528814567
163.31,0.85,14.4745458600406,0.65670102219884,0.913897510797001,0.650112729298352,0.269932836640187
163.32,0.85,14.4017946368664,0.660928716753011,0.912123317182149,0.651585991406025,0.268925003778746
163.33,0.85,14.3290883819949,0.660829548022678,0.912023447627253,0.650528404005088,0.27266166288923
163.34,0.85,14.2564400987912,0.659449747613823,0.916138723080204,0.648377716163257,0.269817303934223
163.35,0.85,14.1838626141451,0.664192674482203,0.91107898779625,0.648691472399469,0.269300887549623
163.36,0.85,14.11136857428,0.662250717023021,0.915315150229395,0.650748844028585,0.270432308866987
163.37,0.85,14.0389704407513,0.665019167651597,0.913649367672445,0.650903821284573,0.269696123121195
163.38,0.85,13.9666804866355,0.666016593278481,0.911549387153478,0.649962639939215,0.267296343648455
163.39,0.85,13.894510792907,0.663724694150552,0.912008527429161,0.649825638342422,0.26942333327247
163.4,0.85,13.8224732450059,0.666422589512646,0.915619558466325,0.647968980426349,0.271315103173611
163.41,0.85,13.7505795295923,0.667860194422557,0.911662775687748,0.651220357697046,0.268770125309998
163.42,0.85,13.6788411314883,0.667225997151943,0.912147808012135,0.649615468497105,0.271453044628907
163.43,0.85,13.6072693308059,0.668690440464311,0.912136309136299,0.651673292872789,0.271515940917631
163.44,0.85,13.5358752002593,0.672896444583095,0.912995116212164,0.65280706738736,0.270042581185634
163.45,0.85,13.4646696026605,0.671486822837993,0.908474494278866,0.649933463454324,0.268260161236385
163.46,0.85,13.3936631885958,0.668919911519836,0.910787747556818,0.649477897993063,0.268738581886845
163.47,0.85,13.322866394282,0.670904985673746,0.911044321305385,0.651777508405844,0.268461398645819
163.48,0.85,13.2522894395998,0.673890653540306,0.909075802136448,0.649093399916444,0.269328307270147
163.49,0.85,13.1819423263021,0.675459300922543,0.911963829530054,0.650331911822771,0.271174716165878
163.5,0.85,13.111834836396,0.673334813699498,0.908797564950916,0.652869230604296,0.267882744169703
163.51,0.85,13.0419765306937,0.676607623525691,0.910561868174375,0.653432694250566,0.270845324317037
163.52,0.85,12.9723767475319,0.67741530031344,0.908541633121228,0.652087783205296,0.27078764181433
163.53,0.85,12.9030446016566,0.680052930511852,0.910492853618416,0.651166428870931,0.27223401251343
163.54,0.85,12.8339889832686,0.680329527080949,0.910498965358593,0.65224018622924,0.270764095922386
163.55,0.85,12.7652185572288,0.679207365441649,0.911593950812633,0.653421407796713,0.271399894574232
163.56,0.85,12.6967417624198,0.682677938629756,0.907696372011308,0.653556288221146,0.271084654299912
163.57,0.85,12.6285668112596,0.682171225547431,0.908643073218347,0.654524452624778,0.267569343815463
163.58,0.85,12.5607016893649,0.681827755560579,0.909800787729021,0.650049863979866,0.271635007463206
163.59,0.85,12.4931541553608,0.685810056457883,0.909473729211508,0.653905218339251,0.268403946551838
163.6,0.85,12.4259317408332,0.685893658951596,0.910522135742492,0.650507815318021,0.271914969715928
163.61,0.85,12.3590417504197,0.686260079371569,0.909087171130505,0.654314683221297,0.270560648515758
163.62,0.85,12.2924912620372,0.686857473557125,0.907690777941601,0.6563845686475,0.26869838460344
163.63,0.85,12.2262871272408,0.686634402078614,0.909184655702375,0.653614894032928,0.267309335245573
163.64,0.85,12.1604359717107,0.687710610352069,0.909161926142265,0.654830018226198,0.26871970745529
163.65,0.85,12.0949441958647,0.685597586764934,0.905814470078654,0.654250210847438,0.270259484817019
163.66,0.85,12.0298179755909,0.691738099758061,0.907441951431096,0.655854471666929,0.271903779756579
163.67,0.85,11.9650632630972,0.692051124597793,0.908123120385443,0.652466818688015,0.268414763432846
163.68,0.85,11.9006857878748,0.691466373519532,0.90859947073282,0.65247580888237,0.269885704340184
163.69,0.85,11.8366910577711,0.694560506583792,0.907586793437495,0.650698080510396,0.271828750702013
163.7,0.85,11.7730843601675,0.694283164965851,0.906101679494885,0.651302722174816,0.272049408013181
163.71,0.85,11.7098707632599,0.694685958616342,0.908764715678965,0.656195324310625,0.270317607375882
163.72,0.85,11.6470551174366,0.696487246209515,0.908318593890128,0.654296937156992,0.270043058898962
163.73,0.85,11.5846420567508,0.696956999887406,0.906921256024349,0.65486782305227,0.269292181668437
163.74,0.85,11.522636000483,0.697774514528596,0.906078107687959,0.654888729100909,0.270054813675043
163.75,0.85,11.4610411547906,0.696263053374663,0.905318913560337,0.653689300004643,0.269529344187353
163.76,0.85,11.3998614891416,0.700314457615752,0.904417161599733,0.653176096223734,0.270759002134367
163.77,0.85,11.3380475190333,0.700007262731295,0.905739230893078,0.655449725855802,0.271562878928245
163.78,0.85,11.2755762333433,0.70248549579104,0.903799920311901,0.65567756283512,0.270614906507568
163.79,0.85,11.2133192760068,0.703884038321969,0.903050258207291,0.657598287230052,0.270125719365211
163.8,0.85,11.1514842348595,0.705424731904149,0.90532111007878,0.654403619712263,0.268463036775105
163.81,0.85,11.0901053184093,0.70494646099513,0.902441005949557,0.654196550780942,0.269687860584176
163.82,0.85,11.0291890729283,0.70496448589565,0.90553211868938,0.654738251459656,0.269430081534823
163.83,0.85,10.9687383665118,0.707549425073048,0.90325991067667,0.658450862927841,0.270394509313295
163.84,0.85,10.9087554958535,0.708796421677001,0.904202346301071,0.656504728122113,0.27125905134416
163.85,0.85,10.8492425243147,0.709027639449848,0.902877483101928,0.656438058052819,0.26921465874141
163.86,0.85,10.7902013141957,0.70996922679761,0.904279395881236,0.655871559101822,0.268385591421545
163.87,0.85,10.7316335312666,0.710397828567841,0.904453507793621,0.658062385776917,0.271055308690798
163.88,0.85,10.6735406475137,0.711584929117256,0.903989416643075,0.657069120934183,0.267233656755005
163.89,0.85,10.6159239439034,0.711622122343275,0.904433784459084,0.654450288034803,0.270070929258351
163.9,0.85,10.5587845131973,0.712290754429115,0.904460162047951,0.654692159160824,0.268934425940909
163.91,0.85,10.5021232628012,0.716325792856299,0.903361936138541,0.65568974019451,0.270466594817229
163.92,0.85,10.4459409176406,0.716346441746138,0.900498145493804,0.656961959535081,0.27169128493851
163.93,0.85,10.3902380230595,0.718754015399777,0.904932995555181,0.659502858579077,0.272653196484755
163.94,0.85,10.33501494774,0.716967147128351,0.901221682500232,0.654401517268648,0.268653451751827
163.95,0.85,10.280271886638,0.719265292788284,0.901615511829334,0.65636462855998,0.273249323868343
163.96,0.85,10.2260088639348,0.719254561662097,0.900427244400658,0.653944840981381,0.270265397562217
163.97,0.85,10.1722257360003,0.722394533366562,0.901626017408901,0.655976999384382,0.270336726115539
163.98,0.85,10.1189221943651,0.721338350423191,0.898459182819421,0.656959506368014,0.268540547899367
163.99,0.85,10.0660977687001,0.722582029959396,0.900530505098152,0.65879217229863,0.270522672958125
164,0.85,10.0137518298009,0.726552013084918,0.899620741820093,0.656186255902834,0.270422965942296
164.01,0.85,9.96188359257369,0.723317565733997,0.90284268844281,0.654721910723072,0.270951035244286
164.02,0.85,9.91049211902221,0.723759976788488,0.901062312031842,0.657408549224139,0.270888194990455
164.03,0.85,9.85957632123242,0.727052885102012,0.902738791534169,0.656272436392713,0.270322558712225
164.04,0.85,9.80913496435307,0.724552033806863,0.898048709778331,0.656760022036882,0.270967429027676
164.05,0.85,9.75916666957079,0.728009190237431,0.897671666760941,0.65497598818777,0.268655940388403
164.06,0.85,9.70966991707777,0.728515302094784,0.898915879745797,0.656763291441104,0.269975951355383
164.07,0.85,9.66064304902979,0.729649454340151,0.900154700368103,0.657579762039301,0.268428951079882
164.08,0.85,9.61208427249362,0.729497606737663,0.897452721377576,0.657352040827093,0.269400669809849
164.09,0.85,9.56399166238226,0.730915791414181,0.897337599454417,0.655791938162869,0.267737134463625
164.1,0.85,9.51636316437611,0.731839189839377,0.90108145308999,0.654916318135509,0.270204051778755
164.11,0.85,9.46919659782923,0.733265917949528,0.896550946297207,0.659169990762144,0.268194847865345
164.12,0.85,9.42248965865931,0.735204016302201,0.898099635519206,0.657624154800744,0.267628852257557
164.13,0.85,9.37623992222025,0.733421959270952,0.898551813655717,0.657907838161068,0.267932079317688
164.14,0.85,9.330444846156,0.737095581241059,0.900523952187518,0.655462393594504,0.270413270561744
164.15,0.85,9.2851017732352,0.737339575899199,0.89864155908938,0.656497473334309,0.269844890832259
164.16,0.85,9.24020793416545,0.736981031132899,0.896526082316369,0.6564850119374,0.27155141054342
164.17,0.85,9.19576045038611,0.736316065958316,0.897396880235167,0.654769106977447,0.270548181232915
164.18,0.85,9.15175633683962,0.740236197175017,0.896085461895212,0.657956475301235,0.268950931692469
164.19,0.85,9.10819250472015,0.74039848272167,0.89787478600246,0.656759584678022,0.270260971031246
164.2,0.85,9.06506576419893,0.743114955195015,0.897613198370608,0.65717374767295,0.269335956798884
164.21,0.85,9.02237282712629,0.741409327310367,0.894070421234009,0.657808095514171,0.26955685457543
164.22,0.85,8.98011030970966,0.744935399611714,0.895140184442843,0.658463672296439,0.272313283837081
164.23,0.85,8.93827473516689,0.744173691689767,0.896398972580408,0.658705382784562,0.267029465359933
164.24,0.85,8.89686253635521,0.744340172664422,0.894869483248127,0.658737869966296,0.269207128989068
164.25,0.85,8.85587005837537,0.747108927549554,0.896330256652866,0.660496622250118,0.269102768922447
164.26,0.85,8.81529356115038,0.745040591601751,0.894669547317768,0.656889643988372,0.268694241152225
164.27,0.85,8.77512922197943,0.748763881229243,0.892001123248758,0.654683682410288,0.270620861337393
164.28,0.85,8.73537313806663,0.749748472341166,0.893448396989356,0.659558941060283,0.272923018548239
164.29,0.85,8.69602132902437,0.747894254425861,0.894100513359439,0.65758943565361,0.273005526581445
164.3,0.85,8.65706973935179,0.751353732983494,0.89135774344777,0.655953412886536,0.269858122921548
164.31,0.85,8.61851424088834,0.750768269176494,0.890585005497982,0.657640415263579,0.272177086836215
164.32,0.85,8.58035063524234,0.751158506346628,0.892077559134293,0.654769059525244,0.267802189074755
164.33,0.85,8.54257465619508,0.752122854803204,0.892487141641597,0.656675716830945,0.269446651448691
164.34,0.85,8.50518197208073,0.75345303480312,0.893241272016307,0.65614237407269,0.270418783735578
164.35,0.85,8.46816818814206,0.753175154366429,0.894039416812694,0.657586737019219,0.270617519481427
164.36,0.85,8.43152884886252,0.754174646571656,0.89163101328106,0.657302389949618,0.270482527740945
164.37,0.85,8.39525944027516,0.754308511389834,0.890741465311372,0.65619487442925,0.270114117655486
164.38,0.85,8.35935539224858,0.754686520038639,0.891784318289622,0.652983760747,0.270766482923231
164.39,0.85,8.32381208075036,0.755162444456365,0.892855396152978,0.654483001131403,0.269290524452419
164.4,0.85,8.28862483008867,0.757261220089966,0.890843323311809,0.657011650438403,0.268540150699181
164.41,0.85,8.25378891513242,0.758285402512419,0.893425057047869,0.655290007285174,0.271646290734223
164.42,0.85,8.2192995635102,0.760031978485895,0.892991877012664,0.653784717594777,0.269510904424517
164.43,0.85,8.1851519577891,0.758889749005158,0.892307383254783,0.656503565335075,0.270898125210646
164.44,0.85,8.15134123763359,0.759596956180107,0.888730539392753,0.656373147249517,0.269200831629579
164.45,0.85,8.11786250194492,0.760912529320057,0.891962514198217,0.656623621400405,0.270711571954387
164.46,0.85,8.08471081098213,0.758707476257978,0.88952609827243,0.653254019907163,0.268797111820582
164.47,0.85,8.05188118846479,0.760457792387264,0.89178872697673,0.65468613765446,0.270051700396516
164.48,0.85,8.01936862365807,0.762709197168916,0.888493111095465,0.657787873277144,0.269038766301177
164.49,0.85,7.98716807344136,0.764924905355277,0.889503312198438,0.655831675554189,0.269774224247233
164.5,0.85,7.95527446436022,0.76094672912179,0.887290748211719,0.656460429923775,0.27119981885326
164.51,0.85,7.92368269466292,0.764313526947756,0.887214293171994,0.657102040531424,0.273378093992843
164.52,0.85,7.8923876363217,0.763113899231924,0.88687036171307,0.65570965634126,0.270016261870217
164.53,0.85,7.86138413703999,0.767946102034801,0.887744172203153,0.659335144567805,0.268754132287904
164.54,0.85,7.83066702224534,0.765766567663994,0.887672628325277,0.655852536669246,0.271093545913238
164.55,0.85,7.80023109706951,0.76627576023701,0.887021388309555,0.654940655159951,0.269667737823768
164.56,0.85,7.77007114831578,0.768807629336625,0.88415483969112,0.655052001636122,0.270944461857756
164.57,0.85,7.74018194641424,0.77119922124542,0.885182394409137,0.653827571680419,0.269995424865514
164.58,0.85,7.71055824736547,0.769994950062158,0.885386474920825,0.656922774759456,0.269016264335745
164.59,0.85,7.68119479467354,0.768358061694524,0.886367703111548,0.653520211018525,0.271196732314226
164.6,0.85,7.65208632126837,0.772876419632717,0.884297353036846,0.657509881766001,0.26952507278159
164.61,0.85,7.62322755141823,0.774905896899414,0.887198186782157,0.652874428159424,0.269789647912527
164.62,0.85,7.594613202633,0.77419515386537,0.885159957961063,0.654126117464067,0.271350363992108
164.63,0.85,7.56623798755833,0.77129776937159,0.885675932236187,0.657167354668452,0.271012617559532
164.64,0.85,7.53809661586127,0.775387319338611,0.882535138382408,0.655927180515585,0.270958791744504
164.65,0.85,7.51018379610793,0.775364539772436,0.880826110172998,0.654934616469387,0.27089143045995
164.66,0.85,7.48249423763346,0.776407997200292,0.883150187253731,0.652958517079401,0.267428771399095
164.67,0.85,7.45502265240444,0.774064399825672,0.884365907016255,0.650955203943937,0.270918737639633
164.68,0.85,7.42776375687465,0.775425161995298,0.886008107896572,0.651369250053817,0.269118920562984
164.69,0.85,7.40071227383374,0.7782310822404,0.882961326610572,0.653103974672766,0.270140253463192
164.7,0.85,7.37386293424964,0.779520011182123,0.884919653371621,0.652144407895569,0.271495039911168
164.71,0.85,7.34721047910463,0.779962522756469,0.883081375933124,0.653054604806571,0.269131187792426
164.72,0.85,7.3207496612255,0.781118241012551,0.882418527904209,0.653777360157353,0.269262454806205
164.73,0.85,7.29447524710759,0.781135250525292,0.882579544727045,0.653081523954327,0.272419823746492
164.74,0.85,7.26838201873314,0.780519997763183,0.883157000589934,0.651201200478518,0.271238135966806
164.75,0.85,7.24246477538409,0.780825486625931,0.881006677439639,0.652247207594741,0.270880421744034
164.76,0.85,7.21671833544882,0.786052991978003,0.8813590737031,0.650955458235383,0.268507104701497
164.77,0.85,7.1911375382235,0.784572037089955,0.881789351234986,0.652771871247738,0.268667546521838
164.78,0.85,7.1657172457076,0.783376082489119,0.88001913999187,0.652439628904559,0.270196163130725
164.79,0.85,7.14045234439354,0.783805842591042,0.882054983377217,0.650112752755767,0.271190248613125
164.8,0.85,7.11533774705034,0.782546238525405,0.881763243046462,0.652406986295099,0.270788256700315
164.81,0.85,7.09036839450124,0.783544267425731,0.879366118970938,0.650905721450862,0.269589731537419
164.82,0.85,7.06553925739482,0.784439546044256,0.880153884335943,0.65407858443064,0.268402646282562
164.83,0.85,7.04084533796953,0.787499083461752,0.880531386458246,0.65054400897297,0.271393257736589
164.84,0.85,7.01628167181136,0.789163779041135,0.878180061992931,0.650568384442842,0.267364037959569
164.85,0.85,6.99184332960412,0.789768130154594,0.880371771327422,0.650468182703552,0.268238823447097
164.86,0.85,6.96752541887206,0.786567909384189,0.877869154904613,0.649537951089597,0.271945536516447
164.87,0.85,6.94332308571439,0.792223722170665,0.878444866998366,0.649420157149357,0.268900193553825
164.88,0.85,6.91923151653124,0.789625987549625,0.875151953773775,0.650407411029354,0.269851712086356
164.89,0.85,6.89524593974042,0.7907528111122,0.879143695617785,0.649994823048701,0.269066643886401
164.9,0.85,6.87136162748452,0.792555725948158,0.87760985880698,0.649116476264987,0.270036188806651
164.91,0.85,6.84757389732779,0.791384420668213,0.876665763958938,0.651257137714698,0.271301188061749
164.92,0.85,6.82387811394198,0.794543028758751,0.877432310060997,0.652088993356127,0.269579558117402
164.93,0.85,6.80026969078058,0.794826647242452,0.873287064830414,0.649908871376234,0.270231241129058
164.94,0.85,6.77674409174088,0.792080729859783,0.877269897024307,0.651456068150838,0.269829261930398
164.95,0.85,6.75329683281256,0.792908111483114,0.876138311234712,0.648444839648472,0.266214644083887
164.96,0.85,6.72992348371275,0.797031151315034,0.874879685157549,0.649778587539712,0.268580634815654
164.97,0.85,6.70661966950611,0.793675451358585,0.876161179462127,0.647505801544743,0.268856479976122
164.98,0.85,6.68338107220932,0.800328310983865,0.874730032045008,0.650906748082549,0.268336326724593
164.99,0.85,6.66020343237908,0.794561862186131,0.875061764304067,0.648671388472156,0.268765262518224
165,0,6.63708255068264,0.797789346837016,0.874468455640649,0.64926830978402,0.27049603139679
165.01,0,6.61401428944989,0.800523722157714,0.874106337185888,0.649629795784363,0.270415071614461
165.02,0,6.59099457420591,0.798266281312027,0.873704783473403,0.649312986884744,0.267144362813956
165.03,0,6.56801939518329,0.799063877596171,0.873861193222827,0.647500088700387,0.269090613393389
165.04,0,6.54508480881268,0.802652823146224,0.872512698615788,0.650976198582354,0.268340382653501
165.05,0,6.52218693919089,0.801245106440534,0.874587174617935,0.648878502495371,0.26837182231683
165.06,0,6.49932197952535,0.800238836245058,0.875172004205358,0.647761578715433,0.270363666653058
165.07,0,6.47648619355367,0.80395778916206,0.872106203246963,0.645834209880249,0.270326031697281
165.08,0,6.4536759169372,0.804285701162375,0.873447688357947,0.649279936703429,0.267807584186056
165.09,0,6.4308875586278,0.804242498785386,0.872478556386963,0.646960396854572,0.270148233458258
165.1,0,6.40811760220595,0.802126400574294,0.872837188551894,0.649149662785379,0.271368885218848
165.11,0,6.38536260718971,0.805270586208364,0.873552563692495,0.646590117624623,0.272289602100022
165.12,0,6.36261921031302,0.805871986351678,0.869551002481451,0.648666321458817,0.267875202163122
165.13,0,6.33988412677212,0.806793220202376,0.869983935373175,0.647909005844421,0.27006904298138
165.14,0,6.32241612628565,0.806663164835554,0.872173192445716,0.647920617785007,0.271511519474516
165.15,0,6.31248334714801,0.807969090349412,0.871849126075243,0.647797029466449,0.267544075730225
165.16,0,6.30412859599618,0.808357199371481,0.868636650008858,0.647439394247454,0.270460252836294
165.17,0,6.29619953300261,0.804960330917206,0.868914784064019,0.646772855987411,0.269995446435655
165.18,0,6.29056578431147,0.809642045524718,0.871773267226711,0.648772262155077,0.270151568622111
165.19,0,6.28586699857007,0.807166825541238,0.869975120092832,0.646965481276589,0.269217383179845
165.2,0,6.28123138399791,0.809907402723388,0.869494742384101,0.645936029254755,0.268495187414654
165.21,0,6.27650967636507,0.808886223080226,0.867638251030438,0.6472045548042,0.268194336240981
165.22,0,6.2716825446008,0.80851271143284,0.868873510172719,0.647325005028792,0.268894813439713
165.23,0,6.26674572174525,0.808060348087792,0.868837458071067,0.644709973060779,0.268255815814321
165.24,0,6.26169615587239,0.808473360580183,0.86729015668156,0.643854487281193,0.269768880508643
165.25,0,6.25653088335049,0.805713958939441,0.866929196136008,0.643512501944375,0.26958092727923
165.26,0,6.25124699485715,0.809715111891459,0.86831859344002,0.645549600768607,0.270348919782856
165.27,0,6.24584164475854,0.809619429824384,0.865542941328149,0.645531042493507,0.269018071498387
165.28,0,6.24031205483565,0.80847467764374,0.867778744687301,0.64637546609743,0.269355526312083
165.29,0,6.23465551639356,0.806863634791281,0.866483290959639,0.64777187878534,0.267786276583907
165.3,0,6.22886939211464,0.806231151014101,0.86834991417584,0.644622611372546,0.271074838329102
165.31,0,6.22295111785684,0.807599401974414,0.866640410240736,0.644642853497185,0.27026785267163
165.32,0,6.21689820441503,0.807357462789473,0.865569189699241,0.642924187149667,0.269482727886292
165.33,0,6.21070823924558,0.807116785494307,0.867309559404976,0.64585889096441,0.270085536702274
165.34,0,6.20437888815198,0.808873786641539,0.866828992880009,0.644235769502061,0.271127892293108
165.35,0,6.19790789692951,0.809902701101456,0.862700457442029,0.64367888234353,0.26930914220014
165.36,0,6.19129309296745,0.81144476949213,0.864755248985665,0.645248596902182,0.269811409300131
165.37,0,6.18453238680681,0.809315586594275,0.866229540007193,0.645420006873015,0.269347891355316
165.38,0,6.17762377365205,0.810097019140502,0.864167444899895,0.645115470830498,0.272963689302208
165.39,0,6.17056533483465,0.809358809998747,0.864740144152509,0.645379801574058,0.270485243416922
165.4,0,6.16335523922744,0.810343262326197,0.865174059466505,0.647379117806535,0.270249170266859
165.41,0,6.15599174460744,0.809985540099279,0.864480162703415,0.644108732762467,0.268880797944071
165.42,0,6.14847319896591,0.809762803944085,0.863965931400513,0.6436791669703,0.267936777031008
165.43,0,6.1407980417641,0.810793313923377,0.862508213395511,0.64285565772856,0.270981410228905
165.44,0,6.13296480513293,0.811726339375981,0.861861170154172,0.643843869729673,0.268460677323473
165.45,0,6.12497211501527,0.812058062183629,0.864201025278014,0.643232136246318,0.26833561439727
165.46,0,6.11681869224936,0.811352167528951,0.859349633915143,0.646158192267039,0.269936530321143
165.47,0,6.1085033535922,0.81046381629259,0.859261080525618,0.645796185154853,0.269983453488301
165.48,0,6.10002501268106,0.811790658959999,0.860246126119564,0.645373184411011,0.269609033318109
165.49,0,6.09138268093258,0.806242745704868,0.861443213476116,0.645227521867769,0.272201886753535
165.5,0,6.08257546837775,0.808968691466556,0.859601972315075,0.641443120077987,0.270448060415625
165.51,0,6.07360258443182,0.814767041948936,0.85899082296316,0.641497035722098,0.273065680088928
165.52,0,6.06446333859802,0.813514118344403,0.859257300505111,0.644135620400897,0.267897971258642
165.53,0,6.05515714110451,0.814573936234509,0.860155172192238,0.641287117830953,0.271588125670971
165.54,0,6.04568350347283,0.811870363867278,0.860643536673493,0.642300660325732,0.267230869009753
165.55,0,6.03604203901789,0.811709833366127,0.85949363049135,0.643453913605968,0.270013318437826
165.56,0,6.02623246327833,0.811436707833991,0.860376005576122,0.643664441143772,0.271337510694278
165.57,0,6.01625459437646,0.813323612505866,0.857438940842539,0.643727082001683,0.272305755220414
165.58,0,6.00610835330741,0.813960074179417,0.857314991795321,0.646951421398859,0.273403382828786
165.59,0,5.99579376415706,0.816168255595145,0.859677149236212,0.643189502442036,0.272787603153724
165.6,0,5.98531095424803,0.812146023730902,0.858529626565453,0.64367648838166,0.268097085870082
165.61,0,5.97466015421348,0.812779611312194,0.85910678497885,0.644193717639443,0.268850499778913
165.62,0,5.96384169799876,0.812819435563767,0.856299235326816,0.639958297238633,0.271563888201396
165.63,0,5.95285602279032,0.814861863264163,0.860439234749096,0.643066662603703,0.270394291534008
165.64,0,5.94170366887195,0.815498766262403,0.85639115503629,0.642110760212187,0.270056902126097
165.65,0,5.93038527940858,0.816278820971606,0.856884902130028,0.643867341683834,0.270374046668496
165.66,0,5.91890160015737,0.816694161908035,0.85687852808806,0.644001591782074,0.269996897385183
165.67,0,5.90725347910651,0.816217186096017,0.858210525645481,0.642193132825859,0.271205461166769
165.68,0,5.89544186604192,0.817135353268179,0.855470368074561,0.642739949725635,0.268603821397695
165.69,0,5.88346781204238,0.814652930342708,0.856417641652291,0.640692463474002,0.270428847959876
165.7,0,5.87133246890316,0.814479201272159,0.857864923528707,0.640165439512967,0.268768058046677
165.71,0,5.85903708848906,0.813504148246395,0.854420511589803,0.643363737305457,0.269290286855927
165.72,0,5.84658302201751,0.815203813987923,0.855091668755151,0.641312358287874,0.270071809667463
165.73,0,5.83397171927192,0.817578030000414,0.857389210935491,0.64106310386895,0.268878851651514
165.74,0,5.82120472774682,0.819227698078422,0.854696119477047,0.640368909660079,0.270254771516512
165.75,0,5.80828369172524,0.816965493722577,0.855276739079677,0.64257317391472,0.270142206111271
165.76,0,5.79521035128917,0.818879525057171,0.855630299279885,0.641704341343832,0.269929249534437
165.77,0,5.78198654126459,0.819198819311105,0.856377878868729,0.642713435205582,0.270349481963478
165.78,0,5.76861419010198,0.818975767412315,0.857424757945709,0.643059332194022,0.26803185865169
165.79,0,5.75509531869342,0.820206862711043,0.856731779922857,0.643810567765367,0.267488021586608
165.8,0,5.74143203912765,0.819546616437396,0.855192404100282,0.643852138657671,0.269841767598297
165.81,0,5.72762655338475,0.823419100064275,0.853910039089147,0.644355909944116,0.269817684762705
165.82,0,5.71368115197135,0.817033059578173,0.852881348323015,0.643015943299432,0.270114560787791
165.83,0,5.69959821249825,0.819483008468404,0.855146400791806,0.645713554286536,0.267433510906348
165.84,0,5.68538019820209,0.822065440026731,0.853300494450178,0.643509167286157,0.268932769769148
165.85,0,5.67102965641243,0.823251646449884,0.853746742710966,0.6407296334833,0.272152728562749
165.86,0,5.65654921696608,0.823478214340886,0.854452285777432,0.643092289767592,0.270925161499794
165.87,0,5.64194159057061,0.821066743685765,0.851670857733622,0.642542122330636,0.272905368290102
165.88,0,5.62720956711881,0.820433923532951,0.853790378366202,0.644743467131478,0.268718784447361
165.89,0,5.61235601395562,0.825394202516709,0.854933067660169,0.644020989320356,0.27184029505005
165.9,0,5.59738387410012,0.823176219323667,0.851457521543198,0.642038516764917,0.270020939481727
165.91,0,5.58229616442414,0.824664566114067,0.852599225685074,0.64241496698439,0.269362267193555
165.92,0,5.56709597378947,0.826692083854019,0.851704124996678,0.642933608570766,0.272095712299821
165.93,0,5.55178646114612,0.825582465191748,0.851717433715813,0.644422668220202,0.270722446468086
165.94,0,5.5363708535935,0.825510903631331,0.849305137912631,0.644777645365279,0.268468683241335
165.95,0,5.5208524444066,0.826075747177107,0.850327528263133,0.644841799375429,0.26921656660474
165.96,0,5.50523459102949,0.828480668634414,0.846948101640874,0.644798028452217,0.270438652781084
165.97,0,5.48952071303866,0.828514238755957,0.848647103713419,0.643819722349277,0.267765447131361
165.98,0,5.47371429007757,0.826525638254368,0.852672486100104,0.643135935837784,0.270018929803674
165.99,0,5.45781885976567,0.827351010280525,0.850561550707697,0.640321632930335,0.268855035491283
166,0,5.44183801558373,0.827201951331686,0.851556065327596,0.643816698680986,0.268108184639872
166.01,0,5.42577540473744,0.830268040906864,0.848393987661714,0.644375125495821,0.26811190766204
166.02,0,5.40963472600227,0.828768764137805,0.850045307273347,0.644216887496751,0.269579319069201
166.03,0,5.39341972755155,0.8299216924156,0.849235583941243,0.644443923827968,0.269816230905382
166.04,0,5.37713420476987,0.829379974749098,0.849172338678572,0.643102818668094,0.270230564356122
166.05,0,5.36078199805451,0.831065295872251,0.850426655867755,0.644125574387811,0.272417808503343
166.06,0,5.34436699060724,0.829643356217687,0.849540061387502,0.644402899203666,0.268973545733594
166.07,0,5.32789310621834,0.831839905062202,0.847312742848428,0.644639856130104,0.26931994880776
166.08,0,5.31136430704555,0.833324693964491,0.847984151247704,0.642917047155917,0.269133987104595
166.09,0,5.29478459139014,0.833333015601389,0.845806263000295,0.644099306025525,0.26787883170153
166.1,0,5.27815799147237,0.832461873772527,0.845343533303533,0.646228510604667,0.268003109960612
166.11,0,5.26148857120836,0.834948178047331,0.847545232163954,0.64602471604436,0.271081843046876
166.12,0,5.24478042399107,0.833838306647281,0.847248615249494,0.645276959706325,0.270354876194178
166.13,0,5.22803767047716,0.837158421654883,0.847134116683133,0.641854583091017,0.270056151403963
166.14,0,5.21126445638189,0.834844758415674,0.846181105178454,0.647644814314146,0.272091610046289
166.15,0,5.19446495028472,0.833989276353299,0.84590407943979,0.645116286866486,0.26900764842179
166.16,0,5.17764334144701,0.834757999785289,0.847688677595376,0.644371151980729,0.268117069825461
166.17,0,5.16080383764425,0.835278976766259,0.846467411850443,0.645296687836643,0.268979232680342
166.18,0,5.14395066301487,0.83615985545464,0.844733406334282,0.64551688220198,0.271471165853812
166.19,0,5.12708805592754,0.83945715631767,0.845520115445947,0.644760804335666,0.27002803758137
166.2,0,5.11022026686862,0.836956194954017,0.845105111473154,0.644611423991361,0.266728008532834
166.21,0,5.0933515563521,0.836301100713304,0.843798510423958,0.646501516560148,0.268411959937831
166.22,0,5.07648619285359,0.837555793936845,0.846141156183486,0.648504854318188,0.270226856211576
166.23,0,5.05962845076995,0.838186145158845,0.844785218959598,0.6485145721412,0.272649861510068
166.24,0,5.04278260840665,0.838059168978022,0.844349733095484,0.647601589545046,0.271349342962887
166.25,0,5.02595294599446,0.841886531656388,0.843259990047001,0.646740312145124,0.270724705352306
166.26,0,5.00914374373654,0.839939663712717,0.843312521475663,0.648928229714221,0.270154699780562
166.27,0,4.99235927988811,0.840954819890814,0.843824657697668,0.647747144560469,0.267369853673517
166.28,0,4.9756038288701,0.839413809680127,0.844053714360563,0.648517007843474,0.272443083797694
166.29,0,4.95888165941753,0.8417618740707,0.844050667014922,0.647236006489976,0.271604766646743
166.3,0,4.94219703276478,0.840905200556523,0.84326326363968,0.645329825904209,0.272727198284151
166.31,0,4.92555420086857,0.841062168556785,0.840829639200911,0.647526402212678,0.266762209527321
166.32,0,4.90895740466991,0.84400068835149,0.840457275124531,0.647548803215511,0.270636376513858
166.33,0,4.89241087239613,0.843768853907173,0.842705944452252,0.651508583355883,0.270662953760601
166.34,0,4.87591881790431,0.842982374482069,0.841576804605148,0.647486549504097,0.272302852450655
166.35,0,4.85948543906668,0.847489441775498,0.841884652573725,0.647519903679058,0.272198973462865
166.36,0,4.84311491619916,0.847728858477264,0.842300133067022,0.647563377749331,0.268830955908205
166.37,0,4.82681141053405,0.845043187594211,0.842140324180708,0.648897735773973,0.269542016672033
166.38,0,4.81057906273728,0.845560448213332,0.843365145031284,0.648828639421449,0.270263937350597
166.39,0,4.79442199147103,0.84830079596994,0.841518632155508,0.649489290113993,0.269827171808023
166.4,0,4.7783442920027,0.849220315038163,0.841555643647754,0.646847717080973,0.271151210535322
166.41,0,4.76235003486031,0.84943465145214,0.840917565723207,0.649822319301237,0.269680154926317
166.42,0,4.74644326453503,0.849659635347104,0.843263248651169,0.64922211542235,0.26902193932957
166.43,0,4.73062799823137,0.849175151619292,0.842168596723078,0.648288576208987,0.271817282454336
166.44,0,4.71490822466527,0.848801039071315,0.841205439945242,0.649279984503134,0.27052824519271
166.45,0,4.69928790291024,0.849991643923448,0.8403458689115,0.647251232051167,0.271328666307682
166.46,0,4.68377096129197,0.849388888015673,0.841616845008315,0.649755492521726,0.269863472900954
166.47,0,4.66836129633166,0.849682489679978,0.840115167624743,0.650691049003811,0.269219176430649
166.48,0,4.65306277173759,0.850557629739207,0.838315955760244,0.649609734095966,0.267823524449059
166.49,0,4.63787921744554,0.851955454633768,0.83940355043699,0.648084012393217,0.273800206728217
166.5,0,4.62281442870793,0.852436332853426,0.841458812796881,0.648463362212014,0.270045360885305
166.51,0,4.607872165231,0.852301582969147,0.84082836428417,0.649657704634427,0.270231795040997
166.52,0,4.59305615036053,0.852755957921038,0.836653108889795,0.649097749218412,0.26992947375442
166.53,0,4.57837007031561,0.85382763459873,0.841114318305003,0.652220892572036,0.268520888700339
166.54,0,4.56381757346988,0.853610881643466,0.839811596526039,0.651208512095327,0.269363122350406
166.55,0,4.54940226968024,0.854605585184667,0.838948368440113,0.649960933643509,0.269751606667835
166.56,0,4.53512772966262,0.853726242124795,0.841388676825227,0.649550530341915,0.268690811165503
166.57,0,4.52099748441391,0.856742606200281,0.837495403307766,0.650519330609851,0.27191015909521
166.58,0,4.50701502467994,0.857268304406334,0.839267910473929,0.652143743613917,0.270256798340637
166.59,0,4.49318380046883,0.858177249375411,0.837098208163731,0.651153845973577,0.270350421601263
166.6,0,4.47950722060895,0.856075325937485,0.839162324874443,0.649453926185511,0.271596677619355
166.61,0,4.46598865235079,0.859269019483733,0.838771231889744,0.653291018019079,0.267861005524178
166.62,0,4.45263142101232,0.8575998297039,0.839387830796099,0.650876400121023,0.269083102432511
166.63,0,4.43943880966672,0.856832033361684,0.839639697130244,0.652617972182539,0.269312106922731
166.64,0,4.42641405887159,0.859422823196151,0.835931841521463,0.650301230658899,0.267611347723069
166.65,0,4.41356036643935,0.858666856665932,0.840542862837795,0.650924873210907,0.27071990841583
166.66,0,4.40088088724728,0.86323731626205,0.837806174979649,0.649930639527504,0.269158304545789
166.67,0,4.38837873308652,0.862153066398471,0.839478320181188,0.652346478067766,0.27135129195061
166.68,0,4.37605697254913,0.860629693290163,0.836314503886262,0.654592578263081,0.269395174480894
166.69,0,4.36391863095229,0.859716932455763,0.836172264049083,0.650342612152481,0.270353802646704
166.7,0,4.35196669029798,0.861164619428387,0.836376041442028,0.651115988051745,0.272825593093564
166.71,0,4.34020408926806,0.860917688026278,0.838128853841751,0.651843640279965,0.269910001817007
166.72,0,4.32863372325279,0.863304257472956,0.836308245263423,0.651256854023936,0.268242152963887
166.73,0,4.31725844441205,0.862653434836935,0.836481004310806,0.652648109310347,0.268627068084308
166.74,0,4.30608106176812,0.862369060565571,0.836544162951371,0.654187282911499,0.270416377393721
166.75,0,4.29510434132883,0.863351624443873,0.837021878186539,0.652361419759296,0.272218896285043
166.76,0,4.28433100623965,0.862840977937523,0.837365520449368,0.653969315475626,0.269268537841003
166.77,0,4.27376373696387,0.86522208269639,0.834753318288761,0.655130491020435,0.272031123535109
166.78,0,4.26340517148955,0.864115608334366,0.836015003306395,0.654481434306863,0.268608600826987
166.79,0,4.2532579055617,0.866760955372853,0.835783839578983,0.651239375566279,0.273389755107035
166.8,0,4.24332449293883,0.86606583140792,0.835393345070265,0.656581808675622,0.265575090983943
166.81,0,4.23360744567251,0.865381946027379,0.832534905849444,0.655614749986375,0.269325028569053
166.82,0,4.22410923440843,0.866570793230511,0.835181036231842,0.655150997343091,0.270910353162932
166.83,0,4.21483228870793,0.863469433542949,0.836461901656478,0.652397264889829,0.271703463927128
166.84,0,4.20577899738881,0.866596662141481,0.837111272460773,0.654934518742246,0.271976497182296
166.85,0,4.19695170888368,0.866155526758237,0.835251270450575,0.653829353859921,0.267803800121317
166.86,0,4.18835273161499,0.868998687074628,0.83360395649882,0.657022523308668,0.270335829136211
166.87,0,4.17998433438536,0.867065683028137,0.834690811888227,0.653063172519924,0.267823441694548
166.88,0,4.17184874678182,0.867848298888073,0.833961743907098,0.652835349229565,0.270695241210288
166.89,0,4.16394815959256,0.867819277724061,0.835972400640807,0.652656497566585,0.270359854388455
166.9,0,4.15628472523531,0.871350208867146,0.832369690650555,0.658432321921865,0.269911434601634
166.91,0,4.14886055819566,0.869473055587985,0.832597740775556,0.655481168912306,0.268886832056344
166.92,0,4.14167773547422,0.870802590779195,0.835560092030812,0.654237033859066,0.270240806712238
166.93,0,4.13473829704136,0.868913873773118,0.830241579368428,0.654509966907341,0.268440852626926
166.94,0,4.12804424629833,0.869363837041048,0.834207139208589,0.653628682117273,0.270673928941544
166.95,0,4.12159755054325,0.868125620806872,0.83116705737571,0.654601476610178,0.27160464568907
166.96,0,4.11540014144112,0.869992452301211,0.831664653185782,0.65798198464712,0.269472226474712
166.97,0,4.10945391549636,0.869343265274233,0.834540127558739,0.654436413105879,0.27050097747893
166.98,0,4.10376073452673,0.870659163678217,0.832030306919052,0.6558244651912,0.269685514827382
166.99,0,4.09832242613745,0.86705040746825,0.835101373494807,0.6564700731732,0.267605200188562
167,0,4.09314078419446,0.86960881938699,0.832198941004913,0.654728189463806,0.27026898072414
167.01,0,4.08821756929543,0.869356768206755,0.83279513163973,0.655110317350706,0.270005193454557
167.02,0,4.08355450923754,0.867089294641695,0.83280637753235,0.656673769911228,0.271069349082135
167.03,0,4.07915329948098,0.874064918728605,0.833585977829494,0.656819607072654,0.269364963444804
167.04,0,4.07501560360685,0.870321142020623,0.835897765116058,0.655052387583241,0.268088708328887
167.05,0,4.07114305376851,0.867779388032657,0.830832413521797,0.656114530514159,0.270522834397609
167.06,0,4.06753725113543,0.872809066320108,0.831330245429077,0.65311895692854,0.272273122524693
167.07,0,4.06419976632826,0.868520705295518,0.83230239970839,0.656398996095857,0.270319239666011
167.08,0,4.06113213984432,0.871995391099879,0.833164399295943,0.656868525500282,0.270995197266144
167.09,0,4.05833588247244,0.871806341997715,0.832337342583945,0.654873740064108,0.268533758519737
167.1,0,4.05581247569618,0.869350402548761,0.831574426220633,0.657423242531121,0.27278280977829
167.11,0,4.0535633720845,0.87179619540394,0.829126539594838,0.655033080997136,0.270777789415703
167.12,0,4.05158999566902,0.872759018136114,0.833978624726273,0.654456542859929,0.270480284206076
167.13,0,4.04989374230697,0.871905446330247,0.832640000645208,0.657286307191851,0.270316857718398
167.14,0,4.04847598002886,0.872493406441415,0.833121266592069,0.656500104725821,0.273629137390077
167.15,0,4.04729733515956,0.874349342301031,0.83172833440217,0.654752926917382,0.271884672377301
167.16,0,4.04618573012899,0.871631718891016,0.830698650786982,0.656634069773699,0.26786421148804
167.17,0,4.04512449802944,0.871361547359926,0.834063721064121,0.655447029641625,0.26990156569118
167.18,0,4.04411386421696,0.870333358763422,0.831141554950929,0.655827426514788,0.268895526340363
167.19,0,4.04315403905754,0.871621697352471,0.835073441561079,0.656351501218078,0.269685489874328
167.2,0,4.04224521782222,0.872286089065854,0.829045049044246,0.658544296880868,0.269316220477262
167.21,0,4.04138758058984,0.874780232288676,0.832547291903776,0.658735207379178,0.269057780774104
167.22,0,4.04058129215746,0.871653461500281,0.831378385870703,0.657809862261052,0.269256928667712
167.23,0,4.03982650195871,0.870370631373835,0.833129384246769,0.654971833005205,0.272604320024439
167.24,0,4.03912334398999,0.870174607286652,0.83117979355074,0.65713965661982,0.270017764236669
167.25,0,4.03847193674466,0.874039024391625,0.830406125177136,0.656293791913898,0.267396186428109
167.26,0,4.03787238315529,0.872583334224115,0.835225824870687,0.657017617609811,0.270971711326077
167.27,0,4.03732477054387,0.87130870034347,0.832139703143231,0.656907481719538,0.271199005233452
167.28,0,4.03682917058037,0.874454653693437,0.830280812059391,0.656208526095454,0.268884879676714
167.29,0,4.03638563924921,0.872619257877887,0.829721689968469,0.654730892378385,0.269672537034038
167.3,0,4.03599421682414,0.873032717447394,0.83283791346553,0.655299842182172,0.268302525455466
167.31,0,4.03565492785121,0.871617978276674,0.833507206326771,0.656874153364978,0.268511770422327
167.32,0,4.03536778114008,0.871862481981656,0.832799439404289,0.657636135201077,0.269393506952088
167.33,0,4.03513276976346,0.870108078866007,0.83125615727631,0.657505839699131,0.270643096346209
167.34,0,4.04158472219762,0.870849717551662,0.830764086108588,0.655830586602785,0.269020127657589
167.35,0,4.05960678484754,0.869232501055579,0.832964310478268,0.656964614520174,0.271019750161268
167.36,0,4.06770800830715,0.86902935472429,0.831562406722853,0.656840100498678,0.269203709000133
167.37,0,4.07349311431357,0.868887548125895,0.833612474602411,0.657256991310034,0.269668065085627
167.38,0,4.07914245217703,0.87108014350509,0.829412878634991,0.656212661885467,0.269408536809466
167.39,0,4.08503316525741,0.872013189400178,0.832950852367276,0.661013337860416,0.270044613857021
167.4,0,4.09121957355414,0.871086135190731,0.832236223225505,0.658209588040567,0.270360765471189
167.41,0,4.09770912221259,0.868966688236218,0.828353016655736,0.658267791770066,0.270171372239496
167.42,0,4.10450323197995,0.86859374539613,0.83025381064328,0.656438842060873,0.270049122892389
167.43,0,4.11160260119133,0.871356473002425,0.832311558047161,0.656774167760394,0.271548919325854
167.44,0,4.11900782767041,0.868246036256964,0.830291467746751,0.656038354359222,0.269535574708273
167.45,0,4.12671947472026,0.866655113087667,0.830526936244789,0.65598629156387,0.26946516975699
167.46,0,4.13473807705907,0.865455124439212,0.832516843528115,0.657486537184318,0.271603657332824
167.47,0,4.14306414091071,0.867573207096203,0.829602670197404,0.655570157792188,0.269233177549163
167.48,0,4.15169814358723,0.866006071137246,0.829308063716402,0.657149978002457,0.272299499755619
167.49,0,4.1606405330179,0.864023520125818,0.833297056113762,0.65827062926334,0.271978727690648
167.5,0,4.16989172725463,0.867214887402086,0.827695550710679,0.656060341054612,0.271934294221792
167.51,0,4.1794521139544,0.863264165235689,0.831756133423536,0.654567794970642,0.271873600110598
167.52,0,4.18932204983903,0.863044854226694,0.830402857026899,0.657474097972247,0.269839977872964
167.53,0,4.1995018601327,0.864289221920947,0.830848178130064,0.655839854862957,0.269603795382637
167.54,0,4.20999183797768,0.867175731501453,0.83053310344402,0.657255002466148,0.269765987878365
167.55,0,4.22079224382907,0.863416444529201,0.832664469379202,0.655235845644434,0.270841557614096
167.56,0,4.23190330482894,0.863280737111154,0.82843113588323,0.655023836554923,0.270543701169992
167.57,0,4.24332521416079,0.861656858719574,0.832101818512511,0.656403785222803,0.269242027001536
167.58,0,4.25505813038489,0.860839823396245,0.831791145097493,0.657194024987982,0.266765586016432
167.59,0,4.26710217675529,0.86119831345859,0.83238855149424,0.653614906288357,0.270847637503859
167.6,0,4.27945744051939,0.860212466342861,0.832811654003087,0.655678442129996,0.267097312941114
167.61,0,4.29212397220077,0.862046064013164,0.832330079094683,0.658224897771036,0.26919913178504
167.62,0,4.30510178486627,0.857882656664947,0.832511057883034,0.655695281973465,0.270527083533968
167.63,0,4.3183908533782,0.856544154753641,0.828496851433327,0.654458789045801,0.271306872266311
167.64,0,4.33199111363256,0.858125551687104,0.832523190847233,0.656607048753845,0.268965965034164
167.65,0,4.34590246178441,0.859408078062358,0.830888309832615,0.658603762168157,0.270667544851834
167.66,0,4.36012475346126,0.855687836273723,0.832189755658091,0.653268463638797,0.270677763076906
167.67,0,4.37465780296571,0.857395985689381,0.830615899601479,0.653548866563948,0.269708589960067
167.68,0,4.38950138246827,0.855158646229782,0.831502293953083,0.656605250819,0.270855769736106
167.69,0,4.40465522119162,0.855959730117325,0.831398061351328,0.654217584059688,0.27019054363748
167.7,0,4.42011900458743,0.854306710570382,0.828854951663423,0.656113334019736,0.270680078914141
167.71,0,4.43589237350701,0.853128940619039,0.83142968795984,0.656171298948141,0.269186413254952
167.72,0,4.45197492336689,0.854179746693804,0.832018010077615,0.65522941657583,0.270555154867863
167.73,0,4.46836620331088,0.853089166305179,0.832445722450754,0.65227778785953,0.269898995529664
167.74,0,4.48506571536952,0.851654552737385,0.830987512175942,0.653955463612022,0.270538553450221
167.75,0,4.50207291361859,0.852232092848829,0.831631306420716,0.65371666111425,0.272550299071909
167.76,0,4.51938720333801,0.849132365481833,0.833212520910101,0.65428015705299,0.266994630127227
167.77,0,4.53700794017231,0.850082796246092,0.831434866071406,0.653452735572851,0.269361378554354
167.78,0,4.55493442929435,0.850029178799752,0.830725735132826,0.652853345621817,0.270501470358702
167.79,0,4.57316592457361,0.848817834113003,0.833443241241829,0.653247836876141,0.267908522520102
167.8,0,4.59170162775058,0.849486867203062,0.832708486955955,0.654925844188333,0.270522324793249
167.81,0,4.61054068761865,0.847171329762104,0.830116104876968,0.653901364599389,0.270120342951355
167.82,0,4.62968219921526,0.847372227495832,0.831791548653285,0.651921787470391,0.271631609925566
167.83,0,4.64912520302367,0.843830791579308,0.831643329530682,0.653469844746211,0.269252046725865
167.84,0,4.66886868418684,0.843858089510307,0.833618480457576,0.654106474285271,0.268138571233746
167.85,0,4.68891157173531,0.843920135821401,0.833121532701521,0.652374996965138,0.270264622173734
167.86,0,4.70925273783047,0.844826452904983,0.833592868701216,0.65190537424952,0.268276293849893
167.87,0,4.72989099702487,0.843625339276559,0.829587787387673,0.653216081474667,0.270346041575845
167.88,0,4.75082510554115,0.840767599329083,0.832174076286439,0.651702783120628,0.268570107994303
167.89,0,4.77205376057153,0.842254017531711,0.832486578222857,0.653173555639424,0.2721139469383
167.9,0,4.79357559959909,0.838949570566131,0.833153059313461,0.65351912611031,0.273019671028104
167.91,0,4.8153891997428,0.841871601692336,0.831602063457681,0.652016755779058,0.26967702437764
167.92,0,4.83749307712795,0.839245950722892,0.831768555455911,0.650154865484712,0.269483440132643
167.93,0,4.85988568628355,0.839210763396474,0.83185867778805,0.652884386038597,0.272983257734949
167.94,0,4.88256541956839,0.836760322028932,0.831517459711029,0.65430123212218,0.271356948336187
167.95,0,4.90553060662757,0.838627876920562,0.832822621020272,0.650589406836517,0.270641888007779
167.96,0,4.92877951388106,0.835311032112637,0.833303503474007,0.652208017496714,0.268980800521419
167.97,0,4.95231034404585,0.832612308230242,0.8319556132833,0.650867723053408,0.269865494179051
167.98,0,4.97612123569375,0.831218869904702,0.833518977352375,0.649632445290075,0.26916670232865
167.99,0,5.00021026284606,0.83376607028577,0.831792886997852,0.651001367400551,0.271308740074156
168,0,5.02457543460679,0.833187438315642,0.831472996555575,0.65078632774264,0.268617486834217
168.01,0,5.04921469483649,0.833303692240707,0.832901094668041,0.648927492252707,0.272966760936977
168.02,0,5.07412592186786,0.830772764311607,0.834020598077433,0.650027922092355,0.269129533015571
168.03,0,5.09930692826469,0.830278075689198,0.834182960302645,0.647895661498213,0.271075068889648
168.04,0,5.12475546062613,0.827503554749306,0.83440256283937,0.649437536494517,0.270812791135962
168.05,0,5.1504691994375,0.825987816744776,0.835482400807252,0.650459695361632,0.2685567215668
168.06,0,5.176445758969,0.827061583137354,0.832198919469537,0.648448774617866,0.269661299486667
168.07,0,5.20268268722428,0.827354898787308,0.83462365723764,0.647342414724787,0.271189842438682
168.08,0,5.22917746594002,0.824001535081501,0.831507961421014,0.651571233025874,0.270057846892911
168.09,0,5.2559275106377,0.822927912587649,0.837157407517745,0.647894220132255,0.270874421802249
168.1,0,5.28293017072956,0.825354951140186,0.836175126920496,0.649174095664168,0.267539509306746
168.11,0,5.31018272967947,0.822690413508725,0.834577660519841,0.649081400671665,0.26912586574895
168.12,0,5.33768240522027,0.821335033798269,0.835431446394336,0.650511773830395,0.270368172412102
168.13,0,5.36542634962877,0.821298462566375,0.833630374220804,0.649100359880215,0.269268841604519
168.14,0,5.39341165005979,0.819141966137881,0.833869141180555,0.649349841672852,0.269526670470093
168.15,0,5.42163532893988,0.818360780384527,0.834127769988989,0.647810209093262,0.268316154463233
168.16,0,5.45009434442227,0.816129390167794,0.836390452960789,0.649876542384308,0.269889491134749
168.17,0,5.47878559090406,0.818229120162647,0.838497884418533,0.650496756096355,0.269789485651135
168.18,0,5.50770589960612,0.817377074044973,0.835050321811155,0.649107392178436,0.267473667348646
168.19,0,5.53685203921713,0.810707484326161,0.836114511413896,0.64870132557901,0.268362751339366
168.2,0,5.56622071660249,0.812672809729082,0.835603196939737,0.649033816330769,0.270284999134326
168.21,0,5.59580857757855,0.811712573727356,0.836234876632796,0.649771983843873,0.269364434827706
168.22,0,5.62561220775303,0.810602403082439,0.836048464806233,0.648383312200657,0.268513444218441
168.23,0,5.65562813343265,0.810151726240932,0.835508574887114,0.647147655731016,0.271109432309519
168.24,0,5.68585282259775,0.808294595626567,0.837657239903515,0.645834020641269,0.271525307057719
168.25,0,5.71628268594483,0.809139912351515,0.83498698082232,0.64747840298447,0.271998426108442
168.26,0,5.7469140779975,0.809778080616009,0.833232672682723,0.647788236343525,0.270687638350166
168.27,0,5.77774329828593,0.806468398943909,0.83626089865552,0.64849683903965,0.268604576218206
168.28,0,5.80876659259475,0.806590078780255,0.837549853446485,0.646986175443426,0.268112254476649
168.29,0,5.83998015428032,0.805722935637345,0.833978337136552,0.646427378324421,0.27268675197525
168.3,0,5.87138012565668,0.804416103599748,0.835442018637773,0.645807995239477,0.268767939192908
168.31,0,5.90296259945033,0.802028872337628,0.834654946588553,0.647675952231371,0.267876066678933
168.32,0,5.93472362032401,0.802208291896893,0.836712649657729,0.64745537825668,0.271139162882646
168.33,0,5.96665918646901,0.801708693200688,0.836069327504701,0.647064666646464,0.267524956749279
168.34,0,5.99876525126552,0.802380552914323,0.835785834967567,0.646222178231417,0.268517903288096
168.35,0,6.03103772501112,0.799656470824783,0.836492239958228,0.644970656992019,0.271892050360827
168.36,0,6.06347247671653,0.798892666117038,0.836740481652574,0.646095886489883,0.271502701524329
168.37,0,6.09606533596802,0.799667470858097,0.837702830212488,0.647399196074822,0.268430569498881
168.38,0,6.12881209485602,0.796854921157347,0.83744984108572,0.646762301125255,0.272682820254367
168.39,0,6.16170850996918,0.796821548669559,0.838559326870932,0.645596122930479,0.269357115900354
168.4,0,6.19475030445254,0.793233461012276,0.838893354543414,0.648518902148844,0.269194801676124
168.41,0,6.2279331701294,0.796190306342731,0.839937076996467,0.645131467695768,0.27157452060957
168.42,0,6.26125276968567,0.794223275005415,0.837586052136431,0.645858097763209,0.270212665270615
168.43,0,6.29470473891525,0.793995013540873,0.840583200972598,0.647221436549719,0.269817155850661
168.44,0,6.32828468902549,0.792064475205859,0.837873395919052,0.644408454845597,0.267759975193611
168.45,0,6.36198820900148,0.789770750192112,0.836104934342186,0.644692930061877,0.269443801951538
168.46,0,6.39581086802735,0.791141868408907,0.836597714136448,0.645387950589896,0.270809242464075
168.47,0,6.42974821796325,0.791099575684711,0.840760076394014,0.644988552072111,0.270130930428108
168.48,0,6.46379579587667,0.789545297793883,0.839115007589789,0.646322041774071,0.268980400203701
168.49,0,6.49794912662586,0.787589823610372,0.839864543920528,0.6436067527554,0.271267194583536
168.5,0,6.53220372549385,0.787776967493028,0.838662449946485,0.643396511934204,0.26974670473682
168.51,0,6.56655510087135,0.786461213842224,0.837288053215297,0.64444094975489,0.271452500635291
168.52,0,6.60099875698626,0.785935123043423,0.84024626210256,0.64374366794604,0.268053550817835
168.53,0,6.63553019667775,0.782239658683181,0.839900156497417,0.644462981298092,0.267767637901659
168.54,0,6.67014492421317,0.782143234312203,0.841883844766853,0.645366750877422,0.271518779958243
168.55,0,6.70483844814517,0.780044358367515,0.840947056873678,0.643488136853529,0.268235483069266
168.56,0,6.73960628420681,0.781485088429242,0.842038241978724,0.645272952789301,0.268441997909436
168.57,0,6.77444395824265,0.778709918320927,0.841927912447485,0.645101851733304,0.26885582197823
168.58,0,6.80934700917307,0.777675222409383,0.841518232385713,0.644378321703446,0.271863463786763
168.59,0,6.84431099198932,0.777104564926854,0.841523218300939,0.645340626315801,0.269879299426034
168.6,0,6.87933148077708,0.777951369365581,0.842343177549588,0.643919107527529,0.271443744271074
168.61,0,6.9144040717657,0.77644784910977,0.842140190554374,0.646286482667825,0.269635732986868
168.62,0,6.94952438640034,0.775931586955239,0.839497780727221,0.644946405493004,0.270173721245891
168.63,0,6.98468807443457,0.77167259909312,0.84186101896188,0.644825872489394,0.270668648854562
168.64,0,7.01989081704076,0.771998163706577,0.840143342035153,0.643047197175041,0.269876041921242
168.65,0,7.0551283299349,0.7717742675509,0.842384767626262,0.644153393308387,0.267831238131321
168.66,0,7.09039636651361,0.770341146504382,0.842116327825856,0.643624881549608,0.26931351961973
168.67,0,7.12569072100033,0.774671301753345,0.842498071242783,0.64474387096043,0.269122878001734
168.68,0,7.16100723159749,0.770656820906058,0.84360614671836,0.642845750735567,0.27154222766785
168.69,0,7.19634178364202,0.770763992504231,0.844248781960102,0.643183819068525,0.269990687424157
168.7,0,7.23169031276121,0.767250461002916,0.841521677162399,0.644552947374191,0.269061158022165
168.71,0,7.26704880802597,0.771670974007155,0.844195150825933,0.644741583024437,0.268445171356179
168.72,0,7.30241331509805,0.765496084823504,0.842613330128318,0.645452008703464,0.268948589375624
168.73,0,7.33777993936922,0.765600054589358,0.841105489244514,0.645051248141052,0.272088364349009
168.74,0,7.37314484908835,0.765378715021369,0.842797477033057,0.645687810398484,0.268698417259065
168.75,0,7.4085042784738,0.764630189992439,0.843184754952097,0.642808574942092,0.269669661137374
168.76,0,7.44385453080857,0.762637386596702,0.841863952788563,0.642798419587223,0.270296264210851
168.77,0,7.47919198151443,0.762153946069475,0.845880231943017,0.645199450278718,0.271080727001329
168.78,0,7.51451308120254,0.759495525550537,0.845212922295127,0.641822470746736,0.268524975596519
168.79,0,7.54981435869756,0.761235790760521,0.842892426006628,0.642104624032808,0.269189127293366
168.8,0,7.58509242403236,0.760721138194178,0.847819391415137,0.644789538878046,0.269602683089871
168.81,0,7.6203439714099,0.75831692374533,0.842944017986442,0.643622673392546,0.269940058243804
168.82,0,7.65556578213038,0.758671921538313,0.848138325608345,0.643663814393089,0.266392254272679
168.83,0,7.69075472747993,0.758927646101364,0.845879856828936,0.644538742339624,0.270171310772153
168.84,0,7.72590777157839,0.757850971643263,0.846495447802782,0.64027850137458,0.270597434985451
168.85,0,7.76102197418354,0.756825582917839,0.847353393988778,0.644028249683347,0.27043993424186
168.86,0,7.79609449344901,0.756485321939905,0.845253299602915,0.643283563267682,0.269147776715248
168.87,0,7.83112258863296,0.752171166962502,0.847720388498994,0.641833182500306,0.271436061406959
168.88,0,7.86610362275529,0.755763943491403,0.84791857149937,0.642209679070164,0.270252449506968
168.89,0,7.90103506520077,0.757317300216568,0.849967944440207,0.641546399713283,0.267285721982149
168.9,0,7.93591449426542,0.750493257071977,0.845394354621488,0.643749468054829,0.270778435195145
168.91,0,7.97073959964402,0.75143062731702,0.848226524973896,0.641555748346395,0.270551279364866
168.92,0,8.00550818485625,0.749639175202782,0.849192366163796,0.644663342118148,0.270302463697133
168.93,0,8.04021816960932,0.748506115191492,0.846778357874055,0.643605366337837,0.269575837014036
168.94,0,8.07486759209468,0.748688111642866,0.846717837437451,0.641344994831218,0.271992904180205
168.95,0,8.10945461121728,0.748442862635482,0.846285974185074,0.642296268708294,0.272593247477545
168.96,0,8.14397750875471,0.74558383777163,0.850930681051668,0.642777536015142,0.268380371656895
168.97,0,8.17843469144473,0.746570135393445,0.846183039453438,0.644749412793102,0.272595507672676
168.98,0,8.21282469299932,0.746696469509157,0.847251815645216,0.643617417912887,0.272712981819851
168.99,0,8.24714617604345,0.743245984410061,0.848298463330756,0.643673993661241,0.27032358758732
169,0,8.28139793397686,0.743090764220714,0.849888114744269,0.642940031494474,0.270238446500117
169.01,0,8.31557889275755,0.743467255324129,0.847875366890507,0.6450020775859,0.270287921892988
169.02,0,8.34968811260552,0.744220413899566,0.848837576548936,0.643085601669152,0.270049182821884
169.03,0,8.38372478962499,0.741824908258673,0.849481946879929,0.64464326074927,0.268944459823507
169.04,0,8.41768825734461,0.740089988598031,0.850450474729335,0.642222251523768,0.268733701188427
169.05,0,8.45157798817396,0.740688570695952,0.848291718261398,0.643990208308203,0.268409108828662
169.06,0,8.48539359477543,0.740195905890191,0.848384302159051,0.643688731516537,0.26940563333258
169.07,0,8.51913483135082,0.740157375961345,0.852094333336339,0.645127155180969,0.270185153425791
169.08,0,8.55280159484173,0.73676470137905,0.850640994639966,0.644289347727488,0.270396299374106
169.09,0,8.58639392604264,0.738251944809158,0.850968649988727,0.642703697317974,0.270070971857261
169.1,0,8.6199120106269,0.736363987096155,0.851900983073213,0.642608598425366,0.270288709794248
169.11,0,8.65335618008446,0.736186307797023,0.852148882109452,0.643175231084674,0.269649411395992
169.12,0,8.68672691257119,0.738088111234187,0.851558296675063,0.643288259729515,0.271431488088023
169.13,0,8.72002483366952,0.732740199214297,0.852009916315151,0.644026364772682,0.268924434487632
169.14,0,8.75325071706043,0.734681703912546,0.851874520520691,0.643317915314924,0.270169956956515
169.15,0,8.78640548510629,0.732410927977467,0.853029298872386,0.643551437874811,0.269542616350855
169.16,0,8.81949020934501,0.731272041067651,0.85289269243805,0.643476972308251,0.267608942625067
169.17,0,8.85250611089547,0.734373747211094,0.85374880113168,0.646804812503007,0.270003223799089
169.18,0,8.8854545607745,0.732807883380406,0.853266123469729,0.644795726969549,0.270243777902609
169.19,0,8.91833708012557,0.73142217010389,0.855485204523079,0.643073840839368,0.26895123844125
169.2,0,8.95115534036021,0.728435695897908,0.853364299849592,0.645909896877644,0.270444393224608
169.21,0,8.98391116321193,0.733012206699411,0.852819648839058,0.648193723364981,0.271941118950361
169.22,0,9.01660652070384,0.730096143925901,0.85344008252427,0.644554705727071,0.270083084319962
169.23,0,9.04924353503051,0.728043765357973,0.855784792897847,0.644390488681045,0.273679253048588
169.24,0,9.08182447835489,0.727118590074346,0.852242298154962,0.645082225357015,0.268902805093564
169.25,0,9.11435177252103,0.72561939188992,0.854711507459687,0.645564507731357,0.26996120263904
169.26,0,9.14682798868411,0.725466827127943,0.857026791067619,0.643110788666195,0.270108940367853
169.27,0,9.17925584685804,0.724906010955916,0.857095109881822,0.64399948410838,0.268194368930132
169.28,0,9.2116382153825,0.725192528652412,0.855114942933244,0.646200197548118,0.269948641691029
169.29,0,9.24397811031027,0.722062469914471,0.857286321290329,0.646096300750983,0.267764989839642
169.3,0,9.27627869471628,0.723745317529799,0.85761568535349,0.643676886223971,0.274796377012884
169.31,0,9.30854327792945,0.723859545822518,0.858014578206046,0.645327354129835,0.269467383157352
169.32,0,9.34077531468924,0.725119763342253,0.857395446828672,0.645653818788115,0.269422222843789
169.33,0,9.37297840422792,0.7245281919394,0.85726095551409,0.646779556361428,0.2717051625332
169.34,0,9.40515628928028,0.723828611787773,0.860029323514413,0.645106624788053,0.271268045275529
169.35,0,9.43731285502243,0.720556494227153,0.859628351897783,0.648809573277864,0.266532151513796
169.36,0,9.46945212794124,0.71865373680806,0.858863979699529,0.644005740009087,0.269435363051307
169.37,0,9.5015782746361,0.719940728714864,0.858058309196829,0.648966908993344,0.267788309862638
169.38,0,9.53369560055462,0.719525149855892,0.856854352209584,0.646944029104012,0.266271293856415
169.39,0,9.56580854866444,0.720755137895926,0.856546006444418,0.64575673724469,0.270822601781212
169.4,0,9.5979216980623,0.71595523123789,0.856595379442467,0.646086603568345,0.270397650595524
169.41,0,9.6300397625226,0.717954230989036,0.856580045796044,0.64859781153665,0.268165881307882
169.42,0,9.66216758898752,0.716921770762644,0.85931415739624,0.646740899091331,0.268744652466316
169.43,0,9.69431015599981,0.716327034053048,0.859677740956454,0.647458167212447,0.271336229481693
169.44,0,9.72647257208083,0.716437134505747,0.860416375923117,0.646660968882529,0.271443484934484
169.45,0,9.75866007405549,0.714733633199876,0.859096168468974,0.647474676017706,0.269499096409015
169.46,0,9.79087802532588,0.713807586018897,0.86001776760928,0.648913233386041,0.272187012313536
169.47,0,9.82313191409552,0.711172332352362,0.861155890401113,0.647917953989922,0.272148780553637
169.48,0,9.85542735154646,0.712529459704334,0.860019349563591,0.647161556224031,0.269518651868962
169.49,0,9.88777006997062,0.713725159913634,0.861781975039005,0.646130177927158,0.268907155807489
169.5,0,9.92016592085759,0.712161691806453,0.862832220702065,0.647465796204889,0.271236728443663
169.51,0,9.95262087294063,0.712334528973865,0.862392840121056,0.648769219281877,0.270011280425975
169.52,0,9.98514101020305,0.710404155186429,0.863476554878679,0.647512606293145,0.270504335173401
169.53,0,10.017732529846,0.707509360015107,0.863810770396519,0.647378531092088,0.268634498402672
169.54,0,10.0504017402209,0.711495431892093,0.864201365388701,0.649271398412932,0.266636144562866
169.55,0,10.0831550587264,0.708215704681549,0.862728406747841,0.649718027398779,0.269495185265761
169.56,0,10.1159990096737,0.708661753867714,0.863424088418537,0.649558746720341,0.271269122848857
169.57,0,10.1489402221202,0.709732974665035,0.864066641811211,0.648318553597467,0.269753877572797
169.58,0,10.1819854276743,0.705553561572462,0.863735858888217,0.648000858621944,0.270007493134835
169.59,0,10.2151414582729,0.706742086113867,0.86539054307553,0.648399970486328,0.269844894545059
169.6,0,10.2484152439319,0.707763588369408,0.8637470495738,0.646239970423295,0.270309153854096
169.61,0,10.2818138104739,0.703066337116607,0.862470551955285,0.651181035240052,0.271099701722974
169.62,0,10.3153442772314,0.706510646221249,0.864934918396394,0.649143052546603,0.270228317591663
169.63,0,10.34901385473,0.703608172453061,0.864047682479165,0.649700155043272,0.270438037808247
169.64,0,10.3828298423508,0.706574911612019,0.867881210521718,0.648941148729865,0.266546684612823
169.65,0,10.4167996259744,0.704127708488523,0.864850167474015,0.653935111815891,0.268521061813665
169.66,0,10.4509306756076,0.703574044152666,0.865506566385062,0.649118965344313,0.272234267543862
169.67,0,10.4852305429945,0.7016177526229,0.865854498712501,0.649172183856362,0.268289590897409
169.68,0,10.5197068592118,0.701854978224333,0.866878342291391,0.649392267927842,0.269216575804798
169.69,0,10.5543673322512,0.70062077066891,0.864583662133081,0.652715104352952,0.270151538105952
169.7,0,10.5892197445886,0.699890658255972,0.868627343019262,0.65110926082448,0.270908469261194
169.71,0,10.6237941377183,0.700801614114663,0.86812197303294,0.651955926359092,0.272151378503853
169.72,0,10.6579509304331,0.698970193860714,0.864628658536799,0.649434649499704,0.269083190010241
169.73,0,10.6921582605989,0.700313738612591,0.866579456378788,0.650879875830985,0.27114955785912
169.74,0,10.7265510182168,0.697412726290777,0.868819556068336,0.651174380767322,0.269500363338758
169.75,0,10.7611599128347,0.698033856970814,0.868248979693142,0.650848791845892,0.271441639925123
169.76,0,10.7959963197794,0.694398429102075,0.865852814100722,0.651184217465703,0.269411674120972
169.77,0,10.8310686290185,0.696657872168922,0.868166352171052,0.651513408939259,0.27238331398868
169.78,0,10.8663848447881,0.695164620151234,0.868987398622076,0.651639378531203,0.272024818934603
169.79,0,10.9019529590586,0.694624865401553,0.868685685418093,0.652499732234658,0.271035249151576
169.8,0,10.9377810001725,0.693478403358957,0.871522883390862,0.651985182649688,0.268662608614507
169.81,0,10.9738770370159,0.695268428832667,0.869842446265161,0.652390362773283,0.271001870342503
169.82,0,11.0102491773632,0.693299215687773,0.872259364084901,0.651665131828784,0.271568860912966
169.83,0,11.0469055654819,0.693358928583002,0.869926822428261,0.655723204145066,0.270434432922595
169.84,0,11.083854379641,0.692831562048854,0.869788429454093,0.654125584314672,0.268665542588613
169.85,0,11.1211038296041,0.691075815162284,0.870309290991645,0.651763508735167,0.270600147237698
169.86,0,11.1586621541164,0.686961824674713,0.871596593461548,0.652812590118972,0.271567070692461
169.87,0,11.1965376183863,0.689816286431688,0.872880428680088,0.653967609996781,0.27053881964757
169.88,0,11.2347385115616,0.690687019073743,0.870557245507747,0.65339379354618,0.26987868015825
169.89,0,11.2732731442012,0.686794942355704,0.874228397287611,0.652992830013082,0.272009547328678
169.9,0,11.3121498457399,0.688921153796239,0.872998846177755,0.651878854194841,0.269931668066263
169.91,0,11.3513769619478,0.68445176152563,0.875118422683131,0.652280393467079,0.26997672131646
169.92,0,11.390962852383,0.68656119712349,0.873297552602449,0.654557726258152,0.27033183027121
169.93,0,11.4309158878372,0.686723668882737,0.873552188819341,0.651140624599812,0.269079206452493
169.94,0,11.4712444477741,0.68422749651066,0.872597152788802,0.656701477634404,0.269517088705685
169.95,0,11.5119569177594,0.687716990465522,0.872143931883734,0.652644653715192,0.270925128727876
169.96,0,11.5530616868821,0.68392225846435,0.875708499503378,0.655674953363375,0.269611898397306
169.97,0,11.5945671451663,0.685269932906646,0.875205229408995,0.654569915799212,0.271117222568719
169.98,0,11.636481680973,0.683339591594584,0.873108306031387,0.653684726065529,0.270113892903371
169.99,0,11.6788136783908,0.680898876481546,0.87431348840221,0.653588597440557,0.265924354268085
170,0.85,11.7215715146145,0.679788953451458,0.874402619811252,0.652538606488389,0.270091002663022
170.01,0.85,11.7647635573118,0.680328641476691,0.876997739805348,0.654680904153545,0.266584513067752
170.02,0.85,11.8083981619756,0.684199465040831,0.875203464527436,0.655438778119118,0.271796748892163
170.03,0.85,11.852483669262,0.680239905065264,0.87436308040439,0.653024601438912,0.270076841793458
170.04,0.85,11.8970284023131,0.681135575430306,0.874849069990147,0.6547520572288,0.272615273411004
170.05,0.85,11.9420406640629,0.678334296124757,0.876937031995755,0.654957468329967,0.271335118892828
170.06,0.85,11.9875287345257,0.677601989287505,0.876885147889944,0.653682904245726,0.268391841048685
170.07,0.85,12.0335008680661,0.678480097526679,0.878121330266863,0.657271240262265,0.269048371034017
170.08,0.85,12.0799652906487,0.677763463380838,0.877300174430297,0.655467956706463,0.269395217824959
170.09,0.85,12.1269301970678,0.67471578430958,0.876261765560043,0.655867493304075,0.268497389012862
170.1,0.85,12.1744037481542,0.676030316353801,0.876351795244778,0.655012647195399,0.268533005997187
170.11,0.85,12.2223940679599,0.675558324149879,0.877681258987564,0.658034924560444,0.267719618211355
170.12,0.85,12.2709092409174,0.674329499988508,0.87797294267843,0.658452538247792,0.269788289173902
170.13,0.85,12.3199573089748,0.671160891464214,0.879524632912863,0.653384479973618,0.271482227535606
170.14,0.85,12.3695462687033,0.671692838620898,0.877539874716015,0.656606158367043,0.268225113196911
170.15,0.85,12.4196840683779,0.669241334164029,0.879732964570248,0.655578161376216,0.270003724442527
170.16,0.85,12.4703786050281,0.670032625402045,0.876349285284071,0.656933979542025,0.270821593780231
170.17,0.85,12.52163772146,0.669532158529087,0.878918350602483,0.656007358417019,0.270824659248449
170.18,0.85,12.5734692032461,0.669810257034043,0.877617251624656,0.656760707955947,0.268899305147169
170.19,0.85,12.625880775683,0.669714609883764,0.882330319404924,0.655609026376578,0.268196189114662
170.2,0.85,12.6788801007165,0.668847439939131,0.87982373928032,0.655863979777977,0.269941180294619
170.21,0.85,12.7324747738312,0.667439677279716,0.878020339580003,0.658043170085255,0.269868306276911
170.22,0.85,12.7866723209055,0.664718326316635,0.881549177680479,0.656755257144011,0.268085083402
170.23,0.85,12.841480195029,0.665721253241927,0.88099791803671,0.65783366505309,0.267285973477468
170.24,0.85,12.8969057732839,0.664297677050047,0.880959811621088,0.656410306709052,0.267615582397899
170.25,0.85,12.9529563534857,0.665505052012286,0.881819046364208,0.655192989457168,0.269390863671271
170.26,0.85,13.0096391508871,0.659409142612121,0.883487555716389,0.655994736080271,0.270346489022775
170.27,0.85,13.0669612948398,0.660646581814222,0.881997277515132,0.658122707034863,0.27149317835838
170.28,0.85,13.1249298254149,0.66048326373227,0.881572240966523,0.658816600210708,0.274126063370097
170.29,0.85,13.1835516899835,0.660283656030151,0.882434680847365,0.656099780907348,0.269542634127891
170.3,0.85,13.2428337397525,0.659404135336522,0.884285428199348,0.656268456489068,0.270139916580823
170.31,0.85,13.3027827262582,0.659565439005699,0.882845759707287,0.655124106297615,0.269318104357749
170.32,0.85,13.3634052978161,0.658497947649967,0.885440487046445,0.660127422779661,0.269623496348454
170.33,0.85,13.4247079959259,0.658422938610309,0.884723333101777,0.656256562853384,0.267782200243498
170.34,0.85,13.4866972516316,0.655923329641854,0.884652193181813,0.656706864532816,0.272443014649936
170.35,0.85,13.5493793818371,0.658757497473982,0.885853259201936,0.656965387130674,0.272954553577038
170.36,0.85,13.6127605855755,0.654465775090198,0.88333600122593,0.656777856349568,0.271328970937238
170.37,0.85,13.6768469402331,0.652903614767511,0.882260162797945,0.657970228909517,0.270972202472751
170.38,0.85,13.7416443977271,0.651383585836816,0.883368199813329,0.655265465079891,0.271119157212338
170.39,0.85,13.8071587806378,0.652292292448687,0.883664803787836,0.657071604927826,0.270868567466232
170.4,0.85,13.873395778295,0.650934633132668,0.886214443030846,0.658434476433399,0.268820236545218
170.41,0.85,13.9403609428178,0.648206667378576,0.88652126771948,0.658363015495169,0.270397239039138
170.42,0.85,14.0080596851101,0.65048998506656,0.886329740347026,0.657502086370695,0.270003651968302
170.43,0.85,14.0764972708105,0.648955319319925,0.886340861972332,0.659872728644931,0.271891441005395
170.44,0.85,14.1456788161966,0.648012631767338,0.886826186963953,0.657221869231968,0.268092022755909
170.45,0.85,14.2156092840467,0.646142147247528,0.887354035339509,0.657777885359655,0.270941563761499
170.46,0.85,14.2862934794573,0.646224131571804,0.889013420025769,0.656304994162736,0.271241748944447
170.47,0.85,14.3577360456177,0.646811644324444,0.885776596980389,0.657027096655864,0.270732057057916
170.48,0.85,14.4299414595433,0.642642129389892,0.892241333132513,0.657837557822751,0.270615852749311
170.49,0.85,14.5029140277686,0.647030773588505,0.886571648516764,0.656642737739748,0.270128869071804
170.5,0.85,14.5766578819992,0.642659799797702,0.88848053100086,0.655220269099872,0.271406314820557
170.51,0.85,14.6511769747274,0.644102728212081,0.891925033076396,0.657542132202664,0.270490501390333
170.52,0.85,14.72647507481,0.640232120976057,0.890952933520961,0.654699306350382,0.270820999247386
170.53,0.85,14.8025557630109,0.640205505219074,0.889148627746106,0.656081494804931,0.270929676096356
170.54,0.85,14.8794224275102,0.638259777200532,0.886204945437885,0.658048130497347,0.269032662006576
170.55,0.85,14.9570782593822,0.638991636831009,0.889652806276739,0.654375325006583,0.268400066908249
170.56,0.85,15.0355262480426,0.636783540151135,0.889303407356734,0.654138788464384,0.267891485377687
170.57,0.85,15.1147691766688,0.638389924727409,0.890371345427672,0.656247555126541,0.268271849354626
170.58,0.85,15.1948096175952,0.636100358192492,0.892193747527459,0.655804238513915,0.268242574340339
170.59,0.85,15.2756499276843,0.634550225924002,0.89319212074898,0.660398842491356,0.270953246447208
170.6,0.85,15.3572922436786,0.634220428220522,0.888739175423078,0.654081829922995,0.270354045669093
170.61,0.85,15.4397384775344,0.633274344962539,0.891645431191318,0.655328883927009,0.270496248126369
170.62,0.85,15.5229903117404,0.629882234333837,0.891328329656509,0.659130057228405,0.266996977631767
170.63,0.85,15.6070491946254,0.632217025323516,0.891717788562073,0.656259931430419,0.270976523816237
170.64,0.85,15.6919163356559,0.629680351093581,0.891355723456482,0.65690772752743,0.27144154572356
170.65,0.85,15.7775927007301,0.627286947707785,0.890800927826623,0.657019921015352,0.271789405576092
170.66,0.85,15.8640790074679,0.62917720284558,0.891073578127718,0.654410568859554,0.270004321247991
170.67,0.85,15.9513757205048,0.627666354607503,0.891597557104019,0.657259077474566,0.272005904472221
170.68,0.85,16.0394830467894,0.626873215700924,0.892398008582345,0.653441581427335,0.270078589209761
170.69,0.85,16.1284009308911,0.62599127603696,0.895157313803296,0.656829798419857,0.269606293564547
170.7,0.85,16.2181290503213,0.624618757198166,0.895961729039955,0.657852515999442,0.269603769792344
170.71,0.85,16.3086668108718,0.622186927203782,0.893787192345811,0.656461709662101,0.271221926482949
170.72,0.85,16.4000133419754,0.621362533682805,0.891410491767146,0.652385784268934,0.270569603510093
170.73,0.85,16.4921674920929,0.61973689379703,0.894443324077773,0.658827433774903,0.26934848498859
170.74,0.85,16.5851278241315,0.620338149501231,0.895293515296734,0.65257659850703,0.2739833690698
170.75,0.85,16.678892610898,0.618566860585005,0.894362526731265,0.657878095037434,0.267786510337902
170.76,0.85,16.7734598305947,0.616913541167912,0.894955543383098,0.655853556720936,0.269868374354033
170.77,0.85,16.8672526022007,0.619095425102068,0.89571181204703,0.655379879371565,0.270098266565351
170.78,0.85,16.9487670168495,0.618584524721044,0.896833675727496,0.652490600374282,0.27055793261089
170.79,0.85,17.0243845321067,0.61636405232158,0.897235980039043,0.652886377253655,0.268707752919583
170.8,0.85,17.0991554519045,0.613129872637583,0.896137409330191,0.654392960901618,0.270603940847319
170.81,0.85,17.162243152463,0.615352452429787,0.896295286134106,0.652417169621817,0.265283712485844
170.82,0.85,17.2072099719103,0.615067284539021,0.896891074879764,0.655431957171347,0.268286131641564
170.83,0.85,17.2474481274668,0.613757037972651,0.8958332233025,0.654140418202951,0.270017667321239
170.84,0.85,17.2870241916222,0.617495419147415,0.896658467581455,0.655516761159321,0.26693829410059
170.85,0.85,17.3267305488184,0.613932847995884,0.89682937527207,0.654473473316824,0.267905093449554
170.86,0.85,17.3666950693816,0.612258756529084,0.896218603840876,0.653947926795491,0.270036864628431
170.87,0.85,17.4069298069993,0.613771211194562,0.897386227280759,0.653415056487897,0.270938964085072
170.88,0.85,17.4474278045201,0.612342490652383,0.898839327105344,0.65367403471581,0.270881374253185
170.89,0.85,17.4881789418485,0.612360582191944,0.899656246825766,0.655620027224737,0.268449364763617
170.9,0.85,17.5291724323855,0.615358565337307,0.897574315319676,0.652268454859167,0.268352971238412
170.91,0.85,17.5703972087139,0.610900605157236,0.896835915665137,0.653810256080573,0.272668091387108
170.92,0.85,17.6118419826903,0.613002809423679,0.898653851104883,0.654366167509415,0.268830948977171
170.93,0.85,17.6534952561709,0.609506405018094,0.898974663185926,0.652718004998988,0.269895002662253
170.94,0.85,17.6953453244311,0.609601431746984,0.89664952070945,0.652265008258807,0.270808790391015
170.95,0.85,17.7373802786206,0.611415958464707,0.901480113375958,0.65190434907279,0.269829491443465
170.96,0.85,17.7795880081987,0.608992583019451,0.899183303339519,0.654230872344936,0.271480663220915
170.97,0.85,17.8219562034952,0.608193093905845,0.900313938851094,0.653466641498294,0.268257907616836
170.98,0.85,17.8644723584212,0.609635945469016,0.901948765375488,0.651808483009846,0.270485849628864
170.99,0.85,17.9071237733324,0.609887529721212,0.901960378571314,0.65357242484045,0.269000607316084
171,0.85,17.9498975580487,0.606177163927378,0.900788694464221,0.649350325710491,0.270004544745925
171.01,0.85,17.9927806350336,0.60646498914175,0.901284434200144,0.652837030195042,0.270496319809243
171.02,0.85,18.0357597427326,0.606465598984225,0.898845363874878,0.651717584551464,0.271745048489644
171.03,0.85,18.0788214390734,0.607969391720683,0.899531353158467,0.651691301592713,0.271478438907573
171.04,0.85,18.1219521051303,0.605053246411409,0.901899529177865,0.650156439944198,0.269735320049295
171.05,0.85,18.1651379489532,0.608254479029173,0.902322881728372,0.650263718143159,0.269299310564627
171.06,0.85,18.2083650095618,0.606895536545687,0.89966080184223,0.653566133114598,0.267760094322082
171.07,0.85,18.2516191611074,0.606893933887363,0.904420361750644,0.651642312173688,0.271570937549984
171.08,0.85,18.2948861172029,0.603592816346272,0.903183876115797,0.654884759406758,0.269871741462465
171.09,0.85,18.3381514354194,0.607770737330983,0.90300125488564,0.652338051368281,0.272155530582869
171.1,0.85,18.3814005219535,0.60595225791009,0.90384212003876,0.651802331024296,0.270797469936821
171.11,0.85,18.4246186364629,0.604754069279904,0.902976724870637,0.651943937089913,0.269613484283664
171.12,0.85,18.4677908970708,0.604827272887015,0.902541214526291,0.653428368881956,0.269210787789115
171.13,0.85,18.5109022855393,0.604952486793277,0.901973434629781,0.649572725977644,0.271618480466284
171.14,0.85,18.5539376526117,0.602126122058768,0.904799773359203,0.650508111596704,0.26958485379511
171.15,0.85,18.596881723522,0.605511058273858,0.902936456796423,0.651297497620621,0.269988412802383
171.16,0.85,18.6397191036717,0.604940119085569,0.903293461854584,0.652315048006646,0.267591385597437
171.17,0.85,18.6824342844726,0.603609114840817,0.904889660252752,0.649751133881278,0.270792562344159
171.18,0.85,18.7250116493546,0.602487518277222,0.906136782683607,0.650412788410381,0.268719956397789
171.19,0.85,18.7674354799349,0.605462465134427,0.906362934641765,0.64821649306439,0.271411299657935
171.2,0.85,18.8096899623508,0.602807190614323,0.903561232117385,0.650745454381748,0.271524660697652
171.21,0.85,18.85175919375,0.606872859310727,0.904889830468598,0.651669382636151,0.269074698066295
171.22,0.85,18.8936271889384,0.599830244023992,0.902810385951237,0.651041945024966,0.269649615892706
171.23,0.85,18.9352778871827,0.601956603017681,0.903745784795188,0.649068809708856,0.269040217204627
171.24,0.85,18.9766951591641,0.599140137659748,0.905789796648497,0.650515640819167,0.267934150738046
171.25,0.85,19.0178628140808,0.602686478414295,0.906105908888562,0.650018432738914,0.271998372815753
171.26,0.85,19.0591722128901,0.599914378109906,0.905083390574923,0.651285658404136,0.273137220596356
171.27,0.85,19.1007787284788,0.596034477184229,0.90608921266975,0.649137074502384,0.269919466911713
171.28,0.85,19.1422427733391,0.601516703796771,0.904997752008671,0.648377277175043,0.269745913534814
171.29,0.85,19.1834177366436,0.598681239648264,0.905629849531865,0.650258086555948,0.269717142372668
171.3,0.85,19.224259688387,0.601475047200727,0.908754521171781,0.652220345094544,0.270415808343191
171.31,0.85,19.264746577634,0.599786885718695,0.904234549672902,0.64947114127947,0.271179536158213
171.32,0.85,19.3048604414853,0.597295875821313,0.906877381470614,0.64923866874488,0.270389661375623
171.33,0.85,19.3445840426821,0.598099039886212,0.908085975632709,0.648584969898588,0.269739711162935
171.34,0.85,19.3839002754275,0.596348438795153,0.908876081799076,0.651197122713414,0.271682489031484
171.35,0.85,19.4227920691092,0.596808427337944,0.907531968310028,0.645429453363329,0.271327178983501
171.36,0.85,19.4612423791281,0.597053133704661,0.910196827619922,0.646616623239102,0.268958514639448
171.37,0.85,19.4992341928237,0.595800390948646,0.910148538436328,0.647135641306926,0.27099035676206
171.38,0.85,19.5367505380615,0.597201798511107,0.907938749729074,0.647846262613415,0.271692801738755
171.39,0.85,19.5737744923473,0.592465032746468,0.908445574973348,0.646145331647112,0.270310240071304
171.4,0.85,19.610289192099,0.595895213982834,0.911139188386431,0.648079488495318,0.270208778783946
171.41,0.85,19.6462778420077,0.595286143571125,0.908347091005117,0.643541545178948,0.271270075217491
171.42,0.85,19.6817237244697,0.595827000269067,0.907567727016947,0.644229032466014,0.270287751560354
171.43,0.85,19.71661020908,0.592663139244894,0.909150820846439,0.647331896558417,0.270756795905363
171.44,0.85,19.7509207621786,0.595418236955703,0.905531757268197,0.646802025489326,0.270516232161997
171.45,0.85,19.784638956443,0.593480384695673,0.909219768045603,0.646419768679195,0.270559884805002
171.46,0.85,19.8177484805164,0.594594500827935,0.909327196793243,0.647186801661066,0.271027279349934
171.47,0.85,19.8502331486648,0.593088233270194,0.908820766521463,0.64814573432907,0.271522565442591
171.48,0.85,19.8820769104533,0.594152868416579,0.910190791751221,0.644924600888685,0.270918754361004
171.49,0.85,19.9132638604338,0.591379062779028,0.908543836796466,0.646965432154441,0.2710098807033
171.5,0.85,19.9437782478335,0.593883183733361,0.909330713081595,0.645313778290003,0.268636811316641
171.51,0.85,19.9736044862369,0.59418967103371,0.910095773787378,0.644172326922949,0.269734255359223
171.52,0.85,20.0027271632506,0.590309110723761,0.909990000070759,0.645460639199674,0.268730380760628
171.53,0.85,20.0311310501425,0.593049059664119,0.912169585018801,0.64759074495773,0.270281450998386
171.54,0.85,20.0588011114456,0.591240628019156,0.908817294167067,0.643890966944336,0.270470811062844
171.55,0.85,20.0857225145162,0.590920839186558,0.908929554029147,0.645356842714232,0.268599107467097
171.56,0.85,20.1118806390381,0.591576739827686,0.914124634765856,0.643784306108891,0.27332473350724
171.57,0.85,20.1372610864619,0.591867229699971,0.912245537966265,0.645115450061907,0.269387370001514
171.58,0.85,20.1618496893712,0.593152719645867,0.910393125197303,0.644394912348015,0.269321627574247
171.59,0.85,20.1856325207635,0.593932026795309,0.913346343375349,0.644723989039382,0.270020348094191
171.6,0.85,20.2085959032385,0.591411539537683,0.911761350554227,0.644755638998444,0.270414906543989
171.61,0.85,20.2307264180828,0.591946132695803,0.914005641642253,0.644346730743991,0.269531774727458
171.62,0.85,20.2520109142413,0.592408608410916,0.913489566469321,0.644733043440545,0.269715111039083
171.63,0.85,20.2724365171651,0.590726768920304,0.911592907080349,0.64313257995991,0.266201104611479
171.64,0.85,20.2919906375276,0.591645134356353,0.912549992862703,0.646987862528657,0.270325597075552
171.65,0.85,20.3106609797975,0.591805628582082,0.913735931070775,0.644378547581897,0.269579042722449
171.66,0.85,20.3284355506604,0.590382193944895,0.912681825215348,0.644663452556046,0.267032011963431
171.67,0.85,20.3453026672785,0.590103273400029,0.91231789700169,0.644581603214864,0.26940126973589
171.68,0.85,20.3612509653797,0.58831481674742,0.913709244410432,0.645074318846761,0.269963186938367
171.69,0.85,20.3762694071664,0.589669224093567,0.912029325559169,0.64622400341507,0.270158410690838
171.7,0.85,20.3903472890355,0.591172504985748,0.911663569737491,0.644087392667351,0.268674324809044
171.71,0.85,20.4034742490998,0.592237264418475,0.913072432565188,0.643424239839091,0.269442261259598
171.72,0.85,20.4156402745019,0.591620563406998,0.915935094436294,0.641447819271116,0.27038104918914
171.73,0.85,20.4268357085136,0.590877954006489,0.912021409547571,0.643312816992147,0.2691484033889
171.74,0.85,20.4370512574102,0.590539352817206,0.915835264356885,0.643149825233289,0.269873607863218
171.75,0.85,20.4462779971123,0.592994865772135,0.915120592339689,0.644764280254941,0.266800865637679
171.76,0.85,20.4545073795879,0.588738162843826,0.911776559492702,0.641772637435131,0.269087906911683
171.77,0.85,20.4617692282792,0.588466017091647,0.915337885739097,0.644327593261265,0.267111651977512
171.78,0.85,20.4686687995969,0.590122640735242,0.916768838502785,0.641889256548054,0.270542283344212
171.79,0.85,20.4754117485064,0.591795312255059,0.916091264288654,0.644094175688248,0.270707520886232
171.8,0.85,20.4819971608328,0.589753663862579,0.914884581601106,0.644995135771295,0.27135959039317
171.81,0.85,20.488424160835,0.588766220718975,0.914517138868532,0.642246743865922,0.269268101692658
171.82,0.85,20.4946919114242,0.591027438644118,0.913738605669787,0.642579613774974,0.271908836509307
171.83,0.85,20.5007996143699,0.592831910911444,0.914569400650259,0.6408084047014,0.268446099378977
171.84,0.85,20.5067465104949,0.587968558787429,0.915133248732817,0.645910812263308,0.269661351026312
171.85,0.85,20.5125318798573,0.592026727911651,0.917306190507839,0.645222533485262,0.269232481919487
171.86,0.85,20.5181550419213,0.590954937064809,0.915579733125128,0.642792216462075,0.270823285744372
171.87,0.85,20.5236153557157,0.591438461495006,0.912666284264742,0.644929483511498,0.269543876725573
171.88,0.85,20.5289122199804,0.589274704887384,0.915239186585098,0.643828355078948,0.269837574900211
171.89,0.85,20.534045073301,0.590809289929979,0.913898631797804,0.644853493598241,0.271069735419173
171.9,0.85,20.5390133942313,0.591933106881003,0.914083210901997,0.642213714994001,0.269750686136837
171.91,0.85,20.5438167014037,0.58949565252943,0.914877668128324,0.640730858344662,0.27283933024721
171.92,0.85,20.548454553628,0.589993029752248,0.915600502143389,0.643266624756103,0.269494072091555
171.93,0.85,20.5529265499776,0.591318712647183,0.914887545604655,0.642046206293904,0.269644161383384
171.94,0.85,20.557232329864,0.595075919146711,0.916980325433211,0.643389309756413,0.270791212548367
171.95,0.85,20.5613715730997,0.592661465582134,0.916206060255302,0.646328603199024,0.269970428517399
171.96,0.85,20.5653439999476,0.59155498245393,0.915709222713766,0.645166386304843,0.27123017659733
171.97,0.85,20.5691493711606,0.589207113143042,0.914499478702254,0.64444092562045,0.267142831239547
171.98,0.85,20.5727874880071,0.589176455855063,0.91758834027396,0.641210596928095,0.271118485360825
171.99,0.85,20.5580263373998,0.591178081396664,0.915089022040442,0.64340482341655,0.270752414770902
172,0.85,20.4744785027131,0.590379508189773,0.915636579685194,0.641132521038757,0.268507682724865
172.01,0.85,20.4380941868373,0.594673753237238,0.916127905995542,0.642906527481919,0.268740025035967
172.02,0.85,20.4152013412097,0.594148723437118,0.916058350265092,0.64044563556999,0.2707702945855
172.03,0.85,20.3940577098958,0.592785224469205,0.91699963585249,0.643117465864279,0.26902700678431
172.04,0.85,20.3723169070781,0.594379773339861,0.917140954685524,0.641266143992456,0.27047960226081
172.05,0.85,20.3495820446159,0.593851493091171,0.916715523624573,0.641435634176791,0.268105281527687
172.06,0.85,20.3257938696537,0.593904991415434,0.915138173423275,0.642427149003734,0.270948867293807
172.07,0.85,20.3009474256071,0.59324800713109,0.916796956645564,0.643626546507342,0.267902610990556
172.08,0.85,20.2750464253354,0.593291247332871,0.91791848840717,0.644374720104729,0.269090821867013
172.09,0.85,20.24809623227,0.59725099094304,0.916795105117594,0.643204267737901,0.268900400748969
172.1,0.85,20.2201028066502,0.594627315618673,0.917414233080828,0.643277366773128,0.270057376429852
172.11,0.85,20.1910725466813,0.596053366671656,0.918412950945942,0.641830320531474,0.271724562745218
172.12,0.85,20.1610122612714,0.598230431130713,0.918383518999744,0.644410025513553,0.269647729276074
172.13,0.85,20.1299291616564,0.596046666382992,0.920416623929264,0.643780183876039,0.269868833672618
172.14,0.85,20.0978308555026,0.595295589172267,0.917208259618004,0.643169128230346,0.270210902250312
172.15,0.85,20.0647253411222,0.596652279274899,0.919552375546922,0.642792375748214,0.271579977576051
172.16,0.85,20.0306210014693,0.596385003293921,0.916997509742272,0.641028230451482,0.2686417184609
172.17,0.85,19.9955265978752,0.599337699216432,0.916311417455075,0.641949066185783,0.271849905389864
172.18,0.85,19.9594512635233,0.599637376417399,0.917353100310282,0.641424499450763,0.268166722949629
172.19,0.85,19.9224044966693,0.597720462391494,0.919380770138443,0.643375073626021,0.269285779580855
172.2,0.85,19.8843961536157,0.600889518208741,0.915918492916877,0.646801030678616,0.268443049776412
172.21,0.85,19.8454364414482,0.59812226046775,0.920955397666438,0.644274991446907,0.270465088039124
172.22,0.85,19.8055359105409,0.60014310247525,0.915944187053736,0.642021750009246,0.269033131138829
172.23,0.85,19.7647054468417,0.597589745925178,0.915984580185351,0.644265673918678,0.267301282720251
172.24,0.85,19.7229562639432,0.599844693639176,0.915137800780222,0.643415404443443,0.271284493495473
172.25,0.85,19.6802998949513,0.601486739509343,0.916856212907717,0.644491320730783,0.268375257334827
172.26,0.85,19.6371382606111,0.597965498035676,0.919160301964748,0.640721148351804,0.271705407725209
172.27,0.85,19.5941086162148,0.601476051523109,0.917119500368679,0.643971126225456,0.26868915607496
172.28,0.85,19.5505297188135,0.601504319072129,0.917301814096937,0.642693989869317,0.268685043164472
172.29,0.85,19.5061688353234,0.601849556804178,0.919149442950518,0.646283754346401,0.270933634394667
172.3,0.85,19.4609955643345,0.601729793220156,0.918035510014718,0.642233852461892,0.271786012705912
172.31,0.85,19.4150166110041,0.60492101526218,0.91937729935595,0.647054056315188,0.271360319486954
172.32,0.85,19.3682441249414,0.602571930823516,0.917264781759327,0.645171536215383,0.270621432995137
172.33,0.85,19.3206911178035,0.601450627426515,0.920543755992284,0.643150628302671,0.271590563588911
172.34,0.85,19.2723708958236,0.602162152215361,0.920869118161472,0.645458876996449,0.270527234554045
172.35,0.85,19.2232969918909,0.600865939808314,0.918185154195973,0.644161783144913,0.269179642225468
172.36,0.85,19.1734831512215,0.605871840760312,0.919463634487961,0.642683822010363,0.269777894097033
172.37,0.85,19.1229433218163,0.606819073713666,0.917806872698471,0.642699840047669,0.269393617912109
172.38,0.85,19.0716916451765,0.607816910310638,0.92160581105522,0.642129852992086,0.267074482393481
172.39,0.85,19.019742446961,0.604890845898844,0.918428508749769,0.644379226149721,0.270741624355745
172.4,0.85,18.9671102275853,0.60483652200874,0.919572174601761,0.644902633862721,0.26914364970127
172.41,0.85,18.913809652774,0.607469649478535,0.919435271036417,0.644090598975917,0.272264357926685
172.42,0.85,18.859855544076,0.60537952970958,0.920039177968591,0.645299221593297,0.267406445870128
172.43,0.85,18.8052628693521,0.607067909480119,0.917276166859816,0.645850470847359,0.269426297584436
172.44,0.85,18.7500467332446,0.610403447856392,0.920990440793144,0.645762787180804,0.269358779153442
172.45,0.85,18.6942223676369,0.611065025686957,0.917122123377097,0.646239784531661,0.26968959888555
172.46,0.85,18.6378051221133,0.606611979809826,0.917057724608777,0.64890620176095,0.271045020456519
172.47,0.85,18.5808104544273,0.609641952366895,0.918013245280517,0.646454522360114,0.270721214871522
172.48,0.85,18.5232539209868,0.6106053475381,0.916929824464846,0.645731765690986,0.271209599778982
172.49,0.85,18.4651511673655,0.61194580941845,0.918664729734839,0.646333358330249,0.270757117966479
172.5,0.85,18.4065179188486,0.612480252701279,0.91937251253059,0.646729702122893,0.268187273209897
172.51,0.85,18.3473699710214,0.613462147618406,0.918717374928928,0.647482265616044,0.271489048704398
172.52,0.85,18.2877231804082,0.612872514985188,0.920881421474071,0.644951533575551,0.269615012072821
172.53,0.85,18.2275934551707,0.615835775220189,0.922891362052202,0.646278946476389,0.271322545184737
172.54,0.85,18.1669967458725,0.614767891541274,0.919641783756733,0.647572241952864,0.270954193135067
172.55,0.85,18.1059490363184,0.615351298715622,0.918871500017241,0.646865196317713,0.27039889136768
172.56,0.85,18.0444663344746,0.616931717107983,0.917958767101292,0.646171439518889,0.269550272585777
172.57,0.85,17.9825646634783,0.617103131354548,0.919984192224536,0.648159240617778,0.268533982323466
172.58,0.85,17.9202600527431,0.619891821611089,0.91816827533514,0.649306745362737,0.269182326852216
172.59,0.85,17.8575685291667,0.618416818147028,0.917768059108699,0.645511261630751,0.269640645549329
172.6,0.85,17.7945061084483,0.619035574781757,0.916370900108958,0.64894211482786,0.271947518874935
172.61,0.85,17.7310887865202,0.621983615219947,0.918028100663697,0.647987898008144,0.27003148372285
172.62,0.85,17.6673325311027,0.619684370043312,0.919513703997012,0.645258729064168,0.271312337467955
172.63,0.85,17.6032532733849,0.61911653664287,0.918328956943224,0.645752182258493,0.270659632726935
172.64,0.85,17.5388668998385,0.624377791292952,0.919093415561663,0.64693046700965,0.269686558104681
172.65,0.85,17.4741892441707,0.623405633905566,0.918456823362345,0.648661384896446,0.271111708343985
172.66,0.85,17.4092360794199,0.62202041827843,0.918921184679926,0.648657016380107,0.269310758707041
172.67,0.85,17.3440231101985,0.62367947242375,0.917261164415067,0.648607656512949,0.271101231172843
172.68,0.85,17.2785659650904,0.623636284047862,0.917836928775279,0.647547449500212,0.270672371685407
172.69,0.85,17.2128801892036,0.622073283172997,0.917969148942119,0.649768239882458,0.269410669766496
172.7,0.85,17.1469812368844,0.62435339681675,0.914841434604557,0.649013511869779,0.269445563082391
172.71,0.85,17.0808844645968,0.627845910627515,0.919625583229872,0.648198976295126,0.272286920007288
172.72,0.85,17.0146051239693,0.629511013266238,0.914784646213662,0.649214723675952,0.269575399652377
172.73,0.85,16.9481583550138,0.626265056151675,0.918694672062502,0.650685041567548,0.269275072068174
172.74,0.85,16.8815591795184,0.628829051782479,0.915911161147368,0.651249451403565,0.270397702657322
172.75,0.85,16.8148224946183,0.629069455176184,0.916992106627029,0.650170368599163,0.270819381957037
172.76,0.85,16.747963066545,0.630011931697612,0.917824918104213,0.648089164547506,0.266705993715999
172.77,0.85,16.6809955245582,0.629805406105079,0.918544754764973,0.647700476100871,0.271890141889592
172.78,0.85,16.6139343550617,0.631733298693344,0.916833140201289,0.64969237500557,0.271029175421303
172.79,0.85,16.5467938959039,0.630002188234024,0.916463953720308,0.648156564296027,0.268326876533419
172.8,0.85,16.4795883308659,0.632952752601902,0.920284862688068,0.650459942970533,0.271363246776994
172.81,0.85,16.4123316843372,0.633929480458609,0.918457018026587,0.649745777899507,0.269261357000418
172.82,0.85,16.3450378161811,0.635772999139536,0.91703593262878,0.649822707536774,0.270761725414047
172.83,0.85,16.2777204167892,0.636327952638734,0.91811677879135,0.650727875589283,0.266183969874729
172.84,0.85,16.2103930023267,0.636099981925764,0.918710107965426,0.64790645308461,0.269759793342064
172.85,0.85,16.1430689101677,0.634389478217768,0.917369539367081,0.649812931230754,0.269092190489178
172.86,0.85,16.0757612945217,0.638760203060759,0.916925111270368,0.649326066164806,0.269375324585262
172.87,0.85,16.0084831222497,0.639032738147282,0.916305827310211,0.650767314975674,0.271290168773561
172.88,0.85,15.9412471688712,0.639735860016455,0.919526287527829,0.652518302776669,0.269785750490493
172.89,0.85,15.8740660147594,0.640273221729033,0.917151140583147,0.65187074852522,0.269671326942118
172.9,0.85,15.8069520415264,0.640604160041989,0.917493856357311,0.650249808530877,0.270922931385596
172.91,0.85,15.7399174285943,0.639016199965349,0.915704805860539,0.650834468393453,0.270993594426493
172.92,0.85,15.6729741499543,0.64312207254385,0.918122583148724,0.65073079082914,0.267147193675456
172.93,0.85,15.6061339711095,0.642343580106633,0.917097056488667,0.652293862040167,0.268834954658818
172.94,0.85,15.5394084462019,0.642798508328318,0.915796920537929,0.652999246202235,0.271166514515063
172.95,0.85,15.472808915321,0.645058805550113,0.917937619969773,0.652827235945815,0.269142806207947
172.96,0.85,15.4063465019922,0.644555123641123,0.915444164306717,0.650935972528699,0.269345572085168
172.97,0.85,15.3400321108429,0.647011642551903,0.918412187883434,0.653340668333835,0.271281170509205
172.98,0.85,15.2738764254443,0.645584421645608,0.916076774546905,0.652973567776075,0.26934270575178
172.99,0.85,15.207889906327,0.650033238503621,0.915460094603252,0.653448015650406,0.27060391889518
173,0.85,15.1420827891669,0.648241076198417,0.913229338655477,0.652088981282131,0.269156576440665
173.01,0.85,15.0764650831395,0.648862823482994,0.915651273177974,0.651077191615535,0.270187429375265
173.02,0.85,15.0110465694403,0.648327635081206,0.916467311254714,0.652115467172516,0.270864939612573
173.03,0.85,14.9458367999675,0.650828501945519,0.916468298539922,0.65338175875274,0.270978760123637
173.04,0.85,14.8808450961648,0.652920703674951,0.918135340664538,0.652744509682963,0.269462208172133
173.05,0.85,14.8160805480211,0.650335708458158,0.916087487610728,0.652472486584074,0.26914011111419
173.06,0.85,14.7515520132242,0.654753932357361,0.91637688868502,0.65197055068753,0.268834097808351
173.07,0.85,14.6872681164649,0.653631597396459,0.915247116999785,0.654839692404811,0.269863205146259
173.08,0.85,14.6232372488883,0.655013887344226,0.916108748554521,0.654784788926476,0.271992852664495
173.09,0.85,14.5594675676897,0.655339254686813,0.916157001496852,0.658462959691613,0.270831713144354
173.1,0.85,14.4959669958509,0.658313173337159,0.915297545459795,0.65304828502822,0.269763727718942
173.11,0.85,14.4327432220137,0.65812586973393,0.91502589152023,0.655050351086657,0.270751021863593
173.12,0.85,14.3698037004872,0.655369777747533,0.913186990479675,0.655976848883268,0.268007043930654
173.13,0.85,14.3071556513855,0.658925431080377,0.916199722870747,0.653870324756597,0.270611529979056
173.14,0.85,14.244806060892,0.658056899551519,0.914806687387427,0.655711556519205,0.26793068096488
173.15,0.85,14.1827616816467,0.66182495074525,0.914098379426091,0.654110617865417,0.268167619138192
173.16,0.85,14.1210290332534,0.661260465057736,0.914867732791365,0.653997911693298,0.271493402818991
173.17,0.85,14.0596144029019,0.660579954381714,0.914457370399422,0.653299831543813,0.268313111406491
173.18,0.85,13.9985238461038,0.660242453414026,0.917127353660072,0.655354143018151,0.269458769030799
173.19,0.85,13.9377631875359,0.663666859650391,0.915689203633446,0.652888824379257,0.272462482988744
173.2,0.85,13.8773380219889,0.662725440763365,0.916314655886696,0.656130183380138,0.270787940507347
173.21,0.85,13.8172537154171,0.667543524678133,0.913694731767374,0.652519982788836,0.270032586550719
173.22,0.85,13.7575154060871,0.666735662802793,0.913654153303599,0.655686304122211,0.270124054209407
173.23,0.85,13.6981280058189,0.668398966776309,0.91538502941784,0.655458004600038,0.269177174672609
173.24,0.85,13.6390962013189,0.666532145192629,0.913981222259249,0.655650852575132,0.268921744917008
173.25,0.85,13.5804244555997,0.666015260762047,0.91259084660967,0.654980104254021,0.268398340127489
173.26,0.85,13.5221170094829,0.668842478515239,0.916217089485548,0.657859146764587,0.269614219971019
173.27,0.85,13.4641778831826,0.669721039650702,0.913320011084895,0.655069399019956,0.26928779804018
173.28,0.85,13.4066108779652,0.670041819019722,0.913488847693018,0.654188250965329,0.267089066410765
173.29,0.85,13.3494195778827,0.671214258029698,0.913607719585061,0.657077846208104,0.270841964689158
173.3,0.85,13.2926073515754,0.673512354327434,0.912726253813821,0.654658714759128,0.269215186431711
173.31,0.85,13.2361773541419,0.672707179697631,0.913781283540148,0.656597924802751,0.271528714714992
173.32,0.85,13.180132529072,0.671934325471628,0.911991579439065,0.657350073482328,0.2697500738653
173.33,0.85,13.1244756102399,0.674212853128373,0.911775213859151,0.656077059498858,0.269251719470922
173.34,0.85,13.0692091239547,0.674454686457651,0.914827152585599,0.656162939248809,0.270241307056412
173.35,0.85,13.0143353910649,0.676249885945359,0.913724643758419,0.655252659711697,0.271102875018491
173.36,0.85,12.9598565291132,0.672944252354141,0.913592499691213,0.658929896364002,0.269206424933106
173.37,0.85,12.9057744545409,0.680112433668392,0.91176926307997,0.654346539720516,0.272586135533415
173.38,0.85,12.8520908849367,0.679589781863352,0.91209434489956,0.658151614503751,0.268876502929997
173.39,0.85,12.7988073413277,0.679252138731248,0.911500072874353,0.655178091872851,0.271671702123831
173.4,0.85,12.7459251505112,0.679919550047246,0.909760850511018,0.658279056241856,0.271157026315172
173.41,0.85,12.693445447423,0.677406977535539,0.911988174787383,0.655981055388173,0.271901058196502
173.42,0.85,12.6413691775411,0.68060790533567,0.911057810288198,0.656312375588423,0.268746875755788
173.43,0.85,12.5896970993205,0.684289254909882,0.911279015233226,0.657677074840486,0.268459102612042
173.44,0.85,12.5384297866593,0.68372849988149,0.909195756527709,0.655939294723098,0.267869464208627
173.45,0.85,12.4875676313913,0.682373813096772,0.91212831669417,0.659470307446093,0.269804327508568
173.46,0.85,12.4371108458045,0.684121151715726,0.913406160902405,0.657549872963584,0.272062215872238
173.47,0.85,12.3870594651825,0.682238046862953,0.909694421993372,0.658934567041585,0.270895669372872
173.48,0.85,12.3374133503675,0.684808300749983,0.911903277684583,0.655811678403431,0.271329923106111
173.49,0.85,12.288172190342,0.689473642466967,0.913431381977504,0.656700362611137,0.27097092075175
173.5,0.85,12.2393355048286,0.686671868551585,0.912121572262113,0.653303568727775,0.267807057597252
173.51,0.85,12.1909026469045,0.688884171299101,0.911523880156649,0.655137424841768,0.270087366375871
173.52,0.85,12.1428728056305,0.689557632900134,0.913018519236558,0.657722522122435,0.270042224213236
173.53,0.85,12.0952450086921,0.688004454278852,0.911842985416236,0.657560049653442,0.27074821635463
173.54,0.85,12.0480181250511,0.688410510071017,0.907429906443608,0.656559053274546,0.267521289101915
173.55,0.85,12.0011908676062,0.691067821939134,0.909772678223899,0.659571410489361,0.270174760283592
173.56,0.85,11.9547617958626,0.693808030622964,0.908434955149585,0.659322693262166,0.270135804076334
173.57,0.85,11.9087293186065,0.692293379659248,0.908960714669981,0.659230376613623,0.271090452858604
173.58,0.85,11.8630916965861,0.691699614063661,0.907548898657895,0.658438829926192,0.271836989587262
173.59,0.85,11.8178470451969,0.692580763438315,0.909314063393565,0.654832561209987,0.269409335210679
173.6,0.85,11.7729933371688,0.693542918833607,0.906275674306333,0.658001384538813,0.269103530636187
173.61,0.85,11.728528405257,0.696425000946847,0.910909908541546,0.657017012506744,0.270191473922112
173.62,0.85,11.6844499449328,0.694852355139707,0.908720659571128,0.655631202079645,0.271252996896619
173.63,0.85,11.6407555170761,0.696602620725694,0.906197687481132,0.658001379058651,0.270981550169092
173.64,0.85,11.5974425506661,0.696646150579666,0.909730719905876,0.655995688009482,0.27015034889602
173.65,0.85,11.5545083454717,0.696944997572417,0.905957162372233,0.658535004343028,0.270927778503273
173.66,0.85,11.5119500747408,0.69805282335191,0.906950622339466,0.656925610554445,0.26904488279372
173.67,0.85,11.4697647878859,0.697817460114109,0.910120617415897,0.65828341722994,0.273334596224116
173.68,0.85,11.4279494131679,0.69684277672254,0.905765066562748,0.659303332922919,0.270669586842885
173.69,0.85,11.3864836636363,0.697308096546208,0.906192740379412,0.653129400337161,0.270021704275225
173.7,0.85,11.34452292442,0.701492516572586,0.907264482309965,0.655816711241543,0.269240610736964
173.71,0.85,11.3022772018041,0.704338697181638,0.909171663928208,0.65611695751293,0.269103838533267
173.72,0.85,11.2602707740661,0.701668405726217,0.906542412482978,0.655049731047554,0.27119262431135
173.73,0.85,11.2186162934585,0.702780383092757,0.905936343687609,0.656620550023497,0.271845428152342
173.74,0.85,11.177327247963,0.701832407713836,0.905581760823748,0.655532319666359,0.270568071501677
173.75,0.85,11.1364016711673,0.703409892069048,0.901937706077474,0.658125755383513,0.270284321298032
173.76,0.85,11.0958355754571,0.704700468055766,0.905718593775467,0.656056142938447,0.270391235281785
173.77,0.85,11.0556246732615,0.710635907345957,0.9042895067176,0.657110526732484,0.270038654394516
173.78,0.85,11.0157645642936,0.704569742854928,0.904429910684923,0.655346345805643,0.269827420848564
173.79,0.85,10.9762507545231,0.705241370679104,0.907817547887578,0.65648375125251,0.268698238202598
173.8,0.85,10.9370786599345,0.707828617995511,0.903504077117244,0.656403071653064,0.268246272348813
173.81,0.85,10.8982436092887,0.709391345661454,0.902246754034008,0.653273137439568,0.269407424163718
173.82,0.85,10.8597408468676,0.708857599303035,0.905294729925054,0.656137382004766,0.268175217213332
173.83,0.85,10.8215655352228,0.710142347209992,0.907385921346037,0.657251614832073,0.269764032551717
173.84,0.85,10.7837127579191,0.709540415761381,0.905114118119869,0.655276485614988,0.270283847939971
173.85,0.85,10.7461775222726,0.709835521939715,0.905151007871312,0.654630303975967,0.271144573477305
173.86,0.85,10.7089547620821,0.711458514925336,0.90689698623999,0.656686858883291,0.270315800046812
173.87,0.85,10.6720393403543,0.71183422976004,0.906202064670931,0.65529041143297,0.270030881122911
173.88,0.85,10.635426052024,0.710463058768551,0.901083197776749,0.655804833236999,0.26988259612118
173.89,0.85,10.5991096266688,0.709031775612577,0.903053664547131,0.655141484295984,0.269069861781243
173.9,0.85,10.5630847312192,0.711610538556924,0.901802114183225,0.65609362636138,0.27035605491106
173.91,0.85,10.5273459726641,0.71671610156712,0.903870083231129,0.655855321397285,0.268887661068734
173.92,0.85,10.491887900752,0.714231887240956,0.904888896159192,0.654686428072121,0.271075695676798
173.93,0.85,10.4567050106895,0.716200998772016,0.903387358218573,0.65509992431642,0.272027524179341
173.94,0.85,10.4217917458357,0.715938948593728,0.90428666203807,0.655501527262705,0.270030772787022
173.95,0.85,10.3871425003939,0.719270535923816,0.901156808875485,0.655909533003338,0.27217050185577
173.96,0.85,10.3527516221014,0.71733208864732,0.902174002296591,0.655572083317838,0.26869347993137
173.97,0.85,10.3186134149165,0.717932162843399,0.902318297881713,0.655506811562686,0.270879796289365
173.98,0.85,10.2847221417044,0.717427737158669,0.901515720811205,0.655640826511378,0.271919259137086
173.99,0.85,10.2510720269211,0.720855253075421,0.89854685778796,0.653613841853462,0.269920849438709
174,0.85,10.2176572592967,0.717298302900036,0.900053808059227,0.653451764982721,0.268738165410624
174.01,0.85,10.1844719945178,0.720244553940926,0.89853552187826,0.65293349940712,0.268198356469332
174.02,0.85,10.1515103579096,0.723538899092876,0.898080622742735,0.657132231530026,0.26742616226412
174.03,0.85,10.1187664471172,0.722049525746398,0.900940227803302,0.654856178764135,0.26956412532142
174.04,0.85,10.0862343347876,0.722412274802784,0.898419656138549,0.654195458463263,0.271582246818572
174.05,0.85,10.0539080712515,0.724721184184454,0.901171192792127,0.656063550620669,0.271359463684939
174.06,0.85,10.0217816872053,0.724984484261156,0.897203506886985,0.653048121044275,0.270542440307778
174.07,0.85,9.98984919639448,0.727059597794715,0.896455254649012,0.653379526057898,0.268299317157914
174.08,0.85,9.95810459829615,0.724846488256981,0.898713494273909,0.651898791839749,0.269509801630712
174.09,0.85,9.92654188080352,0.724885135957959,0.896595630829647,0.656090107315605,0.269050401955402
174.1,0.85,9.8951550229103,0.727092410295184,0.899954850515049,0.655749869278223,0.270766321013594
174.11,0.85,9.86393799739586,0.72828049266055,0.897320339066994,0.655074874048418,0.267959051390806
174.12,0.85,9.8328847735111,0.72564421448637,0.897590277005885,0.652030651503903,0.268866360769598
174.13,0.85,9.80198931966462,0.727427311795467,0.8982660033764,0.655687405533493,0.267914856554832
174.14,0.85,9.77124560610902,0.726425200993896,0.897272414951773,0.653598389106002,0.268459314252182
174.15,0.85,9.74064760762763,0.727571576805043,0.898748769613497,0.653503940833815,0.269453722471597
174.16,0.85,9.71018930622056,0.731595562983898,0.900067308491025,0.653379296097179,0.27243800274767
174.17,0.85,9.67986469379062,0.731498050526724,0.896196625374111,0.650068392513823,0.271825374335185
174.18,0.85,9.64966777482802,0.730835883201462,0.895979114374935,0.650486970974477,0.272080308382136
174.19,0.85,9.61959256909416,0.731158204129299,0.893892948971951,0.652106839387021,0.272095746633998
174.2,0.85,9.58963311430314,0.730299685088913,0.893835304534261,0.651304405171676,0.269434787426491
174.21,0.85,9.55978346880145,0.731657535127876,0.894515459659376,0.651156890044386,0.269212095377412
174.22,0.85,9.5300377142444,0.732627075137369,0.895780301992652,0.65163620443187,0.268006966239128
174.23,0.85,9.50038995826938,0.732057308943685,0.897689455949798,0.651425722856004,0.26881086512788
174.24,0.85,9.47083433716447,0.733085684315585,0.895060208742874,0.653354940836083,0.270355698991561
174.25,0.85,9.44136501853267,0.734813232472019,0.896305794710858,0.653524962315095,0.270392694309021
174.26,0.85,9.41197620394983,0.738396136172016,0.892517940473775,0.652368947416156,0.266890898357023
174.27,0.85,9.38266213161622,0.733767736286591,0.896224328891743,0.649683334729712,0.269479788417326
174.28,0.85,9.35341707900083,0.737739515314344,0.892386610516969,0.652600255998093,0.271712822192264
174.29,0.85,9.32423536547661,0.737583491661519,0.894253684255694,0.651884864500934,0.267212177599053
174.3,0.85,9.29511135494669,0.73754479720042,0.894375192975927,0.650827513586523,0.271016220937096
174.31,0.85,9.26603945845978,0.741297467340732,0.893697967756567,0.650213795120408,0.26908157401318
174.32,0.85,9.23701413681405,0.738145817406961,0.892880754704536,0.64822524062321,0.270651860939477
174.33,0.85,9.20802990314779,0.738150182757582,0.892264246360505,0.651230200750884,0.272289112541333
174.34,0.85,9.17908132551637,0.740743447367154,0.893736624581598,0.650359444359865,0.270529065516563
174.35,0.85,9.15016302945343,0.740078246727905,0.893943719171073,0.649600950375204,0.270002788089727
174.36,0.85,9.12126970051551,0.739355993451145,0.891807355422071,0.649631882694616,0.270846101304343
174.37,0.85,9.09239608680864,0.741985964129677,0.893371115751426,0.64999626273448,0.272211739868918
174.38,0.85,9.06353700149517,0.741906330694802,0.889611427527382,0.648009364272152,0.270917938786752
174.39,0.85,9.03468732527976,0.741082120000492,0.893531000082243,0.652589580505549,0.272078416804426
174.4,0.85,9.00584200887281,0.743615591896619,0.891326700875458,0.650586493991744,0.271178359966482
174.41,0.85,8.97699607542987,0.744205458750229,0.890079530320749,0.649325352944155,0.269086248260986
174.42,0.85,8.94814462296523,0.743342747486567,0.892537948589023,0.650011982116887,0.27348052659837
174.43,0.85,8.91928282673837,0.747060161321767,0.891774829182905,0.648017091398766,0.270929600763781
174.44,0.85,8.8904059416115,0.744403612436738,0.889196670901463,0.650324178873181,0.268818670100312
174.45,0.85,8.86150930437631,0.74835643311887,0.891925839553489,0.651343635018804,0.2706976337401
174.46,0.85,8.83258833604839,0.747146096404356,0.88981154790559,0.645858302761085,0.272317604743211
174.47,0.85,8.80363854412779,0.747650886795491,0.890191895569032,0.647997351736776,0.270375491528283
174.48,0.85,8.77465552482327,0.748452950424229,0.887892412916441,0.649554647444386,0.268150949936804
174.49,0.85,8.74563496523919,0.746655065745991,0.887951835094453,0.649802309751008,0.268608825793836
174.5,0.85,8.71657264552298,0.749734807433614,0.88943107158075,0.649801859006449,0.268811499952286
174.51,0.85,8.68746444097097,0.75225684701993,0.887045311936193,0.64914155553388,0.26758385826454
174.52,0.85,8.65830632409133,0.750281593987777,0.888134267064116,0.647592303800305,0.268132633892144
174.53,0.85,8.62909436662208,0.750547176848041,0.885045414977643,0.646904519137513,0.269115718017079
174.54,0.85,8.59982474150203,0.751946196238271,0.887997086114461,0.646970617793122,0.269724023585042
174.55,0.85,8.57049372479311,0.752518990138875,0.887803743421631,0.645897872275434,0.272679239064728
174.56,0.85,8.54109769755238,0.754979355703941,0.889323960430426,0.647313417710137,0.272345055245932
174.57,0.85,8.51163314765126,0.756338877312108,0.885429112037584,0.647194466212311,0.269043756737925
174.58,0.85,8.48209667154089,0.75505203578959,0.885525199593858,0.647469573746116,0.268557697121
174.59,0.85,8.45248497596113,0.754219585433488,0.886348488717871,0.646510205998392,0.269158110666853
174.6,0.85,8.42279487959204,0.751849854613683,0.88649500893458,0.646779644069928,0.269680486222293
174.61,0.85,8.39302331464531,0.758152631553225,0.883986684960565,0.644906752251498,0.271529740356756
174.62,0.85,8.36316732839455,0.755332698486602,0.884864156899403,0.64482361279292,0.267891109304197
174.63,0.85,8.33322408464239,0.758070856760549,0.883312558878745,0.645776828968417,0.270463065847987
174.64,0.85,8.30319086512241,0.757927905191447,0.884018556765343,0.645604683115299,0.267527027816327
174.65,0.85,8.27306507083494,0.758845668081247,0.884928953446677,0.648044947301305,0.269271221794325
174.66,0.85,8.2428442233143,0.757477664260613,0.884930070276185,0.646552878018934,0.269799365487782
174.67,0.85,8.21252596582636,0.760680268901119,0.883595066164974,0.644046896831659,0.271018702757375
174.68,0.85,8.18210806449472,0.758576691565428,0.883684993175413,0.645744196686336,0.27001861440277
174.69,0.85,8.15158840935409,0.761083666001594,0.88435406117108,0.643369128831736,0.270559433010991
174.7,0.85,8.12096501532912,0.762206083185022,0.886419361947347,0.646576759635677,0.271393288121399
174.71,0.85,8.09023602313774,0.764295104230126,0.884120632652765,0.645664709575653,0.272701594637726
174.72,0.85,8.05939970011723,0.76558435377751,0.880954069446687,0.645360734879413,0.27109560670707
174.73,0.85,8.02845444097198,0.764590788994812,0.88148553050119,0.642819543722608,0.266613160539187
174.74,0.85,7.99739876844163,0.764948322107146,0.88195327488128,0.644842728573795,0.270410070309106
174.75,0.85,7.96623133388855,0.767060081921912,0.882746600122443,0.644979600474062,0.271855293292319
174.76,0.85,7.9349509178034,0.763927150295432,0.882017821716971,0.64567911177986,0.27189886059954
174.77,0.85,7.9035564302278,0.765588231462987,0.880006270262888,0.645937231833584,0.268035323619606
174.78,0.85,7.87204691109348,0.770044207163447,0.880594930225067,0.643889325199416,0.269283858720756
174.79,0.85,7.8404215304765,0.768806154315823,0.878423113191631,0.642261307555741,0.269537199103076
174.8,0.85,7.80867958876629,0.770969001583978,0.880787629212625,0.644952610937814,0.268262870725016
174.81,0.85,7.77682051674862,0.772137449146906,0.878580823731215,0.64131651751811,0.267990629675968
174.82,0.85,7.74484387560178,0.772844523947919,0.879959399879506,0.646082742022361,0.270995368580835
174.83,0.85,7.71274935680561,0.773701644967648,0.879305398669697,0.644755286242295,0.270376009586811
174.84,0.85,7.68053678196313,0.77346636720854,0.881333476481654,0.642728814501746,0.270307696308111
174.85,0.85,7.64820610253397,0.772335242051834,0.878750893281186,0.644728213663847,0.271244773323694
174.86,0.85,7.61575739947979,0.775507005285606,0.879405490168227,0.645262193861542,0.270449547731742
174.87,0.85,7.58319088282147,0.774089074032391,0.88034502375651,0.643754711203963,0.270300899725612
174.88,0.85,7.55050689110794,0.776658272560661,0.881745576597397,0.640974038399745,0.270066749411172
174.89,0.85,7.51770589079667,0.775435530993477,0.878468802471023,0.644989036301317,0.267624800001253
174.9,0.85,7.48478847554616,0.775476539540453,0.877049040868388,0.644312547049374,0.273228969109645
174.91,0.85,7.45175536542077,0.778724428750213,0.877592819222874,0.643752922885181,0.270581840904131
174.92,0.85,7.41860740600764,0.77813527775638,0.8733453167966,0.643193760496178,0.268767703581402
174.93,0.85,7.38534556744709,0.781063239538867,0.875803824832233,0.643260328044993,0.27118816408337
174.94,0.85,7.35197094337646,0.778566449477948,0.878298310681046,0.642906576205809,0.269184524111732
174.95,0.85,7.31848474978798,0.779592051736527,0.876525408108329,0.641450792856067,0.270176304128739
174.96,0.85,7.28488832380207,0.78206767364124,0.873240057987698,0.642652114464763,0.269637927955341
174.97,0.85,7.25118312235622,0.78426977404328,0.877393383852965,0.64103353033393,0.269572376549445
174.98,0.85,7.21737072081099,0.782855136829201,0.875114545806084,0.644110110953797,0.270170583917412
174.99,0.85,7.18345281147367,0.788277066120277,0.876291587247647,0.641870280115431,0.268770038457371
175,0,7.14943120204171,0.786101180915587,0.872941079799039,0.645575592572981,0.271338196741036
175.01,0,7.11530781396579,0.786751905824912,0.874987101107336,0.643471461631512,0.269745590880058
175.02,0,7.08108468073526,0.788532623652336,0.874943284712651,0.643567108848943,0.270984479065555
175.03,0,7.04676394608685,0.788178575536146,0.871507838052268,0.6425464144861,0.270780436475829
175.04,0,7.01234786213794,0.787964091348347,0.873079214501024,0.642703474157621,0.270162095394823
175.05,0,6.97783878744648,0.791248919346611,0.87266820249621,0.641573853416083,0.269928616981425
175.06,0,6.94323918499945,0.789666698107385,0.871722436311853,0.643200148800541,0.270286506229143
175.07,0,6.90855162013102,0.79162538451626,0.872606843283644,0.64485267892806,0.270341946005596
175.08,0,6.87377875837295,0.792927548642176,0.874237577988282,0.641326860844103,0.270087406546797
175.09,0,6.8389233632392,0.79243628228591,0.874882168214095,0.642828021060639,0.268967044039585
175.1,0,6.80398829394642,0.794313249886721,0.871431622013318,0.643270379794482,0.269363074037395
175.11,0,6.76897650307288,0.794315766586063,0.874725322998435,0.643863297173284,0.270059830200241
175.12,0,6.73389103415804,0.79636493408401,0.871991577216056,0.643111227411044,0.270066762189621
175.13,0,6.69873501924495,0.795594109536207,0.868723030322896,0.643006749165282,0.267960491631994
175.14,0,6.66351167636778,0.799886211726679,0.871999572471457,0.642552673107529,0.26892949810565
175.15,0,6.63352643183729,0.800731608975811,0.872577723883679,0.642210256863998,0.27098787653292
175.16,0,6.61103281009997,0.800647614912611,0.872665982103164,0.643603657621716,0.270039882422536
175.17,0,6.59001448845573,0.797535585505566,0.870548890543661,0.644402326940445,0.269861639785871
175.18,0,6.56937566291316,0.798636220280761,0.871940426965332,0.644154907916396,0.26900405130724
175.19,0,6.55139434999499,0.79962155973444,0.869158681479905,0.643025114408818,0.270207998682573
175.2,0,6.53443919289197,0.80228579149645,0.869494484726152,0.643949684386259,0.271738251713234
175.21,0,6.51747232419471,0.803399248009499,0.869850941595085,0.642739206834464,0.269493924529477
175.22,0,6.50032252994031,0.801177172919446,0.870734009127282,0.644318057345798,0.270445269096371
175.23,0,6.48297358548508,0.803556033304919,0.868732204050231,0.643292719190772,0.268938614611518
175.24,0,6.4654271039892,0.803433772228513,0.866601632626642,0.640807038690503,0.270239753441682
175.25,0,6.44768613932533,0.804250970124454,0.869902288966908,0.640750595288532,0.271077362598802
175.26,0,6.42975387073013,0.8045802097985,0.86851747557442,0.645608538423656,0.270364521012715
175.27,0,6.411633562809,0.808102549427875,0.866959892768353,0.643106199077987,0.269581323000357
175.28,0,6.39332857285198,0.804036221119388,0.864401833471301,0.641670752476414,0.271491189379898
175.29,0,6.37484235094528,0.806982124605776,0.86525793806307,0.643774745125838,0.267516323289433
175.3,0,6.35617843811439,0.8061122621289,0.867482788016722,0.641562654771435,0.272705650980207
175.31,0,6.33734046414584,0.805638503012671,0.866706638831983,0.643214477517655,0.269863349661056
175.32,0,6.31833214532863,0.806046218606514,0.865864287520515,0.643918587272196,0.270055388825849
175.33,0,6.29915728214177,0.808432475903425,0.862522702183735,0.644206824839283,0.270894344251321
175.34,0,6.27981975689201,0.806811062215526,0.865664338128502,0.641744802218472,0.269832115378991
175.35,0,6.26032353130379,0.808068757144912,0.866232706994284,0.643574534395256,0.27158095288771
175.36,0,6.2406726440646,0.809793959718115,0.863983309736462,0.646029566414519,0.271571045713915
175.37,0,6.22087120832817,0.809835180561745,0.865940122522713,0.641978596093347,0.270761977752701
175.38,0,6.20092340917818,0.809719301097498,0.864706473242999,0.643087026546571,0.270380240909597
175.39,0,6.18083350105528,0.810334141655258,0.866973998722275,0.647326598890033,0.271565604289963
175.4,0,6.16060580515037,0.811656701406998,0.866111186514396,0.644727323993804,0.271433195020959
175.41,0,6.14024470676682,0.809528801282002,0.86474178078434,0.642597889299474,0.271661445682016
175.42,0,6.11975465265419,0.810246782112069,0.863402947437002,0.643277258523719,0.27226866740593
175.43,0,6.09914014831697,0.813880455775567,0.861265029080675,0.645164087432687,0.26868217868856
175.44,0,6.0784057553007,0.812523434436194,0.864270311678842,0.643916839783847,0.269885518531422
175.45,0,6.05755608845818,0.81317885274148,0.863744708500661,0.645603948231378,0.269245096294639
175.46,0,6.03659581319926,0.812111151321496,0.864810445774254,0.642713591192318,0.267963635169604
175.47,0,6.01552964272673,0.812341921467408,0.863252773088697,0.643904872761598,0.268915768373283
175.48,0,5.99436233526082,0.813325579748269,0.862475458718667,0.64347488615499,0.271704676650809
175.49,0,5.97309869125587,0.814521283526638,0.861306389650855,0.645598847954352,0.26981302133977
175.5,0,5.95174355061179,0.814766796322767,0.860612083680582,0.64447521706414,0.271659195242188
175.51,0,5.93030178988248,0.816747759992063,0.859760863346009,0.64651129208178,0.270086393896718
175.52,0,5.90877831948499,0.816440891058313,0.862464781341918,0.643708063122619,0.269685293444328
175.53,0,5.88717808091176,0.81701989210362,0.860908341044942,0.644343063753943,0.269495504264415
175.54,0,5.86550604394831,0.817322245921865,0.861741036417035,0.646927013341025,0.270213380119464
175.55,0,5.8437672038997,0.817926187128269,0.860535833734166,0.645655331920688,0.266917360711875
175.56,0,5.82196657882824,0.81796980699375,0.860362229006603,0.647245635786918,0.270470047434912
175.57,0,5.80010920680476,0.819405819382819,0.85965306722043,0.644073030607285,0.271349359644524
175.58,0,5.77820014317635,0.82102881576295,0.859121419593139,0.647905679688148,0.268394506576536
175.59,0,5.75624445785326,0.820032455676894,0.856726191052673,0.643128667825532,0.26909357214248
175.6,0,5.73424723261676,0.820889826940427,0.858082198638598,0.646672394259684,0.267062466387674
175.61,0,5.71221355845107,0.825151200127648,0.859357969213882,0.645820594177351,0.267964040692225
175.62,0,5.69014853290146,0.8229234924145,0.856110111524546,0.647979911968783,0.27216310279699
175.63,0,5.66805725746089,0.823012953661165,0.858708574152858,0.645613954694627,0.271027008711308
175.64,0,5.64594483498695,0.821723233756037,0.857817600083322,0.64684492156608,0.269886631701696
175.65,0,5.62381636715224,0.822533784854278,0.858822784911324,0.64728699764745,0.26739426212386
175.66,0,5.60167695192942,0.827585177988882,0.858693006612946,0.647763444525821,0.269369478469857
175.67,0,5.57953168111316,0.824944502820321,0.856915861548124,0.647762232422588,0.269165503016358
175.68,0,5.55738563788127,0.822977893260509,0.85802810881242,0.646579358587632,0.270791333294048
175.69,0,5.53524389439668,0.826048992180263,0.857035237948801,0.647951528382513,0.27226470532372
175.7,0,5.51311150945172,0.827741675368028,0.855734030290545,0.647399321407599,0.27112245044718
175.71,0,5.49099352615707,0.825115725068174,0.856037579118117,0.647769761295609,0.269084444074619
175.72,0,5.46889496967666,0.825688074892301,0.85665607913261,0.646533198131814,0.267999954371621
175.73,0,5.44682084500984,0.830656980760501,0.856957732178123,0.64849679187277,0.266468133603627
175.74,0,5.42477613482283,0.828060503787019,0.851770545281812,0.645789225684231,0.266962545829638
175.75,0,5.40276579733057,0.828621023809651,0.855456404480366,0.648595971929984,0.268453212651647
175.76,0,5.38079476422998,0.83097681575616,0.855170520177849,0.648767962396616,0.271139228499309
175.77,0,5.35886793868627,0.831373492006001,0.856121297838573,0.649978993484043,0.270761577046283
175.78,0,5.33699019337362,0.832994294430041,0.853296035209018,0.648799009710893,0.271889589670377
175.79,0,5.31516636857023,0.831742075267681,0.853618445469931,0.648750504186823,0.270818890131973
175.8,0,5.2934012703099,0.835285450668028,0.854767760304424,0.649681240901753,0.26870683626898
175.81,0,5.2716996685905,0.833317990734224,0.853620212968544,0.648704373250733,0.271501973892084
175.82,0,5.25006629563982,0.833686914184699,0.854978250346615,0.648189367079977,0.27073498942258
175.83,0,5.22850584423984,0.835864716623632,0.854597325398218,0.648064546385683,0.268002716669316
175.84,0,5.20702296611022,0.836310968988335,0.853168057712327,0.648508363612109,0.272451161821986
175.85,0,5.18562227035091,0.836598809485459,0.851381227543749,0.648701365679651,0.270257592135683
175.86,0,5.16430832194478,0.840658582796174,0.850940613673548,0.650407385959029,0.26839162705766
175.87,0,5.14308564032059,0.836125710753499,0.853573026953334,0.651170533225249,0.270415939169103
175.88,0,5.12195869797643,0.83965894512737,0.851492951079025,0.650783814736452,0.269127982250974
175.89,0,5.10093191916358,0.839629583193156,0.85319014598709,0.652383100949401,0.268096032452631
175.9,0,5.08000967863163,0.83863370312314,0.852880736789555,0.649769808243069,0.273722536945273
175.91,0,5.05919630043405,0.840154002567622,0.851716519582797,0.648152058155891,0.272738683157806
175.92,0,5.03849605679445,0.841269039240778,0.853476543732828,0.648239273151066,0.270553880736732
175.93,0,5.01791316703374,0.842126190241026,0.85071491871427,0.650829161636634,0.271570079773156
175.94,0,4.99745179655748,0.841234324730935,0.851394526032228,0.651500624766662,0.273296087847078
175.95,0,4.97711605590328,0.842263865833732,0.853172658423055,0.651948219277158,0.267584782296054
175.96,0,4.95690999984799,0.842515344544268,0.850798493150255,0.649428431013871,0.268077210141182
175.97,0,4.93683762657434,0.843855127136176,0.849820861847202,0.649305568043198,0.269542409959281
175.98,0,4.91690287689608,0.841869043099097,0.849770123282975,0.650696093067942,0.271509083185452
175.99,0,4.89710963354149,0.846217241688726,0.847257475932753,0.650652355437153,0.268029261335028
176,0,4.87746172049477,0.846351670470335,0.850950394687658,0.649011913812315,0.269754187215202
176.01,0,4.85796290239383,0.846805523603286,0.848214208563246,0.650992946921713,0.270312028850761
176.02,0,4.83861688398447,0.848645956691433,0.847830511257909,0.650802875030871,0.270416156331522
176.03,0,4.81942730963021,0.847200456328819,0.848491001230441,0.651671635429167,0.270044842584409
176.04,0,4.80039776287602,0.849747663481713,0.84771538355738,0.651289794747702,0.272335959617149
176.05,0,4.781531766066,0.852935512751793,0.848940388139883,0.65070801900765,0.270624320108056
176.06,0,4.76283278001367,0.849085728011917,0.848610665810944,0.650965306265622,0.270769113051472
176.07,0,4.74430420372357,0.850416107476084,0.848679639873611,0.654984139787241,0.269768465861571
176.08,0,4.72594937416356,0.850979790800729,0.846379987056032,0.650183307932139,0.27109578031317
176.09,0,4.70777156608654,0.852474013376057,0.848259481406686,0.649608338648233,0.269839008867213
176.1,0,4.68977399190033,0.850352040545492,0.846190569537917,0.655063669648799,0.268454726613793
176.11,0,4.6719598015846,0.853855477138225,0.847253773820318,0.652365974973961,0.267387106890247
176.12,0,4.65433208265375,0.853555393393706,0.847091739157408,0.652080664054493,0.268538958136551
176.13,0,4.63689386016438,0.855877026590995,0.846033715166502,0.654038343515534,0.272325167214848
176.14,0,4.61964809676585,0.854157037210867,0.84930592658722,0.653051346658335,0.272568200463856
176.15,0,4.60259769279309,0.854817668983961,0.846051512756658,0.651417709947785,0.270024487747242
176.16,0,4.58574548639998,0.855870760205694,0.846572313733201,0.655825824931438,0.2708824317867
176.17,0,4.5690942537318,0.855266307159702,0.844513275479545,0.655071351806434,0.269300231086002
176.18,0,4.55264670913586,0.857896120680121,0.844382158010384,0.65519902879347,0.269487647028152
176.19,0,4.53640550540851,0.859661441254774,0.844063767596353,0.652846295424232,0.272737324141863
176.2,0,4.52037323407706,0.856567143835534,0.845703692630991,0.653941988792954,0.269139142385701
176.21,0,4.5045524257155,0.859155132570615,0.84581005420331,0.653952638318293,0.270712508220101
176.22,0,4.48894555029242,0.859495104701308,0.84482369743329,0.650992637995541,0.270542243922744
176.23,0,4.47355501754935,0.859411106889373,0.847290547198528,0.65211573258971,0.270236741039964
176.24,0,4.45838317740865,0.859331728000315,0.845600372670142,0.65459491346105,0.270550898224054
176.25,0,4.44343232040914,0.860543142921566,0.846697692695983,0.653408452729813,0.270977078700317
176.26,0,4.42870467816778,0.862658844758895,0.84467657235245,0.654412370253605,0.269774479576838
176.27,0,4.4142024238663,0.86107228793983,0.843572240021115,0.654176419284273,0.268863059522667
176.28,0,4.39992767276133,0.862128827864456,0.841083566480932,0.653119067081474,0.271376991038389
176.29,0,4.3858824827161,0.86503542232928,0.841768544365571,0.654234254570518,0.269561355662893
176.3,0,4.37206885475261,0.863957392975597,0.845680819111873,0.65313510943073,0.268319146039251
176.31,0,4.35848873362286,0.863398344183216,0.841408754930168,0.655389151900663,0.270013613044894
176.32,0,4.34514400839736,0.86540342400283,0.843720047058601,0.654736076130126,0.269384031765935
176.33,0,4.33203651306968,0.864635809227166,0.84223009468321,0.654928871794391,0.270985546740761
176.34,0,4.31916802717567,0.866546112514631,0.84102627669071,0.657540195756358,0.270196454503042
176.35,0,4.3065402764257,0.866018246287845,0.841695407300975,0.654628463417407,0.270052606859621
176.36,0,4.29415493334866,0.868124210614372,0.840879766570678,0.654690054055485,0.269246580136733
176.37,0,4.28201361794637,0.866897290520066,0.841045251102013,0.652322652563989,0.267121015096969
176.38,0,4.27011789835691,0.864862452112199,0.843515837145309,0.653368895183078,0.271120805074665
176.39,0,4.25846929152542,0.86707919136984,0.839597218026131,0.656292460254219,0.270003338538236
176.4,0,4.24706926388141,0.866969227311129,0.839956905979185,0.657813283960605,0.267799095587155
176.41,0,4.23591923202082,0.865981740560556,0.841502225620513,0.655447831745963,0.271628219808217
176.42,0,4.22502056339174,0.864140302878699,0.840001343147074,0.654914134983048,0.271806578266435
176.43,0,4.21437457698253,0.868951267533754,0.840455001680484,0.65438654958521,0.270704135352327
176.44,0,4.20398254401122,0.867787053192771,0.840067348842408,0.656523406095023,0.271543210613415
176.45,0,4.19384568861441,0.86909934315935,0.842130022057528,0.656440397343324,0.269332567496344
176.46,0,4.18396518853533,0.867550509765038,0.839535313804128,0.65484016989392,0.269905748411078
176.47,0,4.17434217580915,0.86928956763804,0.839285065112256,0.654513956708245,0.272273918460452
176.48,0,4.1649777374447,0.868309506325585,0.839711120241832,0.655310755121215,0.268609066250137
176.49,0,4.15587291610158,0.871396236310454,0.839985279176486,0.65602572073355,0.271386673133834
176.5,0,4.14702871076145,0.869034620971528,0.839982757376347,0.656105136263065,0.269393840891608
176.51,0,4.13844607739236,0.873658086902163,0.839880739656309,0.655481188400907,0.272660051484374
176.52,0,4.13012592960528,0.871537355509804,0.83717573765181,0.656768059292809,0.267723597503954
176.53,0,4.12206913930185,0.874234974026612,0.839334906846359,0.656801938017107,0.27013745816547
176.54,0,4.11427653731212,0.873624971622605,0.841066726714819,0.65395218257596,0.270568123628008
176.55,0,4.10674891402171,0.872065853226251,0.838261369723395,0.656156065113552,0.268861979764923
176.56,0,4.09948701998731,0.869837633108188,0.836753628553307,0.656735226739445,0.267776377249034
176.57,0,4.09249156653964,0.871570580081057,0.839743130896621,0.656613058479265,0.269751818703842
176.58,0,4.08576322637311,0.872633989418155,0.836120130603255,0.657414460873198,0.270401556405354
176.59,0,4.07930263412148,0.871295569204365,0.838803580434576,0.657145424965683,0.269112141775227
176.6,0,4.07311038691857,0.872552654794631,0.838533897572502,0.658982440859947,0.26926270806252
176.61,0,4.0671870449434,0.872932825998348,0.834486312634792,0.658819599279887,0.268684634003364
176.62,0,4.06153313194925,0.874552793842895,0.838160488988844,0.656631679982531,0.266871604861
176.63,0,4.05614913577559,0.874028549969372,0.837148829251635,0.657227878447007,0.272080754335435
176.64,0,4.05103550884274,0.872897153261725,0.837208242285084,0.657619806906587,0.269013521418122
176.65,0,4.04619266862828,0.87440577827261,0.838377077292534,0.657115847478994,0.267827353931154
176.66,0,4.04162099812505,0.876011965446838,0.837535668177157,0.659053253258296,0.271156676779512
176.67,0,4.03732084627983,0.876429494689315,0.836708938693694,0.656316830947959,0.267769027921841
176.68,0,4.03329252841263,0.874004670696013,0.837869944017581,0.657554006391863,0.27101906599838
176.69,0,4.02953632661592,0.876170405378591,0.836645668219726,0.657349507974691,0.270235312416727
176.7,0,4.02605249013349,0.872825033074076,0.834835542448265,0.656109846504988,0.268278873716189
176.71,0,4.02284123571851,0.873823012149523,0.836249128905721,0.655776695464629,0.269546235614471
176.72,0,4.01990274797075,0.873841082974383,0.837159998531351,0.657191011506854,0.270685382019664
176.73,0,4.01723717965218,0.875828679750914,0.837071263652664,0.656856992955995,0.270418762207114
176.74,0,4.01484465198122,0.87461005979909,0.837875347107427,0.658119921148055,0.269548925005152
176.75,0,4.01272525490523,0.874585458791441,0.835793065745341,0.65555555459312,0.267726765575236
176.76,0,4.01087904735091,0.874730005863173,0.834910726631197,0.655059562409771,0.270087112490771
176.77,0,4.0093060574527,0.873675630104314,0.836210372392258,0.655258149852862,0.269735058056077
176.78,0,4.00800628275913,0.877471612062211,0.836846171948923,0.658152061174313,0.271379207669372
176.79,0,4.00688733266178,0.875582830974497,0.835904542342269,0.656664651228523,0.268623705865258
176.8,0,4.00581661639412,0.872984867023057,0.833444923834224,0.659751977162869,0.269195036957184
176.81,0,4.00479412418665,0.874886061467547,0.835605516177239,0.659168395209425,0.270712139188417
176.82,0,4.00381983143658,0.87701889881328,0.83338469461353,0.656364130645612,0.270651812866212
176.83,0,4.00289369873509,0.875928173088758,0.834494388751035,0.656382870956765,0.269196241876499
176.84,0,4.00201567190223,0.876334550838456,0.833565652162876,0.658054184684579,0.268153897707704
176.85,0,4.0011856820295,0.876472626082773,0.836266667148516,0.656053576461991,0.270225127280482
176.86,0,4.00040364553002,0.875998831680123,0.835599763933405,0.654419987820526,0.270228407352788
176.87,0,3.99966946419633,0.875643978002588,0.833658205365303,0.655223570582536,0.272256413944004
176.88,0,3.99898302526576,0.876407581315187,0.834855355057409,0.655050313099243,0.272561185671274
176.89,0,3.99834420149326,0.874589159876784,0.834840091846483,0.654976194973024,0.267660754588006
176.9,0,3.99775285123171,0.876357694175928,0.83299138515391,0.655565508310645,0.269625024901237
176.91,0,3.99720881851968,0.873644189163944,0.834694186128174,0.656687350896912,0.270693199037069
176.92,0,3.99671193317643,0.875921202252559,0.834013479607759,0.658174489758719,0.271906389808105
176.93,0,3.99626201090426,0.874116809506664,0.834437569589855,0.657564048378687,0.268963477047536
176.94,0,3.99585885339796,0.873217997854285,0.832176138425642,0.655317519492915,0.268953319404122
176.95,0,3.99550224846146,0.877803196991322,0.836451222205505,0.654660022312982,0.271299282581521
176.96,0,3.99519197013141,0.875393834810895,0.833872171779439,0.65516552889057,0.269188878256724
176.97,0,3.99492777880773,0.87519541190057,0.832403345388854,0.656735318965427,0.269318459676984
176.98,0,4.00246844014366,0.873542986879593,0.833919996994065,0.655060451796072,0.268584104441671
176.99,0,4.01883312767008,0.875875435387474,0.834427265858005,0.654342374039307,0.270060208105567
177,0,4.02611528943336,0.874234536155645,0.833840118200402,0.656912671372854,0.272082449473434
177.01,0,4.03141083043119,0.872758253729713,0.835622195419777,0.654591144169471,0.270200988463274
177.02,0,4.03661431623689,0.873398823540835,0.834448971114436,0.656398779045796,0.271955701650818
177.03,0,4.04203391896029,0.874919937969254,0.833492385927428,0.654133181630347,0.269458576161058
177.04,0,4.04770960027642,0.870873518100621,0.833439123907191,0.655993381864457,0.274509972019149
177.05,0,4.05364514722875,0.874442001622132,0.834548309893434,0.654857369566471,0.26712672563683
177.06,0,4.05984014993533,0.871658913206597,0.831359978162549,0.655320977623081,0.268014916308675
177.07,0,4.06629375376826,0.870889193902446,0.836163016485552,0.656808616478452,0.269461941662396
177.08,0,4.07300503760959,0.869765102804616,0.832162727169433,0.655119233906691,0.270762589713396
177.09,0,4.07997304485573,0.870335617592353,0.831003212020671,0.656286968699576,0.271355239647677
177.1,0,4.08719678478282,0.870278477161598,0.83292031632695,0.656110391323825,0.270711742203951
177.11,0,4.09467523215219,0.872279223933503,0.835444042750553,0.656785528588959,0.269148219189305
177.12,0,4.10240732682613,0.870103637011366,0.830613532410085,0.655027306897769,0.269728190886227
177.13,0,4.11039197340571,0.868957648839779,0.832734821401295,0.65519742332794,0.268530028534224
177.14,0,4.11862804087116,0.869948931217648,0.833527141482033,0.653723711555381,0.271404875289765
177.15,0,4.12711436222096,0.868078713547793,0.832699959270124,0.653841957939534,0.269754409111254
177.16,0,4.13584973411027,0.869194607172585,0.832250341839276,0.654254450960326,0.271170618978426
177.17,0,4.14483291648949,0.86814638923396,0.831038025111898,0.652512565863367,0.271516174038858
177.18,0,4.15406263224422,0.868420980286993,0.829327230255191,0.65163826275686,0.2696241897889
177.19,0,4.16353756683756,0.866465720982592,0.832408211484066,0.655088676924595,0.271922402825303
177.2,0,4.17325636795614,0.865883205204424,0.832266297960015,0.65268091623295,0.2706535084669
177.21,0,4.18321764516079,0.868729744121523,0.831853436412755,0.653350271648947,0.269896447912156
177.22,0,4.19341996954315,0.867551595815337,0.83056585001768,0.652376418284663,0.267717423622014
177.23,0,4.2038618733894,0.866427498246352,0.83413026390015,0.652670358756767,0.270075261152883
177.24,0,4.21454184985229,0.864254295880354,0.832495204990323,0.654457047968842,0.267528574226945
177.25,0,4.22545835263264,0.864132412791117,0.829767339449871,0.652784898963048,0.270700111114346
177.26,0,4.23660979567158,0.864083478998535,0.831847615687028,0.65402756500878,0.267338999228574
177.27,0,4.24799455285472,0.864444467636411,0.83269483927998,0.652553913792876,0.270340902243094
177.28,0,4.25961095772942,0.86322704111436,0.832977145942746,0.651642989272552,0.270250032327706
177.29,0,4.27145730323654,0.860674463252044,0.831562340448835,0.649902487723604,0.268709957412246
177.3,0,4.28353184145772,0.864855020969766,0.831805340244635,0.651825259149455,0.27187390989079
177.31,0,4.29583278337951,0.861943267593436,0.830790443882965,0.653484366101334,0.270337504499086
177.32,0,4.30835829867564,0.860637966886198,0.830130331896096,0.652373690533895,0.269719816632626
177.33,0,4.32110651550855,0.860690821832477,0.829244172454538,0.651477634023057,0.27100752563523
177.34,0,4.33407552035144,0.860332999224566,0.830875488589271,0.651530948722962,0.270582814333792
177.35,0,4.34726335783206,0.860897589793651,0.832522009730192,0.651670803120823,0.270135660754526
177.36,0,4.36066803059952,0.857490146006994,0.832493143050436,0.651563627254221,0.266667518009746
177.37,0,4.3742874992152,0.856538692459702,0.831520698061504,0.652547724933477,0.270213707169568
177.38,0,4.388119682069,0.857470958161612,0.831563336635751,0.652642355783627,0.270075262925505
177.39,0,4.40216245532224,0.856239970943541,0.831386085396774,0.650826209816135,0.269945250691829
177.4,0,4.41641365287806,0.855438031663744,0.829662678734928,0.653533713774608,0.269931604819253
177.41,0,4.43087106638085,0.856359994858686,0.832956121410795,0.651131583630701,0.272251293872499
177.42,0,4.44553244524555,0.856703963011751,0.832358368613235,0.652834431737373,0.26792058172365
177.43,0,4.46039549671805,0.856688564762185,0.83152529440295,0.648732695942329,0.26948738876901
177.44,0,4.47545788596771,0.853820480695519,0.830587551980739,0.652189962545612,0.270701069318817
177.45,0,4.49071723621327,0.85408498454798,0.830782125365799,0.650394957528492,0.269323248426478
177.46,0,4.50617112888283,0.855301149634648,0.830238930203602,0.652231517055944,0.269529820098448
177.47,0,4.52181710380915,0.853156673430699,0.833108326765698,0.652476742989383,0.269398050401914
177.48,0,4.53765265946137,0.850345458970172,0.831451045585386,0.649304721179417,0.269354844383416
177.49,0,4.55367525321371,0.853312000572939,0.833933046671543,0.648231908102143,0.270784253568918
177.5,0,4.56988230165237,0.850090363104844,0.829806494825327,0.649968675932344,0.268742943121795
177.51,0,4.58627118092147,0.850108273853686,0.83154067589454,0.649194439155535,0.269951678976923
177.52,0,4.60283922710878,0.849245257327234,0.827580508757862,0.649905793274001,0.27033598913345
177.53,0,4.61958373667206,0.847191123801905,0.831080423470129,0.649042284417246,0.271252876877909
177.54,0,4.63650196690682,0.848777234710345,0.831837683009612,0.648425650929966,0.268517601360728
177.55,0,4.6535911364562,0.846658727777624,0.830311554617465,0.650134895617137,0.270015080512644
177.56,0,4.67084842586363,0.848391360868911,0.832807951356033,0.646291981232076,0.268736535480995
177.57,0,4.68827097816884,0.844296233619924,0.832604565684989,0.64921024400207,0.271721299122567
177.58,0,4.70585589954797,0.843779846290831,0.83094511045542,0.648485891514953,0.267486262914753
177.59,0,4.72360025999807,0.84565923015827,0.831317873736547,0.649979418044965,0.268683552397992
177.6,0,4.74150109406665,0.844586171101509,0.82997274658908,0.647763045757466,0.267991856843341
177.61,0,4.75955540162667,0.842592242214113,0.830843880695484,0.64895886081959,0.269034345689697
177.62,0,4.77776014869723,0.842243989178665,0.830510523180891,0.646985476040185,0.267690541504327
177.63,0,4.79611226831039,0.844864992660075,0.831735717307196,0.64783973723788,0.27217260267368
177.64,0,4.81460866142437,0.840489066719434,0.830763822324185,0.647994195296125,0.269389409560408
177.65,0,4.83324619788324,0.839860733389094,0.834449025608114,0.650178803900151,0.270989012033548
177.66,0,4.85202171742325,0.84043379091137,0.831831973068402,0.64974789195576,0.267400150565285
177.67,0,4.87093203072606,0.841639397295504,0.82914944179663,0.648837749879898,0.270464439186956
177.68,0,4.88997392051853,0.836630138550216,0.831941146042255,0.648040139480747,0.271524381086902
177.69,0,4.90914414271934,0.836287793218217,0.833118584201152,0.647642580790257,0.268859992830615
177.7,0,4.92843942763225,0.83989466796426,0.831408137434736,0.645759748325521,0.270485452088646
177.71,0,4.94785648118565,0.834294788322905,0.830822255167219,0.648280809537877,0.268425981939349
177.72,0,4.9673919862183,0.835717813148553,0.832198942258458,0.649439131062717,0.270885573111928
177.73,0,4.98704260381101,0.836230903668279,0.830322963855827,0.6489395198685,0.26901842791853
177.74,0,5.00680497466378,0.837081044670087,0.831015231901768,0.648866945767864,0.270745923869559
177.75,0,5.02667572051778,0.834415457849383,0.831933419882264,0.648337032794785,0.270017970580334
177.76,0,5.04665144562211,0.835253390048138,0.830813185473942,0.647474110761646,0.271883086837883
177.77,0,5.0667287382444,0.832073135847373,0.834779642806962,0.645820610793285,0.27187195306361
177.78,0,5.08690417222452,0.830315908389999,0.831032610078454,0.648664879792444,0.266645371995889
177.79,0,5.1071743085711,0.830719573249726,0.832652902214859,0.646133011785048,0.269992814723523
177.8,0,5.12753569709974,0.832985303800125,0.833077115453437,0.645843499352389,0.269537414293702
177.81,0,5.14798487811202,0.83190797732909,0.830644227417792,0.644481724612415,0.268279435039621
177.82,0,5.16851838411471,0.830012934639764,0.832511658085522,0.646287870783189,0.270935145425166
177.83,0,5.1891327415779,0.827444374896249,0.832129261228928,0.644182745137898,0.270555150535787
177.84,0,5.20982447273107,0.82968422745436,0.828370933195423,0.645315309298255,0.268877458960764
177.85,0,5.23059009739611,0.827597340704725,0.831077841859248,0.643439273234791,0.269475453455602
177.86,0,5.25142613485595,0.825077214526913,0.834154400719108,0.645232988432106,0.271033038479126
177.87,0,5.27232910575761,0.82579016808026,0.834146295741669,0.645583845319474,0.271277414411194
177.88,0,5.29329553404837,0.823709117044799,0.833719761347298,0.645890194641137,0.270921410478419
177.89,0,5.31432194894385,0.823489006366133,0.832083638290666,0.646114979349264,0.267208796037199
177.9,0,5.33540488692621,0.823003406399912,0.835583655176687,0.644628093678057,0.269608045547866
177.91,0,5.3565408937713,0.821949457742637,0.833692668189286,0.644995702200091,0.270329403399861
177.92,0,5.37772652660327,0.821699701302627,0.83470968995641,0.643511546423873,0.267836573081492
177.93,0,5.39895835597471,0.821789409139474,0.831628145115988,0.641986279167874,0.271724653034757
177.94,0,5.42023296797091,0.819645142984245,0.831203257358233,0.644761675757066,0.268225741224573
177.95,0,5.4415469663367,0.820180059904343,0.832629595438129,0.642177976792072,0.269194459494876
177.96,0,5.46289697462378,0.818287536857157,0.834498746396442,0.643199530904473,0.269817325843533
177.97,0,5.48427963835694,0.81521281453781,0.831056668862835,0.644950657298462,0.271625454056969
177.98,0,5.50569162721743,0.817163626437463,0.833659429950429,0.644081261195051,0.269120711034836
177.99,0,5.52712963724146,0.818152019229072,0.833038304087465,0.643615751965613,0.271589428938596
178,0,5.54859039303187,0.816829999388768,0.833766534512381,0.642693106816,0.27055576930498
178.01,0,5.57007064998136,0.814636946506359,0.835220308190754,0.642261842687106,0.271850444142241
178.02,0,5.59156719650491,0.813318682233182,0.834011617462475,0.643087362199148,0.268299629835434
178.03,0,5.61307685627956,0.814785906605259,0.833191749747573,0.645736574484536,0.269828457071824
178.04,0,5.63459649048963,0.812119447863544,0.831358659540335,0.642911535600602,0.270096112053934
178.05,0,5.65612300007515,0.811562517104901,0.8330698781814,0.643950461427492,0.26896011043034
178.06,0,5.67765332798142,0.810003107182262,0.834355696519118,0.644018407067584,0.269250807755724
178.07,0,5.69918446140783,0.813409342471418,0.831952117450286,0.641784199490466,0.270483744179697
178.08,0,5.72071343405356,0.810751699520731,0.832752118807248,0.641748444086443,0.269668942404255
178.09,0,5.74223732835819,0.804377775217803,0.83514918379628,0.644524216118472,0.271543183254122
178.1,0,5.76375327773506,0.808990713838364,0.836068797334477,0.645034039139416,0.268995659410665
178.11,0,5.78525846879538,0.809046392703811,0.835064076509883,0.643027030098273,0.270738293296179
178.12,0,5.8067501435606,0.805639472123387,0.833498152300544,0.641951564124643,0.268745441415553
178.13,0,5.82822560166133,0.806510560166656,0.832581448290805,0.644074247393984,0.270823116472534
178.14,0,5.84968220252047,0.805889559548219,0.835946413520541,0.6434626828758,0.269979168873941
178.15,0,5.87111736751843,0.806477639359702,0.836417140622909,0.641956159427203,0.271441485791269
178.16,0,5.89252858213834,0.807241277706044,0.83576645341292,0.643757203549246,0.270014651486132
178.17,0,5.91391339808933,0.805646807284962,0.833557374928762,0.642583017590927,0.26868732644252
178.18,0,5.93526943540556,0.803241391010387,0.835889998932599,0.64262082585747,0.272436002437635
178.19,0,5.95659438451905,0.803183658137335,0.833550046249244,0.642211963100224,0.268512073304124
178.2,0,5.97788600830449,0.799950709957012,0.836067392807977,0.643307172646869,0.267858310153383
178.21,0,5.99914214409363,0.802167209589984,0.834760790265403,0.641723538671439,0.269739247444264
178.22,0,6.02036070565768,0.803014543759094,0.832016561181339,0.644326519620599,0.270980473275119
178.23,0,6.04153968515562,0.803027531742174,0.837515153799108,0.64172005482785,0.270089694020918
178.24,0,6.06267715504654,0.800473636710483,0.837070052352092,0.64419506949919,0.269510167772252
178.25,0,6.08377126996408,0.800213742450434,0.836186127996689,0.643206829856596,0.271223405030419
178.26,0,6.10482026855146,0.800019508786361,0.837875875734959,0.640968640081341,0.270419902177934
178.27,0,6.12582247525506,0.796035055162381,0.836503704586628,0.642188365744092,0.268792538440019
178.28,0,6.14677630207486,0.799836747116136,0.834834732271268,0.64094041405614,0.268175696843063
178.29,0,6.16768025027036,0.797975380901679,0.837617707474658,0.643138571568548,0.269144683334206
178.3,0,6.18853291202013,0.795708005019682,0.8350814730069,0.646577667458735,0.269310925651425
178.31,0,6.20933297203345,0.798145091057139,0.835757109366456,0.642483694703757,0.270743287008113
178.32,0,6.23007920911275,0.794186423715997,0.836459742799366,0.64139247099025,0.269045779616576
178.33,0,6.25077049766539,0.795438168508836,0.838230044509974,0.642050329673273,0.268882373624638
178.34,0,6.27140580916315,0.793064829984311,0.83914622442989,0.645213136539408,0.270597320040759
178.35,0,6.29198421354863,0.794725818586547,0.835817969084593,0.64208167840749,0.269566045602539
178.36,0,6.31250488058702,0.791878536794858,0.837802408345049,0.644736981044018,0.269306869433629
178.37,0,6.33296708116207,0.793117805586959,0.840916495929811,0.641543028795388,0.267311230868608
178.38,0,6.35337018851545,0.793124540877666,0.837375290029307,0.643639314969593,0.269894113663285
178.39,0,6.37371367942831,0.791983590039413,0.838315294278417,0.644850297602757,0.271539338142312
178.4,0,6.39399713534415,0.787612898100454,0.837637333719157,0.641416932795939,0.269574834829875
178.41,0,6.41422024343215,0.789946836597932,0.839110929863438,0.64376897307286,0.268678775270619
178.42,0,6.43438279759032,0.789693764007115,0.83684709674635,0.643825386289331,0.271231943390257
178.43,0,6.45448469938761,0.790106215270995,0.837827712988042,0.641490230965387,0.269437991250478
178.44,0,6.47452595894441,0.787992263878774,0.839021481435725,0.641910757909297,0.268698713566671
178.45,0,6.4945066957511,0.787703578037934,0.838519269674903,0.644045811821766,0.270112607357445
178.46,0,6.51442713942392,0.788466708422323,0.836924889649175,0.645600762818879,0.270325526530168
178.47,0,6.53428763039788,0.78517096021389,0.837755694558825,0.644068835211546,0.269396542780404
178.48,0,6.55408862055668,0.786318558711386,0.839742771620046,0.643734747046547,0.269478039977715
178.49,0,6.57383067379903,0.785149730485616,0.840026497425405,0.642615682483707,0.266510841619612
178.5,0,6.5935144665414,0.786551984886092,0.838530345094114,0.644333428152753,0.268877513764288
178.51,0,6.61314078815742,0.784844758547413,0.83798918298652,0.644048101545883,0.270156818476513
178.52,0,6.63271054135349,0.783507617750266,0.838982363885429,0.644979693498282,0.268268901913254
178.53,0,6.65222474248104,0.785684818690797,0.838529196977214,0.643195675732896,0.269985193702057
178.54,0,6.67168452178549,0.782868690832247,0.839988988697598,0.646148467875078,0.270327400447707
178.55,0,6.6910911235924,0.783767038008995,0.840940999437584,0.643615070937085,0.271308230710315
178.56,0,6.71044590643059,0.781849340616798,0.843216949002391,0.644617552246595,0.270462619212416
178.57,0,6.72975034309342,0.780993842573743,0.842007806063416,0.644450754105147,0.267757997978467
178.58,0,6.74900602063812,0.782511730559564,0.841733380851095,0.645924758947148,0.26926216787332
178.59,0,6.76821464032387,0.779097799801205,0.842090725779442,0.642897774154604,0.270134819228501
178.6,0,6.7873780174895,0.779078507446008,0.839221313729464,0.64327338219802,0.271812008931158
178.61,0,6.80649808137113,0.780223994412196,0.842392925602047,0.642747245666686,0.270202811174868
178.62,0,6.82557687486085,0.777222302494711,0.84132462766797,0.646082541627599,0.26922302653877
178.63,0,6.84461655420696,0.776747099771534,0.843046164715839,0.644606785752117,0.269211415983979
178.64,0,6.863619388657,0.779778533449712,0.840863219882987,0.642967018919001,0.271619279830363
178.65,0,6.88258776004411,0.776929705959144,0.842479965263384,0.644647042902152,0.270611808857975
178.66,0,6.90152416231812,0.775997315180275,0.843065382366935,0.644555473021958,0.270439091671606
178.67,0,6.92043120102214,0.775316870534314,0.841746600438483,0.645263795023827,0.266949478897953
178.68,0,6.93931159271591,0.775801789208045,0.842881811037463,0.643303050082314,0.272198795688536
178.69,0,6.95816816434696,0.774293590372676,0.844719502331881,0.646752319014316,0.26976524278694
178.7,0,6.97700385257092,0.774227732458121,0.84276144262952,0.64680646085912,0.269850756218803
178.71,0,6.99582170302211,0.776805404477759,0.844259992501649,0.645763681078362,0.271219619524888
178.72,0,7.01462486953572,0.774030041281008,0.844742050983142,0.642921878340682,0.269901638278082
178.73,0,7.03341661332298,0.774504653485343,0.843704584444025,0.644533980723268,0.270143608755879
178.74,0,7.05220030210055,0.77200495354664,0.845646989354817,0.645114109243701,0.269042224098244
178.75,0,7.07097940917569,0.772403387336906,0.841881598946681,0.642760097347795,0.270771421791922
178.76,0,7.08975751248841,0.774124753002767,0.841911645231719,0.645530976885261,0.271008210683653
178.77,0,7.10853829361237,0.770581274739226,0.843639302809203,0.644874909291095,0.269780168091186
178.78,0,7.12732553671557,0.771389941026086,0.846152233651945,0.645712282974646,0.272432209714047
178.79,0,7.14612312748276,0.772787422003266,0.846369462190646,0.645839775865709,0.270884024045986
178.8,0,7.1649350520007,0.767555649993632,0.845812852699826,0.645223881691337,0.271547757831508
178.81,0,7.18376539560814,0.771352250660967,0.84588929554979,0.646648886525865,0.268787403121598
178.82,0,7.2026183417116,0.769764376779631,0.847198726386098,0.647090222269386,0.268602494490875
178.83,0,7.22149817056908,0.767522090451956,0.84436283858138,0.648272229016186,0.269380810283139
178.84,0,7.24040925804258,0.767932520743036,0.843340168610561,0.64695298616598,0.26834663878443
178.85,0,7.25935607432151,0.767563049966662,0.848665228725754,0.649572156361789,0.269782309015406
178.86,0,7.27834318261822,0.767575466325209,0.84652929181965,0.646529950787883,0.270860434992121
178.87,0,7.29737523783726,0.763172149838477,0.849084310973834,0.648250173567234,0.269335722727958
178.88,0,7.31645698521991,0.764328226893248,0.844935792201554,0.647027164225136,0.268962363822496
178.89,0,7.33559325896552,0.765616547253081,0.84736298266081,0.647107341502981,0.269437909930519
178.9,0,7.35478898083104,0.764132704024295,0.846175018524182,0.64883516053613,0.269667918998206
178.91,0,7.37404915871023,0.764726088660546,0.850211486567809,0.645934754474718,0.272330819502086
178.92,0,7.39337888519433,0.761583491580323,0.849763400879125,0.647018469294532,0.270422570764059
178.93,0,7.41278333611496,0.763494499335032,0.849133994912203,0.648550248051205,0.267519486778485
178.94,0,7.43226776907136,0.762881100639162,0.847213457691149,0.647779694046538,0.268826727056432
178.95,0,7.4518375219429,0.763700624681312,0.850148017434254,0.645425835139537,0.270606032826221
178.96,0,7.47149801138835,0.764365938384252,0.84776487709751,0.647899479991867,0.266796406393663
178.97,0,7.49125473133328,0.758900632096168,0.851944668977093,0.650718429413061,0.269540011313682
178.98,0,7.51111325144667,0.760677663718231,0.849106236887065,0.649013523836448,0.270352506099318
178.99,0,7.53107921560833,0.761052393099002,0.849720001828529,0.649678562619925,0.269732037000194
179,0,7.55115834036778,0.757009424408568,0.849203031471932,0.647993792557814,0.269384190978626
179.01,0,7.57135641339637,0.759858848437968,0.850115433938511,0.648787767415907,0.269126596156502
179.02,0,7.59167929193332,0.758051841154672,0.850030520149031,0.649644947021027,0.269391205077971
179.03,0,7.6121329012268,0.757923678126359,0.849975494608415,0.650459748270892,0.269466616513553
179.04,0,7.63272323297119,0.758989762316225,0.849884805278982,0.649731611260442,0.27005680526041
179.05,0,7.65345634374163,0.757697178672398,0.852522955754328,0.649577682297033,0.271217708362109
179.06,0,7.67433835342613,0.757132799335847,0.850934862381755,0.649765766502582,0.267755594476065
179.07,0,7.69537544365702,0.757792306574382,0.850165356532173,0.649511002666572,0.270095685926622
179.08,0,7.7165738562418,0.757934391338763,0.850509295519165,0.649092807067113,0.270148135950969
179.09,0,7.73793989159444,0.755140933162668,0.851269090039576,0.64962199657482,0.269621309708771
179.1,0,7.75947990716791,0.755368998285332,0.851395265898553,0.650474939327138,0.270146230642304
179.11,0,7.78120031588832,0.752809905718277,0.852610012519241,0.652871141866122,0.268642793798304
179.12,0,7.80310758459153,0.755762482415738,0.852201764383014,0.649877930177721,0.270435867585652
179.13,0,7.82520823246242,0.752214479456628,0.854054683700281,0.653234478346175,0.268160755981838
179.14,0,7.84750882947775,0.750627978767638,0.85392210584256,0.652059816875485,0.267495953415358
179.15,0,7.87001599485229,0.751549786621281,0.85432801401099,0.653075449997364,0.269165841351369
179.16,0,7.89273639548944,0.749104798178244,0.852229000463818,0.651951253655478,0.267588962858808
179.17,0,7.91567674443573,0.753290360650934,0.853090057311894,0.650378576510836,0.267068574585718
179.18,0,7.93884379934014,0.750637166339627,0.853528048950019,0.651896121433232,0.271006429729081
179.19,0,7.96224436091779,0.750362305553415,0.852892035256304,0.652493174590875,0.268944395860991
179.2,0,7.98588527141859,0.751158207444371,0.853251272875844,0.652784101299516,0.267464136485343
179.21,0,8.00977341310049,0.750020012563866,0.854764400132345,0.651907021007748,0.269601957615704
179.22,0,8.03391570670735,0.747633252072494,0.853573000683536,0.65230459483091,0.268202609765842
179.23,0,8.05831910995168,0.748779946908872,0.856443290028342,0.652399460313961,0.271546106853667
179.24,0,8.08299061600144,0.746505264073899,0.855271365564309,0.649729405014267,0.268098500888231
179.25,0,8.10793725197128,0.747316165850741,0.855592189626248,0.651230004402442,0.26959136734458
179.26,0,8.13316607741745,0.747095067989755,0.855956070175574,0.652432093218981,0.269319712659626
179.27,0,8.15868418283659,0.746064932013406,0.856180732818295,0.651373903592517,0.269828342939891
179.28,0,8.1844986881671,0.745515306442726,0.85827765005103,0.650892314134311,0.269860604688062
179.29,0,8.21061674129374,0.745986692635528,0.856128627097218,0.65263035827919,0.272150277563927
179.3,0,8.23704551655389,0.742748937040256,0.854415726342565,0.651426481555908,0.269330874048565
179.31,0,8.26379221324553,0.744810481696659,0.857878757277122,0.652419470474812,0.272495020891827
179.32,0,8.290864054136,0.743279493268973,0.854180974867809,0.651689455445161,0.271438969735249
179.33,0,8.31826828397106,0.745229280312396,0.858099661450932,0.652501068379349,0.268585626898815
179.34,0,8.3460121679832,0.739784213581116,0.857445523464972,0.653365626810804,0.270479829397375
179.35,0,8.37410299039865,0.740502224383526,0.859152060026245,0.652732914335302,0.267553131266384
179.36,0,8.40254805294213,0.74125775828284,0.8589395248634,0.652374106113061,0.270642823107866
179.37,0,8.43135467333836,0.739263938275205,0.8601022365766,0.655332858544675,0.269830717298037
179.38,0,8.46053018380948,0.741261856230445,0.858109217333425,0.655286302753557,0.270653363093079
179.39,0,8.49008192956743,0.737643635257995,0.857898886823333,0.653879785712548,0.271418572215474
179.4,0,8.52001726729999,0.739326522326707,0.857979425748908,0.652029100693477,0.269554219776362
179.41,0,8.55034356364958,0.738215389473308,0.860414986682946,0.653756685293197,0.270450065042038
179.42,0,8.58106819368382,0.736714056573471,0.858305612452535,0.652559415585643,0.26922552717937
179.43,0,8.61219853935629,0.736535273024831,0.860147430295994,0.653022654364541,0.270140489138707
179.44,0,8.64374198795651,0.73485941377544,0.860500654012399,0.654932551510498,0.269412256480512
179.45,0,8.67570593054816,0.735220107644782,0.857334279254539,0.655403129924541,0.272729217606109
179.46,0,8.70809776039359,0.735040171384224,0.862184520422095,0.656207664388344,0.269722347899488
179.47,0,8.74092487136397,0.732914091337833,0.862736157827314,0.65676765278986,0.270804452402736
179.48,0,8.77419465633335,0.732445483710548,0.860598680845137,0.65602497245729,0.269889903809078
179.49,0,8.80791450555558,0.730682582729132,0.859100746749544,0.655195399365108,0.271825438483451
179.5,0,8.84209180502208,0.729728028100028,0.86021898855939,0.654922130938474,0.271620374513652
179.51,0,8.87673393480003,0.728249832618124,0.859097588552238,0.654787848828711,0.268775441746639
179.52,0,8.91184826734862,0.731690179307916,0.862182671187145,0.657274260403635,0.270491438557214
179.53,0,8.94744216581237,0.732164307563441,0.862239434476033,0.658348355707839,0.271367613916847
179.54,0,8.98352298229002,0.727056785390147,0.861380183271766,0.656355973238179,0.270096314971549
179.55,0,9.02009805607762,0.727895990247801,0.860065227389754,0.658317087169427,0.270518348394293
179.56,0,9.05717471188381,0.727051083538203,0.863557658524428,0.65552451811432,0.268844196534095
179.57,0,9.0947602580166,0.725116258761995,0.861346365043638,0.65630238200853,0.272752164616371
179.58,0,9.13286198453959,0.727488555750482,0.865934428872089,0.654011857200673,0.27268070373138
179.59,0,9.17148716139622,0.724154748027867,0.863865635565426,0.655032382547454,0.269643346602846
179.6,0,9.21064303650075,0.723841188462404,0.864052970947823,0.656620316148043,0.270692983761678
179.61,0,9.25033683379442,0.724127578298153,0.866490696910182,0.65681680047115,0.270195193120167
179.62,0,9.29057575126515,0.724498770530603,0.86525588655059,0.654436190452932,0.270323129719105
179.63,0,9.33136695892946,0.725602801826478,0.866761148720662,0.656712806664405,0.267602463460369
179.64,0,9.37271759677538,0.722873858523536,0.865251029513343,0.65503462431012,0.270534794561443
179.65,0,9.41463477266432,0.720284755208802,0.864654348245804,0.655471353114036,0.270237856800908
179.66,0,9.457125560191,0.721094901530417,0.865817232623272,0.659648875019,0.268701170536418
179.67,0,9.50019699650017,0.717798920178169,0.863066241409691,0.656217281798143,0.268539979089611
179.68,0,9.54385608005809,0.719272466936317,0.867340438252677,0.657904590619863,0.268846646409322
179.69,0,9.58810976837793,0.71516238393946,0.866932973365922,0.657076243085756,0.271290607182851
179.7,0,9.63296497569803,0.717202630190657,0.864873022950926,0.658713820675679,0.270101829008583
179.71,0,9.67842857061106,0.715030892781726,0.867898470316432,0.656618999030449,0.27207013287751
179.72,0,9.72450737364327,0.715985365182518,0.866077424857717,0.654728192454641,0.267338070589226
179.73,0,9.77120815478292,0.716631085199196,0.868204381063156,0.653459826457403,0.269954519013748
179.74,0,9.81853763095615,0.712061636007556,0.867322386699258,0.658466696150698,0.26999472554698
179.75,0,9.86650246344955,0.712105767180391,0.868747402700336,0.657188790703972,0.270413329698067
179.76,0,9.91510925527847,0.713542613473679,0.871378549295582,0.655090475311356,0.267046121672417
179.77,0,9.96436454850006,0.709429402444149,0.8672146069173,0.658982482236991,0.271336646381309
179.78,0,10.0142748214695,0.708067441313105,0.870155175560292,0.65935495438659,0.27123029049449
179.79,0,10.0648464860402,0.707590294833372,0.86933743995487,0.655838276291214,0.271337482153814
179.8,0,10.1160858847048,0.706317004492605,0.869788287494828,0.654993967220357,0.270319556319497
179.81,0,10.1679992876786,0.706704057791494,0.86965890542098,0.656418165386405,0.271028397723659
179.82,0,10.2205928899232,0.706267760869326,0.870519173154764,0.656453966499328,0.269628052295643
179.83,0,10.2738728081106,0.704725595759089,0.870010756488694,0.65520085785129,0.270633163071069
179.84,0,10.3278450775269,0.704352677662872,0.873419465916487,0.658279306360508,0.267054824137415
179.85,0,10.382515648915,0.703330210990369,0.872901678481543,0.65901534228625,0.270243840323396
179.86,0,10.437890385257,0.701647274086459,0.872047408283221,0.658354076641892,0.272117751155641
179.87,0,10.4939750584946,0.700742576966195,0.870837783856732,0.656867030229771,0.273044206728013
179.88,0,10.5507753461886,0.698871153171429,0.871871042325451,0.657429820906804,0.268355643281327
179.89,0,10.6077245075915,0.699695035572883,0.871830629874821,0.656771245454568,0.269470797939092
179.9,0,10.6642904583544,0.700049392475753,0.8752874388167,0.656300699404165,0.268320974409059
179.91,0,10.7212506841111,0.697750435461316,0.872205197525853,0.656747525586633,0.269005715437376
179.92,0,10.7788571068664,0.695678020958157,0.873284163167587,0.657186545078217,0.26722094827396
179.93,0,10.8371608162781,0.692706575964083,0.872502741257473,0.656745439656,0.270005417467149
179.94,0,10.8961737131788,0.693960670008222,0.871336713459515,0.656037245400573,0.270182277869832
179.95,0,10.955901268087,0.694043944753635,0.874858401862307,0.6583205938077,0.271076312158111
179.96,0,11.0163478985459,0.691807425624301,0.872814891950394,0.657514715990881,0.272881469852315
179.97,0,11.077517765443,0.691285652038013,0.877276524422764,0.6582668420339,0.270051804191433
179.98,0,11.1394148814153,0.690692903666314,0.876427769587318,0.657950808481174,0.270076072850272
179.99,0,11.2020431222268,0.690981892102188,0.875483157178981,0.657333833461525,0.268671508712012
180,0.85,11.265406224988,0.690228422657783,0.878143457132588,0.65385827409659,0.267582494578332
180.01,0.85,11.3295077846124,0.688656466237956,0.875474405499707,0.656425457229749,0.270850541076355
180.02,0.85,11.3943512500095,0.687819631840591,0.875420601505873,0.654656757844102,0.26948370281796
180.03,0.85,11.4599399202099,0.684487074584548,0.877531234374025,0.656274766064203,0.26869664078254
180.04,0.85,11.5262769404486,0.684953156260432,0.876328279427303,0.657963239180516,0.272765552339858
180.05,0.85,11.5933652982104,0.683956004854431,0.876760144497849,0.654563916266078,0.271730733551315
180.06,0.85,11.6612078192412,0.68026397464609,0.874514862437721,0.65627397648924,0.268371323926266
180.07,0.85,11.729807163526,0.681879002585259,0.872649370242184,0.657828318207982,0.272272042453324
180.08,0.85,11.7991658212373,0.678173466116867,0.877466246653845,0.657571163645892,0.272614757119474
180.09,0.85,11.8692861086548,0.682363366184429,0.875618150516217,0.655877920798857,0.270129160409359
180.1,0.85,11.9401701640604,0.679482903335581,0.876251356878765,0.655327170100036,0.269930142530044
180.11,0.85,12.0118199436105,0.676771163486535,0.877420216553455,0.655660475974814,0.271797223064357
180.12,0.85,12.0842372171883,0.675174166508237,0.875861395405813,0.654995774436179,0.269010855074296
180.13,0.85,12.157423564239,0.676113654641418,0.87762305656653,0.652912602669818,0.271877366731473
180.14,0.85,12.2313803695917,0.672840085632715,0.881814146394485,0.65625271961644,0.269162415508402
180.15,0.85,12.306108819271,0.672605590682728,0.879699827980809,0.654392815694809,0.270586273543178
180.16,0.85,12.3816098963001,0.67357782758266,0.877686692767234,0.655744489582881,0.268189815484249
180.17,0.85,12.4578843765022,0.669360304416212,0.881812868804002,0.655039539959078,0.26893711150867
180.18,0.85,12.5349328243003,0.66987865924799,0.87933956542848,0.655671644788236,0.272211911772399
180.19,0.85,12.6127555885209,0.668718434615764,0.880111689459375,0.657050273551322,0.272354166794911
180.2,0.85,12.6913527982066,0.66665380428592,0.881291587809822,0.653503746730383,0.269870457106032
180.21,0.85,12.7707243584384,0.665631621173961,0.882919085677732,0.655334252279993,0.270808398620533
180.22,0.85,12.8508699461753,0.666686151754744,0.88158083994736,0.653893473797626,0.271128882414265
180.23,0.85,12.9317890061135,0.664253122603228,0.879917470853408,0.654561251159533,0.268983582951235
180.24,0.85,13.0134807465698,0.661872397344231,0.882052622880515,0.653948989795517,0.270270284162839
180.25,0.85,13.0959441353938,0.662253495060266,0.881088837689639,0.653534245953134,0.270951060994391
180.26,0.85,13.1791778959145,0.662550704143943,0.883425070088504,0.65821068943159,0.271591698950313
180.27,0.85,13.2631805029248,0.660195590820448,0.879375642142075,0.656075816660568,0.269545214346883
180.28,0.85,13.3479501787086,0.659531437464709,0.88443583601671,0.654286575591605,0.268568138196497
180.29,0.85,13.4334848891173,0.65930384018543,0.883707585008684,0.652595309650274,0.271786173128205
180.3,0.85,13.5197823396983,0.655074552438218,0.88382823662967,0.654938888221509,0.269894753810791
180.31,0.85,13.6068399718826,0.654942367560931,0.884169567593911,0.652689470084371,0.271663752078986
180.32,0.85,13.6946549592361,0.65300023240938,0.882828959326872,0.652320778475519,0.269741459670099
180.33,0.85,13.7832242037794,0.653310665650044,0.881980025594457,0.65200257981483,0.271292837804701
180.34,0.85,13.8725443323826,0.652510204864126,0.881895801084848,0.655144284915673,0.271853878510126
180.35,0.85,13.9626116932392,0.652064049928021,0.885972721761906,0.653456219138773,0.267368683217645
180.36,0.85,14.0534223524272,0.647899524800686,0.882749845409245,0.654263888428049,0.266926870175678
180.37,0.85,14.144972090559,0.647972942357622,0.886522649696799,0.654891058182768,0.269685482072248
180.38,0.85,14.2372563995306,0.647397009784199,0.885139713626167,0.653066324171753,0.269716044991515
180.39,0.85,14.3302704793718,0.647252299094002,0.888488787210669,0.654463139309373,0.269782079088822
180.4,0.85,14.4240092352055,0.645829539247978,0.886555308146302,0.653923931934209,0.269583120817479
180.41,0.85,14.5184672743217,0.645245292708811,0.88883646256547,0.654347062257814,0.269800075104496
180.42,0.85,14.6136389033711,0.646197034161857,0.88838319919053,0.651117742142467,0.268109671723432
180.43,0.85,14.7095181256854,0.641312345002833,0.886491017843924,0.654731736475822,0.268807412913153
180.44,0.85,14.8060986387287,0.64116991333934,0.88819146574888,0.653192515752737,0.271325010590116
180.45,0.85,14.903373831689,0.638706961934761,0.888113355866805,0.653263833090027,0.26865954871182
180.46,0.85,15.0013367832113,0.637415163822931,0.886255494060969,0.65279856700687,0.270525732476704
180.47,0.85,15.0999802592819,0.636194103531414,0.886632005427567,0.651642048914405,0.269263256273958
180.48,0.85,15.1992967112687,0.638359727694864,0.889308009938731,0.652112161670653,0.26979891127098
180.49,0.85,15.299278274123,0.633732624826053,0.889154007301349,0.650520721603188,0.270672850469981
180.5,0.85,15.3999167647481,0.632318231262436,0.890698146838512,0.653491700104229,0.274957401433732
180.51,0.85,15.5012036805425,0.632149526328446,0.887462293865429,0.652883835728379,0.268607047509467
180.52,0.85,15.6031301981224,0.631293975501921,0.887291868824124,0.651502936093371,0.270423653848331
180.53,0.85,15.7056871722272,0.630541416460102,0.88857649325119,0.650998212777911,0.269680168423836
180.54,0.85,15.8088651348179,0.631890611447576,0.892294235510516,0.652633446457609,0.270914275621832
180.55,0.85,15.9126542943702,0.627009785783538,0.889385507331173,0.649606302209494,0.267681518336328
180.56,0.85,16.0170445353693,0.629071617262663,0.890051214127351,0.64927247759671,0.271675340132834
180.57,0.85,16.1220254180113,0.627208557680345,0.890741303948295,0.652604476569283,0.269135294061089
180.58,0.85,16.2275861781179,0.624044116867072,0.890221267495719,0.647516117158239,0.269578518462833
180.59,0.85,16.3337157272663,0.621955355500577,0.890304379665896,0.65125922813214,0.267599542505722
180.6,0.85,16.4404026531428,0.622999425374706,0.890923728192984,0.649089881966865,0.268432828011246
180.61,0.85,16.5476352201232,0.621820510977631,0.891518577432413,0.648205245227031,0.268356737051555
180.62,0.85,16.6554013700836,0.622270654446302,0.888951559433012,0.648329897830211,0.271886044414414
180.63,0.85,16.7636887234486,0.621936704355424,0.892203765276293,0.652316074441703,0.271849768449409
180.64,0.85,16.8724845804797,0.617882171982555,0.892478785180406,0.647131107517445,0.273017159940072
180.65,0.85,16.9817759228073,0.616888715133031,0.891138170065954,0.649639006188639,0.271588202606358
180.66,0.85,17.091549415212,0.617215411150347,0.891234474349677,0.650446324019431,0.269038043804352
180.67,0.85,17.2017914076584,0.612994483793392,0.89202277157163,0.648445182477585,0.270041053287246
180.68,0.85,17.3124879375832,0.613882371210138,0.891998097770761,0.647170338008728,0.268249710810348
180.69,0.85,17.4236247324432,0.613213506298624,0.893880871102345,0.648374759441598,0.270118837175157
180.7,0.85,17.5351872125251,0.609739279333502,0.89432780188389,0.651209761611754,0.269301146147202
180.71,0.85,17.64716049402,0.611900967922027,0.89299249983288,0.648252794417641,0.268977485321803
180.72,0.85,17.7595293923641,0.607787646421373,0.893649896777627,0.647428998785804,0.270831052738694
180.73,0.85,17.8722784258503,0.607885396173419,0.893344080692608,0.649877356922153,0.270509545458788
180.74,0.85,17.9853918195104,0.607818726823653,0.89479943893557,0.650364612800744,0.270842213797501
180.75,0.85,18.091081279471,0.60537486611478,0.893447563143946,0.649051325130055,0.270218100101651
180.76,0.85,18.1849778794885,0.603830013588234,0.895048050607433,0.647924173376392,0.270943549256525
180.77,0.85,18.2756838301949,0.604265432328084,0.894676555537085,0.646569152179553,0.270010948943876
180.78,0.85,18.363040850904,0.604898569693688,0.89443927997709,0.648113017099183,0.269876702619343
180.79,0.85,18.42745847872,0.603120188090175,0.896707104553572,0.648858187625448,0.270809906770715
180.8,0.85,18.4802946420821,0.600793064835816,0.896337409639035,0.649113676961496,0.271093524161564
180.81,0.85,18.5304024489301,0.601538542168192,0.896753085087843,0.649960663121611,0.269277540226644
180.82,0.85,18.5797627272736,0.60393574787928,0.895459846119316,0.649544491897652,0.270840465027434
180.83,0.85,18.6287168962979,0.600753497486556,0.897639332144009,0.646894311797427,0.273513951110335
180.84,0.85,18.6773068108285,0.599386009530708,0.895871821310383,0.648409018298508,0.269084612295068
180.85,0.85,18.7255249257595,0.602246977302976,0.897347401444047,0.647079178327489,0.271145809758018
180.86,0.85,18.7733559812756,0.602010647998335,0.898439110031543,0.648774907310046,0.269766760676952
180.87,0.85,18.8208193633709,0.601657240125964,0.896459559598431,0.647597777399796,0.269593646891728
180.88,0.85,18.8685811465687,0.600887294186949,0.897362267408347,0.644992677393109,0.269540168969471
180.89,0.85,18.9163871355972,0.599233167523637,0.898357432774678,0.646498154538441,0.27069910357457
180.9,0.85,18.9638491459373,0.595626501929399,0.899947756586896,0.649285295707073,0.269663881514618
180.91,0.85,19.0108544530366,0.597516891418414,0.895861507436093,0.647243020316507,0.270890099996664
180.92,0.85,19.0573665455226,0.597010195005114,0.89983654317983,0.647363457943865,0.270409186912802
180.93,0.85,19.1033648201994,0.597958829822046,0.900840516822588,0.648768011256378,0.27029745462263
180.94,0.85,19.1488317894116,0.599118771226284,0.898127943970766,0.646751826835438,0.270994630767105
180.95,0.85,19.1937506304345,0.595291530634636,0.900207685043633,0.645330874326269,0.272243957042791
180.96,0.85,19.238104739918,0.593333029554848,0.896952617477333,0.649217441780863,0.270248397841717
180.97,0.85,19.2818776607064,0.594340682447394,0.900682712057167,0.644220410494058,0.267607054548422
180.98,0.85,19.3250530765535,0.595797652177775,0.901144856058038,0.646109648421963,0.271294932971256
180.99,0.85,19.3676148191051,0.595311673538179,0.898007080526971,0.646209377566241,0.269759759076208
181,0.85,19.4095468770799,0.596282060996777,0.900859104944113,0.645363334906168,0.271868656341671
181.01,0.85,19.4508334058277,0.591706598544141,0.901668620546836,0.644449855724664,0.268553512991253
181.02,0.85,19.4914587369302,0.595669870110234,0.900769655751095,0.64624496740978,0.269251234939863
181.03,0.85,19.5314073877773,0.594627443101158,0.90053440581867,0.64691176467778,0.270212580366924
181.04,0.85,19.5706640710987,0.595928350668817,0.902133299736195,0.645349222385779,0.268980099183134
181.05,0.85,19.6092137044388,0.59162879238644,0.903171727408858,0.645909537349019,0.269690992159679
181.06,0.85,19.6470414195651,0.593310236619445,0.902547208382787,0.645093450812989,0.272387292523052
181.07,0.85,19.6841325718002,0.593760143886686,0.900391234630086,0.643771383549188,0.26999131457274
181.08,0.85,19.7204727492672,0.59256423218274,0.903408674773052,0.646867954577823,0.26876234779853
181.09,0.85,19.756047782039,0.592274463318222,0.90371128973086,0.643844985441641,0.268569025905067
181.1,0.85,19.7908437511813,0.59039620539196,0.903645263724082,0.644507154343428,0.272647348311497
181.11,0.85,19.8248469976801,0.59234640451111,0.902722819233775,0.644054349715282,0.270381156407469
181.12,0.85,19.8580441312428,0.592781335331275,0.903130173942026,0.641310810437256,0.268750186310672
181.13,0.85,19.8904220389648,0.58814379161893,0.902128902511135,0.643217079602251,0.271731917316698
181.14,0.85,19.92196789385,0.593118351834167,0.903275633659784,0.643562012797318,0.27145744490909
181.15,0.85,19.9526691631784,0.59175335830891,0.903823308950984,0.643718955958746,0.267916247785261
181.16,0.85,19.9825136167075,0.589905360397741,0.907595577055377,0.644075310750397,0.267433292510778
181.17,0.85,20.0114893347029,0.593733886508151,0.902503419896451,0.643491142465538,0.26918912718508
181.18,0.85,20.0395847157849,0.591698888452435,0.904723077083707,0.642818380843051,0.271363432246451
181.19,0.85,20.0667884845839,0.591758729027861,0.903945918809059,0.644147451982387,0.270668293128948
181.2,0.85,20.0930896991965,0.591385118232535,0.904657047143159,0.645028162571331,0.269731172480846
181.21,0.85,20.118477758432,0.591796936871961,0.90510861872604,0.642697024790782,0.269763614545378
181.22,0.85,20.1429424088417,0.590886473451244,0.904816932138844,0.644777633878505,0.270102804896966
181.23,0.85,20.1664737515231,0.589556466672903,0.908052486216499,0.641790122710779,0.271671801282122
181.24,0.85,20.1890622486908,0.591091578557808,0.905075530028777,0.640991521624318,0.269654160651538
181.25,0.85,20.2106987300052,0.593174771250514,0.905725626720039,0.64449716669839,0.269768780917644
181.26,0.85,20.2313743986537,0.59192223613389,0.903639872019142,0.643188742616115,0.273696737552408
181.27,0.85,20.2510808371759,0.589500891444955,0.904256936032255,0.643704815782393,0.271304240495199
181.28,0.85,20.2698100130247,0.592055163750177,0.907688925628601,0.645079233661286,0.269204297468487
181.29,0.85,20.2875542838595,0.591424989848866,0.910813593277972,0.644091927086192,0.269645205404073
181.3,0.85,20.3043064025634,0.590344755035991,0.906433477942903,0.646462314015659,0.271323631886311
181.31,0.85,20.3200595219771,0.590740641284598,0.904551486715544,0.643182318323764,0.269569486467994
181.32,0.85,20.334807199347,0.59004297987295,0.908514497110889,0.642406635890512,0.268236237365479
181.33,0.85,20.34854340048,0.587693996985237,0.908508539470851,0.645366980389463,0.27031857672693
181.34,0.85,20.3612625035995,0.59125525765681,0.9069190042544,0.645111202354527,0.270827135036981
181.35,0.85,20.3729593029004,0.591985881711561,0.909484962148161,0.641060787791075,0.270226844171759
181.36,0.85,20.3836290117958,0.590246764183551,0.906631713075118,0.64164792291036,0.270459497607237
181.37,0.85,20.393267265854,0.589448627012518,0.908603618407247,0.64164531790783,0.268223850672002
181.38,0.85,20.4018701254206,0.59051683262498,0.907647399601597,0.642491839324253,0.270859493786145
181.39,0.85,20.4094422688739,0.585773429901761,0.909956104358721,0.644076527438588,0.2723124646329
181.4,0.85,20.4165481823772,0.588183422853045,0.91015476936123,0.644869458352794,0.270770592345393
181.41,0.85,20.4234931102195,0.588645642442582,0.9088009959883,0.643492272381451,0.268836834871412
181.42,0.85,20.4302768571892,0.588744304568183,0.907764379335092,0.643160682397089,0.27227759204323
181.43,0.85,20.4368992695129,0.590276139967653,0.91044534041201,0.641420731700424,0.267740492476971
181.44,0.85,20.4433602348062,0.587659101117511,0.911849504122723,0.640479377095528,0.26991651002806
181.45,0.85,20.4496596820114,0.588661185380488,0.912090548536433,0.643821934773977,0.271691249743284
181.46,0.85,20.4557975813226,0.588228132822054,0.910267732254072,0.644192339588283,0.270296877776888
181.47,0.85,20.4617739441001,0.588171911513853,0.909310448155647,0.642109377854823,0.273113696888216
181.48,0.85,20.4675888227708,0.589629316346822,0.911019144230596,0.641004594361777,0.268336880627423
181.49,0.85,20.4732423107174,0.590854645649456,0.910835626956764,0.639902219080789,0.26937843183217
181.5,0.85,20.4787345421558,0.58882381374581,0.909655453853655,0.644747228579701,0.272141119584211
181.51,0.85,20.484065691999,0.589451421120025,0.909009489519289,0.640921644051888,0.267279046441392
181.52,0.85,20.4892359757106,0.589991464980999,0.910878999894625,0.641259714940605,0.271804847152031
181.53,0.85,20.494245649145,0.590034705608497,0.911162901321657,0.645473026705513,0.271845591213729
181.54,0.85,20.499095008376,0.589335175043528,0.911465415250992,0.64608007354287,0.270917419719984
181.55,0.85,20.5037843895137,0.589227813462592,0.9124255023798,0.645707368348904,0.270838997982037
181.56,0.85,20.5083141685089,0.590773941791752,0.911561464445705,0.64492563857672,0.273373351174022
181.57,0.85,20.5126847609459,0.586773310785775,0.910169144737285,0.645888596392484,0.270152135577281
181.58,0.85,20.5168966218238,0.589022294944469,0.9108772374019,0.643331747195584,0.271209302203077
181.59,0.85,20.5209502453247,0.591928799737478,0.911688024572394,0.643360990990135,0.267844008816066
181.6,0.85,20.5248461645722,0.589999310654141,0.913425631654354,0.641682586973427,0.2714060642514
181.61,0.85,20.5285849513756,0.589235812299353,0.913887901735195,0.642285271650582,0.270545802062263
181.62,0.85,20.4389578548695,0.59040995336973,0.912876869835446,0.644871172793734,0.271908573695945
181.63,0.85,20.3979756136376,0.590687421609699,0.911970150836091,0.645124405813605,0.271274256617923
181.64,0.85,20.3748155747724,0.592209198522421,0.91503952847757,0.64510451531447,0.268755712633864
181.65,0.85,20.3545676730022,0.589368689152706,0.912596577159003,0.644909783508714,0.269623352349665
181.66,0.85,20.3340341613144,0.592066771633139,0.913152479648171,0.64349396546374,0.269894578422909
181.67,0.85,20.3126458818627,0.593487956587669,0.91092259456585,0.643417267978764,0.268342053175005
181.68,0.85,20.2903145903149,0.590544676368805,0.913023079196317,0.644065963523217,0.268721653685198
181.69,0.85,20.267033480004,0.594050910525993,0.912118613282703,0.644173088904397,0.269107033690699
181.7,0.85,20.2428092478719,0.594465730751939,0.91194835180162,0.644754162245118,0.26857077984786
181.71,0.85,20.2176510188295,0.592856719623074,0.911057140116378,0.64444997082752,0.268079829804888
181.72,0.85,20.1915685754411,0.592306910769141,0.914738403162204,0.642565076146068,0.271723380816235
181.73,0.85,20.1645720732136,0.591983778966347,0.910998242658361,0.644062714219982,0.269486806902403
181.74,0.85,20.1366719895853,0.594054151429572,0.915580334834592,0.6451412264224,0.270377543602554
181.75,0.85,20.1078791092282,0.592766175277024,0.91663877178939,0.643103961507721,0.268647027791015
181.76,0.85,20.0782045148365,0.59257990874445,0.913754413706562,0.64530157030663,0.268907551655386
181.77,0.85,20.0476595786245,0.59464985292577,0.913748323680092,0.643693180023117,0.271723746668939
181.78,0.85,20.0162559538027,0.597035627618562,0.913924235314861,0.645407315126959,0.269829594572696
181.79,0.85,19.9840055659291,0.594341109222352,0.915507546018397,0.6452182094311,0.270242817269027
181.8,0.85,19.9509206041263,0.594882212374317,0.914968550779529,0.642359501567305,0.269134577394757
181.81,0.85,19.9170135121718,0.596532134548632,0.915405542020928,0.645839505574036,0.27095564572819
181.82,0.85,19.8822969794708,0.594301191904821,0.915217479803579,0.647613123020587,0.272721530249786
181.83,0.85,19.846783931921,0.595771316005464,0.916728970158023,0.647772133157505,0.271707406219332
181.84,0.85,19.8104875226786,0.597968566988486,0.915007571029545,0.645991702772455,0.269280412853271
181.85,0.85,19.7734211228367,0.597951866056864,0.915359716974721,0.64380369001035,0.271901917734997
181.86,0.85,19.7355983120232,0.597238456540958,0.916410309967978,0.646952861366232,0.271251832461887
181.87,0.85,19.6970328689307,0.59930257887772,0.91492083712264,0.648126222997491,0.270259430924251
181.88,0.85,19.657738761786,0.599851583409667,0.914424911414452,0.644099739121738,0.268051016372218
181.89,0.85,19.6177301387693,0.599591694457507,0.917594159305319,0.645774482295414,0.270713998506818
181.9,0.85,19.5770213183936,0.597958406922157,0.915267649252907,0.644202938462588,0.269580707040678
181.91,0.85,19.5356267798521,0.601306466760465,0.917600883112013,0.646616766536053,0.268583755170495
181.92,0.85,19.4935916611154,0.601396766456507,0.917265453874203,0.644738288948145,0.271709659905075
181.93,0.85,19.451792128629,0.601772419551831,0.91720851001553,0.646271020998422,0.271974768249664
181.94,0.85,19.4099897996893,0.600668191588714,0.915438639705875,0.644127137873111,0.26921739086621
181.95,0.85,19.3677096759806,0.600958094194101,0.918428496504708,0.648309287098662,0.269317356164155
181.96,0.85,19.3248565081152,0.602312795011125,0.918235681277479,0.647483284507544,0.269398411833774
181.97,0.85,19.2814274484985,0.601588630224566,0.912699596227928,0.644758538619007,0.269343991951778
181.98,0.85,19.2374348136244,0.604840533930068,0.915821513840566,0.646670693612671,0.269659647374822
181.99,0.85,19.1928930628341,0.6047548978519,0.917185000042611,0.649331625980408,0.270216071860405
182,0.85,19.1478169780211,0.603300506163483,0.915626985196784,0.646455870330841,0.265262143537324
182.01,0.85,19.1022214325779,0.605326122670312,0.916313100743069,0.647550562671962,0.269438357984427
182.02,0.85,19.0561213581367,0.604473904003523,0.918467037215821,0.647118179020894,0.271743208480218
182.03,0.85,19.0095317333782,0.605380043811078,0.917295436173239,0.649107473112976,0.27235889197915
182.04,0.85,18.9624675750814,0.604548941499114,0.916342663891596,0.646766559639682,0.271414800467456
182.05,0.85,18.9149439294327,0.605526968393497,0.916364690808944,0.647237408384468,0.270670761909121
182.06,0.85,18.8669758634287,0.605966661047832,0.917480072359567,0.647809719136397,0.270999231838473
182.07,0.85,18.8185784563706,0.606376957044825,0.915043954575947,0.645299889399752,0.271156570231902
182.08,0.85,18.7697667914542,0.60889463964623,0.917414782689531,0.649850880411301,0.268347066087496
182.09,0.85,18.7205559474627,0.605142542796963,0.914897579879489,0.646204218331449,0.267140747551411
182.1,0.85,18.670960990568,0.607392264983614,0.914263863097461,0.646467159780777,0.270323783259273
182.11,0.85,18.6209969662448,0.607704455578222,0.919088261920905,0.648367206849048,0.271636859227163
182.12,0.85,18.5706788913041,0.608587159848106,0.918448168559179,0.648501626798409,0.272155138721105
182.13,0.85,18.5200217460507,0.610251165280822,0.921488626463823,0.651130199400844,0.268947809192555
182.14,0.85,18.4690404665684,0.610964630999878,0.916130692414747,0.648331864596376,0.269142788346675
182.15,0.85,18.4177499371391,0.610056847233997,0.915755420905661,0.648768143493918,0.269228817520053
182.16,0.85,18.3661649827988,0.611913098890033,0.91707513550812,0.648153197308827,0.268995794597671
182.17,0.85,18.3143003620346,0.610715867417608,0.917462607856597,0.650474942576138,0.270925200935314
182.18,0.85,18.2621707596273,0.613246014095596,0.917635647743579,0.650099709031137,0.2699486830447
182.19,0.85,18.2097907796423,0.614569031773961,0.917292060031809,0.652205635270146,0.26874034981546
182.2,0.85,18.1571749385725,0.615704716875914,0.919764595160416,0.649888077744251,0.269572531159026
182.21,0.85,18.104337658636,0.616389589352639,0.916924504244097,0.648368549085865,0.270544710927149
182.22,0.85,18.0512932612312,0.615796325527,0.918075509126205,0.650036097997008,0.267492064388541
182.23,0.85,17.9980559605534,0.615741248593714,0.919004632978806,0.651426414830314,0.267557399609137
182.24,0.85,17.9446398573719,0.616814695829334,0.918243047357714,0.650866082951273,0.27112767986093
182.25,0.85,17.8910589329741,0.617135843080385,0.917226578150909,0.651410304713953,0.2685779986159
182.26,0.85,17.8373270432744,0.617786017602765,0.920551848988173,0.650759742828039,0.27080548039513
182.27,0.85,17.7834579130919,0.618253919482039,0.920363648333334,0.651190625735413,0.266834538170619
182.28,0.85,17.729465130598,0.620960779445559,0.918750260630883,0.652346962333716,0.267826013658144
182.29,0.85,17.6753621419339,0.618151443186816,0.919220615550565,0.651246664418122,0.269492062220518
182.3,0.85,17.6211622460002,0.619307334146466,0.92152687814148,0.64956936047585,0.269852722236948
182.31,0.85,17.5668785894192,0.619373481036954,0.917855590275581,0.651521647992962,0.269913693341691
182.32,0.85,17.5125241616697,0.621245143307175,0.917889450130248,0.65035769500588,0.270451322079941
182.33,0.85,17.4581117903949,0.62238666691241,0.915741513085948,0.651088702268835,0.270362013281016
182.34,0.85,17.4036541368841,0.62227278875307,0.91942767918431,0.651459138527024,0.27216317895109
182.35,0.85,17.3491636917275,0.622228256355283,0.917851196131483,0.651759121294519,0.270625050605587
182.36,0.85,17.2946527706437,0.623412016271958,0.916256541972237,0.649313586388468,0.269596089216002
182.37,0.85,17.2401335104804,0.622763623597347,0.918507983619548,0.652474584699221,0.268351443048183
182.38,0.85,17.1856178653862,0.623467755974142,0.918904272666692,0.652988474886686,0.271456701641359
182.39,0.85,17.1311176031539,0.623525814304644,0.918264186268543,0.653320376793002,0.267562286050949
182.4,0.85,17.0766443017343,0.624453814925496,0.91912843530875,0.653076634298517,0.27041803587142
182.41,0.85,17.0222093459181,0.623232648483811,0.917011597540813,0.652757659315309,0.268621323066545
182.42,0.85,16.9678239241859,0.625845864749514,0.919297904225188,0.653158264154795,0.271812640982886
182.43,0.85,16.9134990257246,0.626769212699509,0.918793444760277,0.654460500976725,0.270012557969533
182.44,0.85,16.8592454376082,0.629439970176624,0.918154765480641,0.654732916747753,0.271193223235896
182.45,0.85,16.8050737421416,0.629594475847588,0.918964999611415,0.654619784732634,0.267898395512577
182.46,0.85,16.750994314365,0.629213909025123,0.919476994305809,0.654361694766898,0.270567164143145
182.47,0.85,16.6970173197184,0.629150555927365,0.91966453684882,0.653432488070421,0.270277038499334
182.48,0.85,16.6431527118619,0.631430510675624,0.918349563816325,0.655161573584402,0.272229893420534
182.49,0.85,16.5894102306514,0.631086635814746,0.919302024682163,0.654823633824831,0.273783375349664
182.5,0.85,16.5357994002668,0.631355563703573,0.918988478479783,0.653578272034545,0.269390641342681
182.51,0.85,16.4823295274902,0.632325462492673,0.919578475593502,0.654552292110542,0.266185333681946
182.52,0.85,16.4290097001313,0.633838902450744,0.920789837138169,0.652025996157226,0.267824642979956
182.53,0.85,16.3758487855988,0.631639721286531,0.921679393343357,0.653516166958092,0.272072664094032
182.54,0.85,16.3228554296125,0.632414240040015,0.918222836362793,0.654791895556353,0.269511850178073
182.55,0.85,16.2700380550571,0.634405229613472,0.918579691176951,0.651423023232243,0.269600292332515
182.56,0.85,16.217404860971,0.633543413462946,0.919277950826066,0.653268947203777,0.270143454831422
182.57,0.85,16.1649638216707,0.634883205426149,0.920187724991867,0.65085124376166,0.271582206608173
182.58,0.85,16.112722686005,0.63527014403305,0.917759369053528,0.654286076427067,0.27022855404013
182.59,0.85,16.0606889767385,0.639020983559816,0.917860611967677,0.654029933828745,0.270646006024248
182.6,0.85,16.0088699900597,0.6377842325855,0.918508447877377,0.654227039630199,0.269663661956189
182.61,0.85,15.9572727952116,0.634111838525734,0.917510846254088,0.655108356357504,0.269753510989921
182.62,0.85,15.9059042342419,0.639189628615242,0.919267698199651,0.654099075952088,0.270686297963843
182.63,0.85,15.8547709218686,0.639212170536482,0.921439468461663,0.65544303965845,0.271528852983295
182.64,0.85,15.8038792454596,0.637011922942949,0.920547078312459,0.653450240659808,0.27054052179913
182.65,0.85,15.753235365122,0.642416505510565,0.918991169022714,0.65317881943901,0.269104967379115
182.66,0.85,15.7028452138984,0.641036478871392,0.921392750670804,0.654811182116693,0.268501533376655
182.67,0.85,15.6527144980672,0.639090905471401,0.918146311810703,0.656428651363029,0.268540382348705
182.68,0.85,15.6028486975443,0.640032991556177,0.918953963783971,0.654197405227449,0.269809166033847
182.69,0.85,15.553253066382,0.641494248544049,0.915652107665576,0.654875251249801,0.270021507965198
182.7,0.85,15.5039326333628,0.644486970638521,0.918324424334123,0.655550427457967,0.268672521200323
182.71,0.85,15.454892202686,0.645463466538005,0.917401762519805,0.654564176584886,0.26891358884938
182.72,0.85,15.4061363547419,0.6455302397243,0.916206553745191,0.655556514098744,0.269536534204252
182.73,0.85,15.3576694469729,0.646107728617066,0.915909498024232,0.655065518002416,0.269986718295069
182.74,0.85,15.3094956148172,0.646717603875922,0.917675009260743,0.65619992348767,0.270428180562968
182.75,0.85,15.2616187727326,0.647662085169057,0.917231311133764,0.655801024742733,0.272707359146529
182.76,0.85,15.2140426152979,0.645426931954707,0.917656161058716,0.656102670839405,0.271550353481081
182.77,0.85,15.1667706183889,0.645472193424311,0.919284581640599,0.652857728874634,0.27059917573156
182.78,0.85,15.1198060404255,0.646408166303691,0.917348718695561,0.659041820208766,0.269990893619478
182.79,0.85,15.0731519236889,0.647439748541173,0.915280225546358,0.656532767886689,0.271318605873968
182.8,0.85,15.0268110957045,0.647398819548789,0.918176711559602,0.655323179956325,0.272083289264731
182.81,0.85,14.9807861706894,0.648833139527737,0.919101814682593,0.656602804805177,0.269907011156237
182.82,0.85,14.9350795510606,0.651697255793129,0.919239043323145,0.656507803612676,0.272348366400584
182.83,0.85,14.8896934290024,0.650004378484549,0.917320158852912,0.655483136216054,0.270192883776175
182.84,0.85,14.8446297880909,0.650624554008657,0.917995275393328,0.657349788297791,0.27081778665447
182.85,0.85,14.799890404972,0.651772165416327,0.915091691880673,0.656123447049062,0.272065697501921
182.86,0.85,14.7554768510914,0.651557770338079,0.917494994694528,0.654756149566537,0.269776249655126
182.87,0.85,14.7113904944753,0.652259548576885,0.917867415827156,0.657654290570234,0.270905492287785
182.88,0.85,14.6676325015576,0.654068788961111,0.915608085230719,0.656782354074883,0.26945240023351
182.89,0.85,14.6242038390539,0.651599984717726,0.917884502119788,0.657267918425397,0.268049329154549
182.9,0.85,14.5811052758779,0.653263218933991,0.919563127409423,0.655960613687125,0.269877038777327
182.91,0.85,14.5383373851012,0.653626086131408,0.917577208175416,0.656749195015749,0.270680634671285
182.92,0.85,14.4959005459515,0.657460106733407,0.91877061981574,0.654648218925335,0.270137269883185
182.93,0.85,14.4537949458501,0.656458803178569,0.918270881961276,0.655097703112339,0.270220291152433
182.94,0.85,14.4120205824856,0.66017950051266,0.918614691348052,0.655009772725084,0.270589639235107
182.95,0.85,14.3705772659226,0.657460866511436,0.917019249291303,0.656606246135598,0.268693119396953
182.96,0.85,14.329464620744,0.658647523655538,0.916464187850403,0.659456930668371,0.268754476283791
182.97,0.85,14.2886820882254,0.657572866465896,0.916508600420103,0.656582843336803,0.274492585730679
182.98,0.85,14.2482289285397,0.657191306431562,0.915318313121078,0.657838779522137,0.266527341430978
182.99,0.85,14.2081042229918,0.660062729014334,0.915412598907808,0.656549641199419,0.272188630944278
183,0.85,14.1683068762811,0.656979694527215,0.917874559698458,0.656873782439349,0.271012638851705
183.01,0.85,14.1288356187913,0.660902158938774,0.917083721493769,0.655079051570931,0.267140133639486
183.02,0.85,14.0896890089055,0.662138508930204,0.914080115638529,0.657450391360074,0.271662566011396
183.03,0.85,14.0508654353478,0.662373402046106,0.915848708995433,0.657471593906777,0.270872556404131
183.04,0.85,14.0123631195474,0.660069905086004,0.916119922458218,0.657803028695141,0.270365263997976
183.05,0.85,13.9741801180266,0.663536377949828,0.91724954636167,0.656453456067963,0.267730646550278
183.06,0.85,13.936314324812,0.663843941424812,0.916061701548157,0.657179452169642,0.268753420711801
183.07,0.85,13.8987634738662,0.666199209377761,0.914902466513535,0.658446895113787,0.269669486168706
183.08,0.85,13.8615251415413,0.664824593137098,0.918501627024271,0.65669478476553,0.270821203535804
183.09,0.85,13.8245967490535,0.668488304103853,0.918835942634618,0.657592943716075,0.27124404371076
183.1,0.85,13.7879755649763,0.663972687293411,0.914768010245804,0.657757368241054,0.269363442917643
183.11,0.85,13.7516587077548,0.665202778595634,0.918076029718802,0.654197120123245,0.26919973098532
183.12,0.85,13.715643148238,0.667299323964914,0.916553453877203,0.659353848528092,0.269481801630344
183.13,0.85,13.679925712231,0.667043025387918,0.911923828804084,0.655942649397049,0.269398710243417
183.14,0.85,13.6445030830647,0.666300233578333,0.917655290343528,0.654906178924489,0.270923838464418
183.15,0.85,13.6093718041848,0.670166240309506,0.915623704863674,0.656901255479049,0.268368619003943
183.16,0.85,13.5745282817581,0.668246257686923,0.915341866765558,0.654588874639212,0.271971863969749
183.17,0.85,13.5399687872975,0.671760393950766,0.913639823914586,0.65745803500563,0.268236292822625
183.18,0.85,13.5056894603042,0.670024831104757,0.914018143128651,0.654399362577208,0.26999799557672
183.19,0.85,13.4716863109286,0.669215326221259,0.916029360617476,0.659010028933614,0.270185290082725
183.2,0.85,13.4379552226482,0.671800467541738,0.914472664217788,0.654532218852597,0.269909252014159
183.21,0.85,13.404491954964,0.670112821604915,0.911950399892807,0.658661310488973,0.270784471923552
183.22,0.85,13.3712921461146,0.670929376925439,0.912270096672499,0.654100135069335,0.270796370106088
183.23,0.85,13.3383513158078,0.672275168953152,0.915827452081482,0.654329676636335,0.269376131268987
183.24,0.85,13.3056648679714,0.672588971792544,0.913042683413043,0.657430811281292,0.270907937163785
183.25,0.85,13.2732280935213,0.672599538869767,0.915358138218753,0.656746770905984,0.267025363306515
183.26,0.85,13.2410361731487,0.673681235392126,0.914828351675122,0.654259499247577,0.269859861354389
183.27,0.85,13.2090841801251,0.674002172221429,0.912904247181382,0.657119215405951,0.271425870060383
183.28,0.85,13.1773670831272,0.674294947220153,0.914989358010943,0.656006629919345,0.269732279783878
183.29,0.85,13.1458797490798,0.67558004222248,0.912435664391469,0.655281553168828,0.269114803317924
183.3,0.85,13.1146169460188,0.676790276765979,0.912635154346031,0.654746094659004,0.269512186935719
183.31,0.85,13.0835733459727,0.674585914779015,0.91187913430859,0.654594094878226,0.269300326111798
183.32,0.85,13.052743527865,0.672362343778603,0.91277224081565,0.656187229633071,0.267810838054336
183.33,0.85,13.0221219804353,0.674638244171052,0.913085885733067,0.657617748289447,0.270216110606462
183.34,0.85,12.9917031051816,0.675303588838923,0.913240385157352,0.655536431479191,0.271306171816501
183.35,0.85,12.9614812193225,0.679620297126936,0.912096342140748,0.654528673512494,0.269033525170904
183.36,0.85,12.9314505587796,0.677179059758661,0.914618709128371,0.655451685831618,0.268500339388704
183.37,0.85,12.9016052811819,0.679741296479636,0.912110811067616,0.655282483895395,0.268297518893365
183.38,0.85,12.8719394688901,0.678710165967057,0.913467174612547,0.652185910651112,0.273194380572119
183.39,0.85,12.8424471320422,0.677721245105971,0.911029394975396,0.653937391048966,0.274311422870788
183.4,0.85,12.8131222116214,0.679335963995009,0.914156965250872,0.654528345334757,0.269193318453597
183.41,0.85,12.7839585825439,0.680044128134103,0.911884812088448,0.655634940671503,0.268953444375114
183.42,0.85,12.75495005677,0.682934671289527,0.910531335900887,0.655794146175167,0.270144074822973
183.43,0.85,12.7260903864351,0.680335941248916,0.910821901904683,0.6535790570619,0.267787573601566
183.44,0.85,12.6973732670037,0.681207858252583,0.911710341123695,0.655194548135453,0.269691580502076
183.45,0.85,12.6687923404446,0.683231275324732,0.911372861551228,0.652215211447186,0.269518376818713
183.46,0.85,12.6403411984276,0.684117204725797,0.908475189425735,0.655417577608668,0.271495788395937
183.47,0.85,12.6120133855419,0.683299771444024,0.906359015006407,0.657146205678875,0.271230819961445
183.48,0.85,12.5838024025359,0.681832398888606,0.909412310140341,0.653507810476344,0.2727810564111
183.49,0.85,12.5557017095786,0.682753176750373,0.912797695914196,0.65391181745173,0.271089222419334
183.5,0.85,12.5277047295418,0.681578801910495,0.91365362329303,0.652971073787663,0.267522260558114
183.51,0.85,12.4998048513031,0.683704350115082,0.911033876956204,0.652506803829322,0.269052971088226
183.52,0.85,12.4719954330694,0.684334112872498,0.908813657610581,0.65367798878076,0.268867602020091
183.53,0.85,12.4442698057212,0.68511849165681,0.911125036569844,0.655563064264001,0.268098609303816
183.54,0.85,12.4166212761753,0.684887833652029,0.909245815462298,0.6531186906282,0.268655322124073
183.55,0.85,12.3890431307684,0.684836603973164,0.90773244469548,0.653603567592671,0.271247668956198
183.56,0.85,12.3615286386582,0.687569718815315,0.908431090583025,0.652652179474872,0.270908883821197
183.57,0.85,12.3340710552429,0.68443855949001,0.912017628446497,0.651602427129763,0.267270242238909
183.58,0.85,12.3066636255985,0.685387076024761,0.907299207702024,0.653647001042752,0.269630485025787
183.59,0.85,12.2792995879327,0.688429596988471,0.907215916820378,0.650195476310076,0.270576033162213
183.6,0.85,12.2519721770544,0.686660439416818,0.90955235542525,0.651150584519921,0.269076837836266
183.61,0.85,12.2246746278587,0.688834249726503,0.910446791516344,0.650714224360354,0.272448343753299
183.62,0.85,12.1974001788257,0.689551739551526,0.909560870522435,0.652953033806757,0.267628353108088
183.63,0.85,12.1701420755329,0.692172120598401,0.912168986687637,0.651674649933678,0.269096745807772
183.64,0.85,12.1428935741791,0.688552927652787,0.910146730685795,0.649054279858436,0.268200952763946
183.65,0.85,12.1156479451197,0.689393465594731,0.907755448939808,0.652754601699141,0.271496450225606
183.66,0.85,12.0883984764117,0.689892786994512,0.909234899723725,0.652970360545138,0.271369540561732
183.67,0.85,12.0611384773667,0.688522756737377,0.907707216508558,0.650100172424936,0.271266492120216
183.68,0.85,12.0338612821116,0.68943404393768,0.907266051292381,0.650864930423725,0.270742818506842
183.69,0.85,12.0065602531545,0.691882845250134,0.907449570530827,0.648875068566657,0.270545530924238
183.7,0.85,11.9792287849553,0.693120852100462,0.905308004409214,0.651541906705425,0.271367169030451
183.71,0.85,11.9518603074983,0.692435155310041,0.908079596091716,0.651219791825685,0.267733982869073
183.72,0.85,11.9244482898661,0.691713576789368,0.907044915220967,0.649830858143676,0.27129319871046
183.73,0.85,11.8969862438131,0.693151353909661,0.906497662779729,0.651008454390812,0.268415474497644
183.74,0.85,11.8694677273358,0.691963841086906,0.906981721416743,0.650054400886619,0.268414481138036
183.75,0.85,11.8418863482394,0.693595156824324,0.907823462224462,0.652070808846831,0.271086428239227
183.76,0.85,11.8142357676978,0.695169348133218,0.904065025139764,0.6525460059419,0.269493929890386
183.77,0.85,11.7865097038054,0.696044502838465,0.905070513575944,0.651734699757707,0.270111345526808
183.78,0.85,11.7587019351191,0.696512215682842,0.905057501575932,0.65252522371675,0.26814546576098
183.79,0.85,11.7308063041872,0.69646536350569,0.904293975244974,0.647210708708473,0.270382511858154
183.8,0.85,11.7028167210642,0.697017132904214,0.905947103447732,0.64729263405905,0.268886761672932
183.81,0.85,11.6747271668096,0.69773731011339,0.902726859993047,0.651228650569839,0.269594856104974
183.82,0.85,11.646531696966,0.697464754209713,0.904921119563482,0.650130442451972,0.268607342062016
183.83,0.85,11.6182244450176,0.699204664202403,0.902234832637152,0.649216799311755,0.270820861366911
183.84,0.85,11.589799625824,0.698691658539207,0.901676758553748,0.648687266987981,0.269372297511164
183.85,0.85,11.5612515390282,0.699619268847572,0.904332119807127,0.649462367953461,0.270371862939246
183.86,0.85,11.5325745724364,0.69857294065138,0.904663885014747,0.650886782131309,0.267198347257959
183.87,0.85,11.5037632053658,0.69903727189951,0.904529880338502,0.649550136197388,0.271013560668585
183.88,0.85,11.4745829652741,0.70012698661028,0.902531934994757,0.648269473074217,0.271900746998134
183.89,0.85,11.4445226078662,0.699489153682082,0.90328800282479,0.649509121289219,0.271078692673137
183.9,0.85,11.4140785922891,0.699499974330848,0.901945099124315,0.649765263900888,0.270773748304082
183.91,0.85,11.3834389644527,0.702657194375063,0.903702972188884,0.647602035950224,0.270850267440028
183.92,0.85,11.3526313447582,0.702561953290378,0.901605762811519,0.649746908966223,0.269252464830626
183.93,0.85,11.3216548998266,0.703825813745143,0.901992379449401,0.6481445084704,0.270698527812247
183.94,0.85,11.2905051537787,0.703840976001101,0.901030383598595,0.646815247197409,0.27149066832735
183.95,0.85,11.259177354959,0.705302078892324,0.900738913099366,0.6489493875811,0.268917562475529
183.96,0.85,11.2276668455878,0.704897669459445,0.902917788513392,0.648629770649918,0.268161432346547
183.97,0.85,11.1959690961696,0.704507821536216,0.902452460822891,0.648007840896727,0.270599378317058
183.98,0.85,11.1640797101002,0.704044221991574,0.900556707469252,0.647651917705744,0.271214637128995
183.99,0.85,11.1319944264609,0.706305194559473,0.901041717912915,0.647572520478714,0.270980586879913
184,0.85,11.0997091227716,0.707181969454062,0.903090722417644,0.646756978382266,0.268218646093636
184.01,0.85,11.067219817697,0.706103586382303,0.900307689920519,0.647565307403794,0.270537725694925
184.02,0.85,11.0345226736824,0.705283418168125,0.901936021834049,0.647095290761226,0.270366380201745
184.03,0.85,11.0016139995111,0.70821708792788,0.899100611367286,0.646205134209638,0.26930872457235
184.04,0.85,10.9684902527798,0.707001048498765,0.899224883472609,0.645648170457979,0.269996745103969
184.05,0.85,10.9351480422888,0.709936262525505,0.90025893800649,0.649128281588162,0.271159605360917
184.06,0.85,10.9015841303453,0.709255888671161,0.901629332255908,0.647736330266645,0.269931680736257
184.07,0.85,10.8677954349763,0.7126154314492,0.898606463869498,0.644452485489543,0.269953189132304
184.08,0.85,10.8337790320484,0.711028993243659,0.899429804968328,0.647002438644394,0.272683491696411
184.09,0.85,10.7995321572925,0.710747539476558,0.89660828874409,0.644491049655473,0.268790715785563
184.1,0.85,10.7650522082307,0.711271706387725,0.89803773455229,0.645341446457397,0.270611245414878
184.11,0.85,10.7303367460018,0.714480391521989,0.899069275040031,0.645827107175085,0.271915032031448
184.12,0.85,10.6953834970857,0.71414306529968,0.895230576777961,0.645700695855405,0.269325466298689
184.13,0.85,10.6601903549213,0.712526148838359,0.897524547959671,0.645043513799342,0.268811625365881
184.14,0.85,10.6247553814175,0.714965204932456,0.896754566398556,0.646183686498186,0.271829130660143
184.15,0.85,10.5890768083556,0.716948217885224,0.895452557077484,0.646163272121485,0.268890564350244
184.16,0.85,10.5531530386787,0.715315433639603,0.897680772372064,0.644546808472961,0.269992764777471
184.17,0.85,10.516982647669,0.715779125524614,0.893304000844425,0.642697645296476,0.27177750267366
184.18,0.85,10.4805643840093,0.718487344191341,0.897737329545526,0.645600933636409,0.268692580496348
184.19,0.85,10.4438971707276,0.719448744779572,0.896391793818935,0.647038769636919,0.269264143950099
184.2,0.85,10.406980106023,0.718919769487889,0.896855077655726,0.645099559202732,0.268995057516337
184.21,0.85,10.3698124639713,0.718190816877848,0.895316291268347,0.646059971373666,0.271684424442593
184.22,0.85,10.3323936951094,0.721008867848681,0.895101716332355,0.645546685006854,0.269031147311924
184.23,0.85,10.2947234268969,0.719445629725648,0.894890485903647,0.643196792868481,0.271630678020022
184.24,0.85,10.2568014640532,0.720411792878002,0.894024510328433,0.645364092706201,0.271275996857437
184.25,0.85,10.2186277887703,0.723079863433744,0.895931361110411,0.64323288002546,0.270093232677108
184.26,0.85,10.1802025607989,0.722258598105861,0.893397569695989,0.641652486603872,0.272163214724539
184.27,0.85,10.1415261174087,0.723630498656406,0.893971432569188,0.643337317539234,0.269123011807362
184.28,0.85,10.1025989732207,0.725012301793186,0.896154994102761,0.642812356788119,0.271078113272907
184.29,0.85,10.0634218199122,0.724615671743049,0.894352008532785,0.642106385890013,0.269305459709476
184.3,0.85,10.0239955257937,0.723169107567929,0.894904037021735,0.642162334417161,0.270651098514616
184.31,0.85,9.98432113525691,0.727716675169811,0.893552494368906,0.644863468221694,0.269377459979522
184.32,0.85,9.94439986809532,0.727275888806337,0.894543827394904,0.645185428442613,0.268674310354322
184.33,0.85,9.90423311869571,0.729029821758611,0.894247714942226,0.64329191940522,0.269477540908758
184.34,0.85,9.86382245510226,0.733021682885156,0.893432575614108,0.643387122669709,0.270603004716364
184.35,0.85,9.82316961795261,0.729914283774837,0.891534822637149,0.642163631790234,0.271085681614996
184.36,0.85,9.7822765192871,0.729147543293668,0.89269910195206,0.644934068901339,0.268981052814473
184.37,0.85,9.74114524123165,0.731863253511955,0.889409527575888,0.643251410942056,0.271934757018244
184.38,0.85,9.69977803455504,0.733444360648382,0.895345851278404,0.644659838332537,0.270365236243237
184.39,0.85,9.65817731710162,0.730333679401997,0.889611450528272,0.642961008428543,0.270219245031687
184.4,0.85,9.61634567210082,0.734219123232142,0.889634700776184,0.643301867137007,0.271068332811966
184.41,0.85,9.57428584635455,0.730735524108074,0.894197279867242,0.641449308465598,0.269429958123701
184.42,0.85,9.53200074830375,0.733334365616373,0.8895300404493,0.644943766520343,0.269690029533043
184.43,0.85,9.4894934459763,0.733052447999434,0.890981066768315,0.642674863375965,0.269881146013809
184.44,0.85,9.44676716481742,0.737346504744925,0.891175778895667,0.643903558860825,0.271480885758062
184.45,0.85,9.40382528540462,0.737958920940698,0.889337713154355,0.642125270291891,0.268000156125957
184.46,0.85,9.36067134104943,0.737218199024926,0.891008629288815,0.64365637827941,0.269100919931703
184.47,0.85,9.317309015288,0.740280084240178,0.89000111427534,0.643518326707011,0.271937575158898
184.48,0.85,9.27374213926252,0.739114333275578,0.888134687852601,0.642008908493683,0.270659625854082
184.49,0.85,9.22997468899649,0.739431753207996,0.886304784115842,0.642664454605019,0.27031342396395
184.5,0.85,9.18601078256601,0.743595473515968,0.888732390348141,0.642642443265747,0.267315419001209
184.51,0.85,9.14185467716991,0.742692860999646,0.887359680498709,0.643418212332647,0.269795063627389
184.52,0.85,9.09751076610135,0.743433344956556,0.88759616346171,0.641876733835999,0.272524692112747
184.53,0.85,9.05298357562453,0.744045066636046,0.88710231981672,0.641678771968825,0.268918049516861
184.54,0.85,9.00827776175838,0.743447299844552,0.884309259596548,0.641680593078051,0.269854694646687
184.55,0.85,8.96339810697154,0.748636716378579,0.885212936283661,0.64445495693789,0.270531639237564
184.56,0.85,8.91834951679149,0.74644561926413,0.888060104187892,0.642613589000837,0.268405481270283
184.57,0.85,8.87313701633087,0.747626246062886,0.885322717865638,0.643592173929353,0.268409735309264
184.58,0.85,8.82776574673494,0.748593970305281,0.886772911367458,0.644119913367533,0.269321777982092
184.59,0.85,8.78224096155374,0.749414427348823,0.884978199643501,0.643069254894608,0.269600000715824
184.6,0.85,8.73656802304226,0.753633207047706,0.888832099218687,0.643126577314407,0.273371034696626
184.61,0.85,8.69075239839254,0.752451929252247,0.882557425591838,0.641971909668897,0.270166154858022
184.62,0.85,8.64479965590185,0.751130359768518,0.883597163601102,0.64358699819652,0.272027676229343
184.63,0.85,8.59871546108029,0.752855250486088,0.886952891963675,0.641567329442964,0.26992892037855
184.64,0.85,8.55250557270194,0.755404263905893,0.884743929013335,0.646255502770197,0.268691082374721
184.65,0.85,8.50617583880394,0.754504594259714,0.885138849320749,0.642316253561943,0.269898740052323
184.66,0.85,8.45973219263714,0.754630751561766,0.883695708897887,0.64476559569947,0.269201502953341
184.67,0.85,8.41318064857235,0.755309771985219,0.883424885964304,0.644509545980812,0.26852033011576
184.68,0.85,8.36652729796695,0.758174343443086,0.884076409883215,0.644063711561362,0.269069008228335
184.69,0.85,8.31977830499542,0.75678627189022,0.88271645568776,0.642468899110442,0.269474932546583
184.7,0.85,8.27293990244821,0.761157681665663,0.884862973419561,0.641394828128084,0.270975065001127
184.71,0.85,8.22601838750322,0.760862707134901,0.883326215480881,0.639845393178109,0.268298143851326
184.72,0.85,8.17902011747444,0.759702779379087,0.883885543718849,0.64410551887311,0.271928204700457
184.73,0.85,8.13195150554111,0.758858488220487,0.883983351137843,0.644254493018185,0.271769200796437
184.74,0.85,8.08481901646265,0.762824811092914,0.884556573810199,0.643011733096743,0.269696646990532
184.75,0.85,8.03762916228337,0.763943575252926,0.883045898951758,0.644617201517266,0.268379492057864
184.76,0.85,7.99038849803044,0.764462191957858,0.881419549690241,0.643321812664196,0.271510060408565
184.77,0.85,7.94310361741035,0.76544145963282,0.882871433462602,0.643493802762679,0.269590709413224
184.78,0.85,7.89578114850781,0.770916356111595,0.883778337664857,0.644001751355501,0.270595301886073
184.79,0.85,7.84842774949061,0.768880925681128,0.879093842227051,0.645196177031021,0.270005211651697
184.8,0.85,7.80105010432528,0.769631642805675,0.88023631150812,0.641490761448274,0.268754359986764
184.81,0.85,7.75365491850778,0.77063223817939,0.881559214568288,0.644089444869135,0.270315912737946
184.82,0.85,7.70624891481232,0.773772255255188,0.878644157234452,0.642492647338362,0.271162012860132
184.83,0.85,7.6588388290632,0.773428650037336,0.878453461863917,0.645692011896633,0.268365701104708
184.84,0.85,7.61143140593342,0.775760589311109,0.877105092573977,0.644510419693235,0.27002739033313
184.85,0.85,7.56403339477355,0.775295636923054,0.880219586736846,0.645261863296286,0.269355608620144
184.86,0.85,7.51665154547491,0.775233882664122,0.879239927300498,0.642579028949251,0.269492298616607
184.87,0.85,7.46929260437112,0.778131714571543,0.880148040706648,0.644327711413087,0.270114398110489
184.88,0.85,7.42196331018098,0.78022045906054,0.877384568505965,0.643679929527583,0.267783373253782
184.89,0.85,7.37467038999666,0.780737038920749,0.877552035984858,0.642357541190505,0.269956404849458
184.9,0.85,7.32742055532074,0.784591615176826,0.878437721727449,0.644353516066721,0.270903044979524
184.91,0.85,7.28022049815526,0.783642976811175,0.879580927143849,0.644572965705577,0.270775335673181
184.92,0.85,7.23307688714598,0.782017652387001,0.875969069919948,0.645265857543091,0.268202184392465
184.93,0.85,7.18599636378538,0.783920784837413,0.873247056280092,0.645233371913582,0.269775853292025
184.94,0.85,7.1389855386774,0.785237268563537,0.877345655083251,0.645994064584237,0.271118927405931
184.95,0.85,7.09205098786622,0.785894148860312,0.875880177963407,0.647687373017519,0.27035639806145
184.96,0.85,7.04519924923299,0.786290819575966,0.876846946981358,0.645061626386406,0.269151997933541
184.97,0.85,6.99843681896265,0.789876414354327,0.875381217305522,0.645266126573346,0.268702585802763
184.98,0.85,6.95177014808313,0.790266354087819,0.876157291018351,0.643861099869595,0.270327721787342
184.99,0.85,6.90520563908027,0.788610054960551,0.876223186444073,0.645167191093774,0.269957162244227
185,0,6.85874964259027,0.789982987788223,0.875020074839353,0.644590325782364,0.270256788185939
185.01,0,6.81240845417189,0.79341498209089,0.87533862247449,0.647098060048803,0.269702752419193
185.02,0,6.76618831116065,0.795169989774161,0.875456771272113,0.647414026920309,0.272189915792407
185.03,0,6.7200953896075,0.795603072754299,0.875898726252677,0.645053470677713,0.270046627636883
185.04,0,6.67413580130271,0.795391287995032,0.872941330585982,0.643796756382436,0.268992456760187
185.05,0,6.62831559088773,0.796624997570736,0.87468643522008,0.646513363692606,0.269210468800223
185.06,0,6.58264073305639,0.802465740465983,0.873671818813254,0.644775130957464,0.272204384732613
185.07,0,6.53711712984651,0.801625047012984,0.874089097967336,0.646452447623099,0.268648397710685
185.08,0,6.49175060802349,0.802735695814538,0.874073051481747,0.647442097935585,0.267993073178462
185.09,0,6.44654691655765,0.806111622210321,0.872921591892542,0.643833237674169,0.270975156249002
185.1,0,6.40151172419522,0.806208258236878,0.872596015456195,0.646255619028202,0.271790426494151
185.11,0,6.35665061712483,0.804856052290243,0.871830750222902,0.647747710114581,0.268356355637727
185.12,0,6.31277232717064,0.808926775739298,0.871011959912559,0.648349506761824,0.271247055115007
185.13,0,6.27540211891254,0.807864733550991,0.873261707774179,0.647354746792454,0.269806221836516
185.14,0,6.24085783827534,0.809489867260929,0.87186231653993,0.647006193641919,0.272344624376307
185.15,0,6.20680469035362,0.812306446886768,0.870514366112915,0.646968207987911,0.270071190508522
185.16,0,6.17569498164178,0.810966567632114,0.869970639142005,0.64609895001405,0.271287006500195
185.17,0,6.1486858754974,0.813819270353904,0.869210806578486,0.645404386008743,0.2711918107005
185.18,0,6.12256111957491,0.811876814739973,0.871865811755335,0.647633019884384,0.27063045158538
185.19,0,6.09655254776187,0.813688516236169,0.86816423148788,0.647314375552328,0.272440129928737
185.2,0,6.07056453639763,0.813630800395564,0.87063181894604,0.648395480594026,0.268220304091796
185.21,0,6.04459396086701,0.814030922514014,0.870751615518424,0.649076584184517,0.268949697076896
185.22,0,6.0186462322663,0.813104566070795,0.867848614947162,0.64905241448683,0.272010857702203
185.23,0,5.99272714085461,0.815436549247831,0.868841299312436,0.649801561362284,0.27047101146086
185.24,0,5.96684240312667,0.815365785124905,0.869427494937339,0.644963641001583,0.268740688300389
185.25,0,5.94099767817637,0.816309876247845,0.864240813829377,0.650479974737955,0.269836284626005
185.26,0,5.91519857453495,0.816899468228032,0.869226800128847,0.648865855048951,0.270007568894852
185.27,0,5.88945064951019,0.818956693328782,0.869687681543515,0.648649887269931,0.269633213049097
185.28,0,5.86375940732819,0.820074846919638,0.867526579167793,0.648398808108146,0.269180614395949
185.29,0,5.83813029720744,0.819111151523924,0.866200294910119,0.647893782561656,0.269723932255427
185.3,0,5.81256871149531,0.820842448265677,0.864428937635626,0.65071063455756,0.26977652791881
185.31,0,5.78707998387672,0.818135103590516,0.865593658935641,0.649449592941179,0.270935554020073
185.32,0,5.76166938765532,0.822139544828245,0.869265286158956,0.649174589439403,0.268806663847418
185.33,0,5.73634213410755,0.824647162284626,0.866016210597835,0.647647676476939,0.269434898431131
185.34,0,5.71110337090993,0.822911232253438,0.865021784969494,0.650085879687106,0.27094956909889
185.35,0,5.68595818063909,0.821555669115176,0.864958112748096,0.648180557901183,0.26943599688435
185.36,0,5.66091157934481,0.824868356950619,0.866734347197866,0.648504297715008,0.268742343390059
185.37,0,5.63596851519617,0.824116643481536,0.86574887629295,0.649871854966258,0.270747794062121
185.38,0,5.61113386720017,0.826767229679871,0.86594192343538,0.650425512440223,0.268514657729717
185.39,0,5.58641244399238,0.825500591690722,0.864372959047363,0.650214968605438,0.269573920627526
185.4,0,5.56180898270017,0.828350163948258,0.863303675801473,0.652401279881638,0.268908368849482
185.41,0,5.53732814787685,0.828556971917719,0.862928964940816,0.651980552230832,0.271989885481387
185.42,0,5.51297453050677,0.827766635156105,0.862813536410219,0.650219380440711,0.271555082937555
185.43,0,5.48875264708087,0.829251543991294,0.861299642673095,0.649174994217592,0.268915479227733
185.44,0,5.46466693874173,0.829941574573403,0.864259512995033,0.65564796328356,0.269613845168527
185.45,0,5.44072177049713,0.826096657289472,0.864124388628209,0.652153191204952,0.267855004939765
185.46,0,5.41692143050174,0.832462823623519,0.86295967185578,0.650549317379927,0.271491461705898
185.47,0,5.39327012940579,0.834560293268969,0.86144176757999,0.652576352279891,0.270692050297104
185.48,0,5.36977199976949,0.833569116765151,0.860437648269029,0.650999023036876,0.268477119764122
185.49,0,5.34643109554254,0.834074728513464,0.86135956655206,0.650924405781031,0.268270317040574
185.5,0,5.32325139160766,0.832220015447208,0.863225153938256,0.649375762801798,0.26942915495609
185.51,0,5.30023678338629,0.835034456679999,0.858855655101572,0.655386314259544,0.269929884201785
185.52,0,5.277391086506,0.836485684715771,0.861130604605009,0.65041486078834,0.270105196588103
185.53,0,5.25471803652838,0.838820608000246,0.858395615523444,0.651338475873421,0.266870779194583
185.54,0,5.23222128873503,0.834823765280367,0.861341767283476,0.65058524703788,0.268309573360459
185.55,0,5.20990441797163,0.836972177914293,0.861482826834187,0.652569473672636,0.270560342785831
185.56,0,5.18777091854803,0.835918433735773,0.860536068460833,0.65382717718422,0.271896457942248
185.57,0,5.1658242041927,0.837942858947735,0.862147538926362,0.652721372169483,0.269952250793196
185.58,0,5.14406760806052,0.840409629203322,0.858070167293668,0.651015979213385,0.268756999066744
185.59,0,5.12250438279229,0.842216751964988,0.859250698553051,0.655295956897482,0.267954163974846
185.6,0,5.10113770062428,0.842598509990265,0.858289301497285,0.65241791710956,0.266367686845252
185.61,0,5.07997065354617,0.842941063530557,0.859570457661223,0.656013352426164,0.270198475050403
185.62,0,5.05900625350627,0.843537007155483,0.86137491898795,0.652589416866159,0.269298777137812
185.63,0,5.03824743266189,0.845779291228308,0.858776949885559,0.65515454373141,0.269661415922759
185.64,0,5.01769704367331,0.844279814005095,0.857516984123545,0.654028508309617,0.267878955867224
185.65,0,4.99735786004014,0.843773687080381,0.858404360524805,0.654309039311617,0.272076076749811
185.66,0,4.97723257647788,0.844981635758696,0.857513053390884,0.654804662293106,0.267647523662926
185.67,0,4.9573238093331,0.843922897747272,0.857175630576988,0.653320587661968,0.268358333964907
185.68,0,4.93763409703601,0.845957774777455,0.855002412356174,0.653496446014141,0.269629078873958
185.69,0,4.91816590058831,0.84545035267171,0.85654971770688,0.652885651852005,0.269888125918197
185.7,0,4.89892160408443,0.848961655208233,0.857860547317344,0.655838599068201,0.267427472740229
185.71,0,4.87990351526523,0.847784557454067,0.857957827996231,0.653659031870663,0.270366078859851
185.72,0,4.8611138661019,0.848047989724576,0.858560616013852,0.656427081658061,0.268507292041686
185.73,0,4.84255481340826,0.848502663552449,0.856585761487734,0.655985155184655,0.266240944131944
185.74,0,4.82422843948032,0.85153732190583,0.856738307122957,0.655330543851108,0.26946220006109
185.75,0,4.80613675276124,0.849762549770241,0.854132986101315,0.654485809421885,0.269099879138424
185.76,0,4.7882816885296,0.852800917320336,0.855079682754905,0.655419295436889,0.27160257117854
185.77,0,4.77066510960993,0.852298445627524,0.854280806006756,0.653310116731377,0.271381890874856
185.78,0,4.7532888071038,0.852742276893044,0.854069091999682,0.653276708893441,0.267279646476988
185.79,0,4.73615450113932,0.849017612414425,0.85520361114735,0.656549934479994,0.269422855030773
185.8,0,4.71926384163813,0.851932430562514,0.855000513631817,0.654907356925128,0.271532698521425
185.81,0,4.70261840909801,0.851733840856482,0.852213716535896,0.655297556034472,0.266951362835763
185.82,0,4.68621971538946,0.853088855042611,0.851847929473139,0.657459828857386,0.270516445168081
185.83,0,4.67006920456491,0.853988610946542,0.851884241780842,0.656395164872074,0.268749332264249
185.84,0,4.65416825367908,0.858156795128853,0.851994353123357,0.65496950970824,0.269771338206886
185.85,0,4.63851817361878,0.857964445719511,0.852956809245318,0.655142382767136,0.270933378513709
185.86,0,4.62312020994097,0.856253430129537,0.854437769699046,0.658601926885656,0.270571739968712
185.87,0,4.6079755437175,0.857525927951265,0.854256062194353,0.65737324057788,0.269858752960578
185.88,0,4.59308529238531,0.85952587814111,0.85208512855424,0.656496152060556,0.270297245747185
185.89,0,4.57845051060039,0.858755656628942,0.849862217805851,0.655512614714274,0.270560204239935
185.9,0,4.5640721910947,0.857569147143121,0.85450506514407,0.655474352233568,0.270768522248891
185.91,0,4.54995126553428,0.859800366009994,0.84986002794276,0.657221168680576,0.271124042878707
185.92,0,4.53608860537748,0.858638740440582,0.849854718167946,0.654238533600147,0.27013337338644
185.93,0,4.52248502273226,0.858633868678032,0.852179229841846,0.656827180333376,0.272790576698574
185.94,0,4.50914127121111,0.860532731863855,0.849514745714947,0.65719544692421,0.269797269279027
185.95,0,4.49605804678246,0.861040399013804,0.847461916724599,0.654987931551168,0.271646169437042
185.96,0,4.48323598861774,0.86083793957353,0.850277230366643,0.657488894543419,0.269550475802179
185.97,0,4.47067567993286,0.860249127197689,0.84819470420102,0.654474374186711,0.270136365211363
185.98,0,4.45837764882278,0.862021347599893,0.852103553218569,0.657280241814197,0.269729967487219
185.99,0,4.44634236908868,0.862528381036333,0.848884463796729,0.657232546985883,0.2709064934862
186,0,4.4345702610567,0.862690997483596,0.846035625198632,0.6559378854696,0.270551930642537
186.01,0,4.42306169238682,0.862045857486407,0.849261693829893,0.65807254667878,0.272536953881228
186.02,0,4.4118169788716,0.861178785289886,0.847172920751474,0.65504903350329,0.269841211953079
186.03,0,4.40083638522381,0.862553710364336,0.849253163315486,0.655814650698133,0.268831870980568
186.04,0,4.39012012585185,0.865369339793445,0.848746814192493,0.658684484523252,0.270769705718864
186.05,0,4.37966836562257,0.862910623076272,0.847074769477192,0.656354937232717,0.27029245287042
186.06,0,4.36948122061077,0.864994131039072,0.847744869077476,0.656273771624364,0.268777758785276
186.07,0,4.35955875883427,0.864837963194984,0.846426349747677,0.65829070532511,0.273886856568643
186.08,0,4.34990100097456,0.865283021472179,0.84603960754762,0.656193162107489,0.268889647562518
186.09,0,4.34050792108201,0.86417929138236,0.845038752318318,0.655336825524352,0.271355175257154
186.1,0,4.33137944726519,0.866332728487552,0.846318172990353,0.65608492671153,0.271134591421191
186.11,0,4.32251546236385,0.869567354621094,0.846517669382952,0.657520331977685,0.271402814943646
186.12,0,4.31391580460521,0.866336999526371,0.847508277829258,0.656363783749455,0.272663886317978
186.13,0,4.30558026824281,0.867268765564532,0.846393434415141,0.658590326565717,0.268085664174548
186.14,0,4.29750860417787,0.868299646257067,0.846824961872794,0.655337143500888,0.267813892169941
186.15,0,4.28970052056272,0.867424167718241,0.846945314656578,0.657635896454842,0.268124163334979
186.16,0,4.28215568338596,0.866751962616692,0.84787076652245,0.655229994216518,0.270798740411664
186.17,0,4.27487371703905,0.870026476150835,0.846069802695328,0.656193847091265,0.270594357754813
186.18,0,4.26785420486432,0.866456168814367,0.845074076233954,0.657137608336873,0.269001821890557
186.19,0,4.26109668968408,0.869056379060026,0.845313804528965,0.653270461622454,0.271134205579971
186.2,0,4.25460067431057,0.866788411058449,0.844646483385632,0.658079027301372,0.272425568746973
186.21,0,4.24836562203698,0.866981325628224,0.845621942871739,0.656520384017247,0.268620027900958
186.22,0,4.2423909571092,0.869145785712368,0.845322190663114,0.659772229941556,0.268648204448577
186.23,0,4.23667606517847,0.867304386694106,0.844959698613098,0.656087332330558,0.269918295012954
186.24,0,4.23122029373467,0.867395861958393,0.846435529092028,0.655746065528817,0.271392659021094
186.25,0,4.22602295252084,0.865902071761122,0.843180659633824,0.655746921258856,0.269288835003961
186.26,0,4.22108331392834,0.866239400912131,0.840161485251331,0.657790763657869,0.269329607309711
186.27,0,4.21640061337337,0.869997634581121,0.844901480408523,0.65787722262832,0.270965171328286
186.28,0,4.21197404965473,0.8684761645197,0.843494365321492,0.654879893131636,0.270326897622884
186.29,0,4.20780278529302,0.870772072436185,0.84243370249445,0.651810063376751,0.268008637199115
186.3,0,4.20388594685161,0.867373253523341,0.841150222708713,0.655755900870711,0.269612775219641
186.31,0,4.2002226252397,0.869556344288458,0.845506663966721,0.657829480492621,0.270205212631844
186.32,0,4.19681187599759,0.870333524774592,0.843264227594768,0.658285493810162,0.269583660315361
186.33,0,4.19365271956469,0.871385541028945,0.840419380888541,0.654725826418192,0.266715806970753
186.34,0,4.19074414153055,0.870988021512118,0.841321963690303,0.655233300502865,0.267473699204472
186.35,0,4.18808509286938,0.869594629504665,0.84143051628056,0.657173713949416,0.268189542868915
186.36,0,4.18567449015834,0.86828175563529,0.839875547822417,0.656447175570232,0.269178229342641
186.37,0,4.18351121578042,0.871138038632035,0.844240782670329,0.655038270983624,0.267933273401373
186.38,0,4.18159411811194,0.871026981102979,0.843136765199432,0.657188323575187,0.27077501642948
186.39,0,4.1799220116956,0.869826769146828,0.843196972788694,0.656768582125519,0.269105492086689
186.4,0,4.17849367739942,0.870167829511662,0.840764130847917,0.65676286140555,0.270864080385125
186.41,0,4.17729091100121,0.869821083486145,0.840894900771578,0.656219647913825,0.27049671114012
186.42,0,4.17616303098042,0.868910408074705,0.840839276813592,0.65741112528772,0.269127136703098
186.43,0,4.17507678930834,0.869241252749382,0.841393124816308,0.653403036016508,0.269054645141353
186.44,0,4.17403195319995,0.867238541697654,0.839010265502969,0.655394775784044,0.268396431224741
186.45,0,4.17302827722661,0.871436884779455,0.841128208871825,0.655175370900837,0.26938659082529
186.46,0,4.17206550346259,0.871365910096903,0.839612906185556,0.654041185630242,0.271805167465544
186.47,0,4.17114336163769,0.872156443612279,0.84005008650633,0.655099755876992,0.270505079114051
186.48,0,4.17026156929584,0.870873715056405,0.838797169983348,0.654819526867528,0.270609660328794
186.49,0,4.16941983195962,0.871823262513413,0.840495378841728,0.654921846746873,0.271756332403881
186.5,0,4.16861784330061,0.873181755211643,0.837531514213189,0.654812004292178,0.268023384501774
186.51,0,4.16785528531524,0.871525735352266,0.839621164725444,0.653042558686781,0.273168422426436
186.52,0,4.16713182850641,0.868887330819429,0.837310851053932,0.651663730314042,0.26881231567535
186.53,0,4.16644713207029,0.870807296125741,0.836884599346045,0.654312844998158,0.267937704285297
186.54,0,4.16580084408861,0.868723079947419,0.838459570549578,0.653547911811444,0.27282455999612
186.55,0,4.16519260172591,0.868856702626068,0.84245327095048,0.654959416757343,0.270447928579201
186.56,0,4.164622031432,0.87134550160406,0.836893215699388,0.654932735816187,0.269894979835133
186.57,0,4.16408874914913,0.867687872930956,0.840036735863809,0.656165339837719,0.268051306839404
186.58,0,4.16359236052401,0.870424401702176,0.838587347905615,0.65370426327174,0.268336716226205
186.59,0,4.16313246112434,0.870717994227598,0.840044689355981,0.653385675045294,0.268052991446467
186.6,0,4.16270863665988,0.871823689216926,0.837231631687395,0.651141926728327,0.271010348318424
186.61,0,4.1623204632077,0.871527933309317,0.837397241020683,0.653396671658725,0.270559874973188
186.62,0,4.16954384239823,0.867993750341469,0.835980149518223,0.652934930399544,0.269068965228818
186.63,0,4.18447899039352,0.868538000496737,0.837025272646109,0.653083017131263,0.270786124173002
186.64,0,4.1908138372905,0.868918697214417,0.837469185139629,0.652196248041483,0.267433945664688
186.65,0,4.19531035184501,0.866594851052177,0.838483063903062,0.651685735375518,0.268996222547148
186.66,0,4.19970179388994,0.86730790502545,0.83726965082812,0.653879496735389,0.27081293446479
186.67,0,4.20425448088356,0.866834874712366,0.837070751099198,0.655362268574629,0.270728424090437
186.68,0,4.2089989422893,0.869794521675096,0.837604902425185,0.653034965605484,0.26795684959992
186.69,0,4.21393625997267,0.867363498507012,0.838050459240586,0.655436176138355,0.26971108414489
186.7,0,4.21906449253436,0.867636678170024,0.835160049222964,0.655687717932504,0.270636939053098
186.71,0,4.22438143300865,0.869179161123803,0.836497687139923,0.653210902003308,0.266367698830816
186.72,0,4.22988483372951,0.86642008684127,0.837410184043919,0.654258743993888,0.269862685613284
186.73,0,4.23557241698458,0.867461889370587,0.838298629245346,0.65296023571591,0.268143209745866
186.74,0,4.24144187442668,0.865599245242226,0.835727641467849,0.653924981621789,0.271415844239102
186.75,0,4.24749086696121,0.866657702863224,0.835665645141921,0.653047375647417,0.270462695737691
186.76,0,4.25371702489195,0.866544591375151,0.835572385234484,0.653029530205301,0.269434547857332
186.77,0,4.26011794812885,0.866051531678011,0.834511806687107,0.651462256675391,0.271173516171649
186.78,0,4.26669120642105,0.86634923927917,0.832401983647796,0.652473837568174,0.269901535365556
186.79,0,4.27343433961066,0.865357769813268,0.837717353004747,0.651730957169802,0.269743010849959
186.8,0,4.28034485790765,0.866236182070736,0.836751260135386,0.652072351163627,0.269903052571977
186.81,0,4.28742024218656,0.866463873666828,0.835282442088944,0.650079531873692,0.272520715940935
186.82,0,4.29465794430596,0.862134853561546,0.835776094827393,0.650067996769858,0.269447960819875
186.83,0,4.30205538745139,0.865351376725132,0.837182421687682,0.649265909038556,0.269809039338685
186.84,0,4.30960996650257,0.863602800627266,0.835473215546957,0.652070119673401,0.270542113810238
186.85,0,4.31731904842569,0.863788939511471,0.834745083094654,0.650412360652685,0.269951461614879
186.86,0,4.32517997269145,0.862346025249968,0.833800704119584,0.649029634707267,0.267577591762726
186.87,0,4.33319005171962,0.862686055653002,0.835163217700555,0.652902125091417,0.270558163529603
186.88,0,4.34134657135068,0.860673769162618,0.833373469014147,0.651412072204739,0.272585522959039
186.89,0,4.34964679134537,0.860247282440127,0.83492107115343,0.650921755865371,0.271483718736019
186.9,0,4.35808794591255,0.860521929171142,0.833399826249225,0.647994750576899,0.270429358482286
186.91,0,4.36666724426605,0.859855966035532,0.833985789370069,0.65072013246023,0.269245733559097
186.92,0,4.37538187121114,0.8599143041299,0.833342186598691,0.65077927619643,0.272070758058368
186.93,0,4.38422898776091,0.861013359106021,0.832857045676444,0.649790078781041,0.27247586957582
186.94,0,4.39320573178321,0.861918559538665,0.832829084871462,0.650422464895027,0.26902697072608
186.95,0,4.40230921867848,0.861543658999617,0.833361838360751,0.650150028412974,0.267893773893377
186.96,0,4.41153654208891,0.856686181157694,0.832599960037553,0.647728796217611,0.27184164402076
186.97,0,4.4208847746392,0.857894065022465,0.83423537186883,0.649966691595503,0.270229733859018
186.98,0,4.43035096870932,0.858672952166801,0.832997347146014,0.648606899017903,0.270803113322202
186.99,0,4.43993215723946,0.85771964568309,0.832977119266246,0.6498087128533,0.270857041762952
187,0,4.44962535456734,0.85893812845811,0.833367470593642,0.648289027566621,0.271164003582632
187.01,0,4.45942755729815,0.858815646390923,0.834541749100038,0.648700778009242,0.27202800660989
187.02,0,4.46933574520724,0.853974923443498,0.834962113597405,0.648772904411521,0.271579506427997
187.03,0,4.47934688217539,0.854721407366939,0.834102655707288,0.650540485639013,0.268116390687971
187.04,0,4.48945791715709,0.855045689650573,0.833814044642169,0.650135929053478,0.268108362139705
187.05,0,4.49966578518137,0.856285881654321,0.832261886060207,0.64703396137019,0.271742677033217
187.06,0,4.50996740838545,0.852500401107531,0.832623710670457,0.648424503749337,0.271050239815227
187.07,0,4.52035969708089,0.852551489917282,0.832859865399391,0.648349239972417,0.269253157967683
187.08,0,4.53083955085202,0.85265135684666,0.832975355712791,0.64806684968198,0.2710368688845
187.09,0,4.54140385968662,0.852593338890649,0.832547855844626,0.647951467200695,0.26842651669206
187.1,0,4.55204950513836,0.853103397079495,0.832011737584799,0.64859432727444,0.268509186341602
187.11,0,4.56277336152071,0.853317527550192,0.831443350712158,0.649117412523712,0.27025227596663
187.12,0,4.57357229713203,0.851933918991466,0.834897079076286,0.64605840655351,0.267764121101475
187.13,0,4.58444317551128,0.852483305207988,0.829437840005131,0.646656119461485,0.269210064939845
187.14,0,4.59538285672385,0.850929941420979,0.831413289489181,0.646171379410758,0.270470406546079
187.15,0,4.60638819867706,0.851519214239334,0.831535753345675,0.649344140501019,0.271191150543866
187.16,0,4.61745605846456,0.849742314011274,0.831705807937287,0.644823311534462,0.267725762158978
187.17,0,4.62858329373921,0.853266939049764,0.835425688899779,0.646258718848082,0.272435922331258
187.18,0,4.63976676411345,0.848807698634618,0.830482424756517,0.645698252261209,0.267895471357217
187.19,0,4.65100333258657,0.851937811598668,0.83147417954988,0.646417660188875,0.269099490433514
187.2,0,4.6622898669981,0.849197538558101,0.831523089547508,0.645659621984955,0.270655126844932
187.21,0,4.67362324150631,0.845728675494369,0.831074059024458,0.647707028115288,0.271348307104744
187.22,0,4.68500033809097,0.845422914638347,0.834121823742561,0.646044797990278,0.270764045604299
187.23,0,4.69641804807947,0.846650072945942,0.831815005342199,0.646404836619547,0.271860112683099
187.24,0,4.70787327369519,0.847359712330585,0.832087644881035,0.644691435747411,0.271114709988411
187.25,0,4.71936292962708,0.846700860480889,0.831641017579099,0.646071352370523,0.270239231960256
187.26,0,4.73088394461946,0.847576047337041,0.831443196890874,0.645452872733592,0.26963539520663
187.27,0,4.74243326308065,0.846042056601369,0.832270037468562,0.645508564977192,0.271576239641702
187.28,0,4.75400784670945,0.843376762266978,0.831856108312675,0.64554244188792,0.270604721155396
187.29,0,4.7656046761382,0.844937805354837,0.833047705555368,0.645037195426397,0.269919284403299
187.3,0,4.77722075259098,0.841319332662812,0.833003040416251,0.646266640230935,0.268927189006867
187.31,0,4.78885309955589,0.84584522471693,0.832619478498792,0.645745403632882,0.267165260318279
187.32,0,4.80049876446977,0.843750182954437,0.831656706851326,0.643007353524156,0.271301181910768
187.33,0,4.81215482041425,0.843848956799905,0.832160525934595,0.642192085499448,0.267205203403065
187.34,0,4.82381836782148,0.841518944913901,0.831490304088545,0.645074331755385,0.270599775513227
187.35,0,4.83548653618817,0.844442358995029,0.83104640377289,0.644244816037319,0.270371283964828
187.36,0,4.84715648579655,0.842432092969651,0.833613080447942,0.64420221948803,0.271992695240987
187.37,0,4.85882540944054,0.839245525147784,0.832344260269354,0.642909915456391,0.271740792435269
187.38,0,4.87049053415572,0.840562489665128,0.834725548881271,0.643180544164329,0.269462725377908
187.39,0,4.88214912295154,0.841194387396782,0.833684112427854,0.645236840339393,0.27129244017863
187.4,0,4.89379847654416,0.83802412616866,0.833968885633748,0.644641909603949,0.270170035338926
187.41,0,4.90543593508827,0.840422229967798,0.828215505985434,0.645307719593553,0.270860277577919
187.42,0,4.91705887990633,0.840077459329725,0.832185817877957,0.643770687038324,0.270507597097523
187.43,0,4.92866473521363,0.837876234203002,0.831512109443519,0.643738207197035,0.271655453195183
187.44,0,4.94025096983739,0.840031364516529,0.83101630387253,0.644861933911396,0.269973621864841
187.45,0,4.95181509892845,0.83893131047676,0.832799386098414,0.644268843042164,0.269780033053848
187.46,0,4.96335468566372,0.839359897996756,0.832279037259139,0.641662486661961,0.269199306908529
187.47,0,4.97486734293773,0.835096316826478,0.828737649317621,0.643409448630032,0.270045761640698
187.48,0,4.98635073504184,0.831772739119525,0.832616055551389,0.64348596051665,0.271853297215888
187.49,0,4.99780257932916,0.834384403669624,0.833161121219014,0.643049750388952,0.267619612243365
187.5,0,5.00922064786365,0.83489195150213,0.831706739861423,0.643385132278596,0.270460820279717
187.51,0,5.02060276905188,0.836668786888738,0.828472169231516,0.643271905169619,0.269195961952924
187.52,0,5.03194682925559,0.834498839409243,0.831707308996039,0.644294711576782,0.270374627637653
187.53,0,5.04325077438354,0.835181696862027,0.83315494757572,0.645677715840211,0.270775797836175
187.54,0,5.05451261146108,0.831680451599054,0.829767960674305,0.64380259963934,0.271173088524627
187.55,0,5.06573041017577,0.830615469867124,0.829412014422608,0.642234975666955,0.269488706088129
187.56,0,5.07690230439756,0.833076894820361,0.832559247783812,0.64500545933964,0.272099451649894
187.57,0,5.08802649367185,0.829869581310511,0.832051249585572,0.643962703584996,0.267188013296294
187.58,0,5.09910124468415,0.830816571409093,0.834434351418176,0.640990833941022,0.26960950852162
187.59,0,5.11012489269454,0.833063594136709,0.828240460224736,0.642359772951704,0.269005166405448
187.6,0,5.12109584294082,0.83184879723764,0.831420126730596,0.641692054745392,0.269238694272204
187.61,0,5.13201257200864,0.831408689788806,0.829050204874552,0.644797426185598,0.270206134406878
187.62,0,5.14287362916734,0.830346474801281,0.829210587368752,0.643974474832525,0.269850506847783
187.63,0,5.15367763767017,0.828456311725172,0.832557600616236,0.644929124605402,0.27048996556896
187.64,0,5.16442329601763,0.827249988134869,0.827762634442689,0.643243961640862,0.271992185318024
187.65,0,5.17510937918249,0.828007323627457,0.831472077777059,0.643176776995132,0.272202874012552
187.66,0,5.18573473979548,0.827205253286605,0.83096820640481,0.639503215820266,0.268128569573576
187.67,0,5.19629830929032,0.827708243187326,0.834504462962885,0.647830845441225,0.267149656156194
187.68,0,5.20679909900716,0.828279082362991,0.830698363652965,0.642002171279146,0.270028900191773
187.69,0,5.21723620125306,0.829348948985002,0.829737712396443,0.643997149254205,0.271003566485505
187.7,0,5.22760879031894,0.827980981209857,0.830846789062177,0.642790443354533,0.269954620037673
187.71,0,5.23791612345156,0.826677617968383,0.830892062590985,0.642392081388347,0.269458849811334
187.72,0,5.24815754177998,0.827255715663383,0.833451869082522,0.641002717901171,0.270296560625108
187.73,0,5.25833247119557,0.826236140473372,0.833534120821545,0.642261634249274,0.271328665415654
187.74,0,5.26844042318467,0.824513580396293,0.834561393571473,0.641010458090666,0.265615349279936
187.75,0,5.27848099561335,0.827450109191135,0.831490363732028,0.64304876481905,0.268249601747828
187.76,0,5.28845387346346,0.827512228576231,0.83073311234358,0.643248331939247,0.267743440561763
187.77,0,5.29835882951958,0.823663960316539,0.833300330425235,0.642577520209163,0.268515720236565
187.78,0,5.30819572500604,0.823547593908632,0.832390033410632,0.64246488597289,0.269392409148921
187.79,0,5.3179645101739,0.822415587036551,0.832687316700974,0.641608360534173,0.27139285665692
187.8,0,5.32766522483716,0.825019530424545,0.83143148656671,0.643832720107146,0.269765446462297
187.81,0,5.33729799885809,0.825567037377712,0.830925916117358,0.644640377668523,0.270743184016186
187.82,0,5.34686305258144,0.824099368500405,0.830939473308754,0.643120247844678,0.270202863453931
187.83,0,5.35636069721696,0.822817147627276,0.832223818333699,0.642754626342372,0.270733265012386
187.84,0,5.36579133517073,0.823173860390704,0.830987237084812,0.644592675156087,0.270922334143421
187.85,0,5.3751554603246,0.822324554305934,0.831301632961516,0.643997010362369,0.270036760340566
187.86,0,5.38445365826418,0.822162253483019,0.83056654191978,0.643938758302436,0.270712912786817
187.87,0,5.39368660645524,0.823796041652911,0.832945405415624,0.643980888187016,0.267227768250218
187.88,0,5.40285507436877,0.821216244526631,0.834824358493363,0.642546429488359,0.268351890848052
187.89,0,5.41195992355474,0.820850612618635,0.836018637891332,0.643758280190487,0.269652456665493
187.9,0,5.42100210766508,0.820923183676409,0.833036103548846,0.641789948356323,0.27075812985781
187.91,0,5.42998267242598,0.818657147298913,0.832467728878426,0.643565982525538,0.27054512730959
187.92,0,5.43890275555998,0.822325465197331,0.831645118534238,0.646618284573475,0.269868584231741
187.93,0,5.44776358665842,0.818675285272451,0.832761348002481,0.64356723389885,0.271598150718787
187.94,0,5.45656648700458,0.819529952041033,0.831860194250263,0.64193182300296,0.271753212909879
187.95,0,5.4653128693483,0.821721735771462,0.83255164950383,0.64294438055705,0.26801595301724
187.96,0,5.47400423763248,0.815815482315882,0.832270438924015,0.646424501631705,0.273073100236587
187.97,0,5.48264218667242,0.818838741625186,0.835061504095044,0.641095112622135,0.271952989151733
187.98,0,5.49122840178849,0.818346649900395,0.830656265515204,0.64330089436996,0.26949993729403
187.99,0,5.49976465839326,0.819229766049017,0.832225210977319,0.643850129304972,0.271333474496433
188,0,5.50825282153353,0.817143514141239,0.832886131631937,0.641913317135494,0.268165601321201
188.01,0,5.51669484538861,0.817600187085412,0.833384399339132,0.645680254684248,0.272867528902249
188.02,0,5.52509277272551,0.819232361149005,0.834127848214605,0.646078054651993,0.268922873352963
188.03,0,5.53344873431214,0.815280982700363,0.834013717208885,0.644513638093861,0.270419834976654
188.04,0,5.5417649482896,0.814997518064607,0.835487277684969,0.645281026064559,0.271134250162789
188.05,0,5.55004371950465,0.816591347615005,0.836172278265256,0.643868973131045,0.272277390286436
188.06,0,5.55828743880342,0.814793839923689,0.832725913647454,0.644566250312335,0.272265343377591
188.07,0,5.5664985822876,0.814799845905736,0.832146555725527,0.644001724112325,0.269004282519946
188.08,0,5.5746797105344,0.811622699615804,0.835162276387553,0.642850939085022,0.270800710347139
188.09,0,5.58283346778121,0.814635116452138,0.836170702648251,0.646832446929271,0.269061379714965
188.1,0,5.5909625810767,0.813260110509077,0.832029990606726,0.644766772307315,0.2703444287646
188.11,0,5.59906985939919,0.81673561718426,0.836066167271059,0.643937493422093,0.270034279549333
188.12,0,5.60715819274395,0.815697527209255,0.835437488299289,0.643750862825388,0.265427744497869
188.13,0,5.61523055118062,0.813613891577394,0.83572500291148,0.644268375626056,0.271410449842804
188.14,0,5.62328998388212,0.813582485290952,0.836054668807923,0.646210020974707,0.268275611325557
188.15,0,5.63133961812649,0.811418451801154,0.835907375426308,0.644712132957817,0.271560155078532
188.16,0,5.63938265827308,0.81471725910748,0.835175872628743,0.645680095007055,0.271931667384665
188.17,0,5.64742238471432,0.81337320248181,0.835491384134072,0.647065330964923,0.27005280960885
188.18,0,5.65546215280477,0.809296124529348,0.834295747973695,0.646619208277106,0.272520522190072
188.19,0,5.66350539176863,0.809558678316242,0.835248209516347,0.645078291685214,0.269239486736615
188.2,0,5.6715556035873,0.809901999887129,0.835832225041354,0.647535244799355,0.270035050953609
188.21,0,5.67961636186832,0.810162117084663,0.837589667601894,0.647259425632516,0.267463646032861
188.22,0,5.68769131069719,0.813557921605194,0.835071599688663,0.648037901672055,0.272178539293229
188.23,0,5.69578416347347,0.810082033398699,0.834546835693099,0.647097868911947,0.270620819789735
188.24,0,5.7038987017326,0.810042346202178,0.836853081029102,0.650897608800275,0.2707705229361
188.25,0,5.71203877395477,0.80996186975591,0.833581715836478,0.648703640732661,0.270982202516027
188.26,0,5.72020829436239,0.809595766754237,0.834120429706857,0.646628010292971,0.27131428180933
188.27,0,5.72841124170738,0.810833031638206,0.837071657005769,0.646380465723014,0.269483578540715
188.28,0,5.73665165804983,0.809372127072429,0.833888400165672,0.644089672162013,0.268418713078326
188.29,0,5.74493364752916,0.809239906278867,0.838153097207775,0.646352922120073,0.268442409815399
188.3,0,5.75326137512932,0.808440816628981,0.836804107532428,0.645464524312088,0.270333728111897
188.31,0,5.76163906543926,0.806618593146561,0.835899229423711,0.645517458962062,0.267836092958765
188.32,0,5.77007100140984,0.804998701505468,0.837750248825169,0.646371969640832,0.27010505335694
188.33,0,5.77856152310866,0.808099432633376,0.841484363180716,0.648033493510975,0.269588055089909
188.34,0,5.78711502647375,0.808329685265627,0.837208398930489,0.64927877884111,0.269386851155236
188.35,0,5.79573596206765,0.805249017800313,0.835754651153876,0.650519567366483,0.269999597737003
188.36,0,5.80442883383273,0.803597690194676,0.836537242627435,0.647621249143618,0.269186999921765
188.37,0,5.81319819784897,0.807114623407858,0.837747010079388,0.648220593428549,0.272283668207666
188.38,0,5.8220486610954,0.808505122162358,0.839064347761847,0.650296195182826,0.273435546862136
188.39,0,5.83098488021618,0.804760484095531,0.836076205162708,0.648129609241604,0.270854279238184
188.4,0,5.84001156029207,0.80343186349754,0.836562266296986,0.649855644908832,0.269807040536039
188.41,0,5.84913345361884,0.804287940954421,0.835759797952518,0.650489123229925,0.270185963196652
188.42,0,5.8583553584928,0.805799976117155,0.838449828542521,0.649558183252439,0.270860760777097
188.43,0,5.86768211800501,0.805122587571849,0.840587399416953,0.649464937389204,0.270190232925782
188.44,0,5.87711861884446,0.804175742832461,0.837710354911328,0.648785185294874,0.271293025163191
188.45,0,5.88666979011142,0.804613232398825,0.839126885624662,0.649041222137754,0.26824099606725
188.46,0,5.89634060214129,0.803560687030744,0.837539589095406,0.649196718191317,0.272036388665979
188.47,0,5.90613606534,0.801670941458637,0.839369669052223,0.649325289791552,0.269133544817766
188.48,0,5.91606122903137,0.800860386425347,0.839579290906853,0.648591252840088,0.270515603697125
188.49,0,5.92612118031704,0.805587810656413,0.838617155306225,0.652262044125562,0.26844168003067
188.5,0,5.9363210429495,0.803122627402598,0.839842139501707,0.652302464098774,0.26944791123054
188.51,0,5.94666597621883,0.804420312366925,0.838165985635141,0.651792449700682,0.267321791639588
188.52,0,5.95716117385329,0.802076099162414,0.838680760341943,0.648348616596344,0.271680785155038
188.53,0,5.96781186293439,0.801284750830866,0.838514383381987,0.648730777215816,0.269667381227949
188.54,0,5.97862330282662,0.801809161190212,0.842314881476979,0.650171162950097,0.272505538091829
188.55,0,5.98960078412216,0.801290563682336,0.841850671770959,0.652607535870775,0.269349007230418
188.56,0,6.00074962760059,0.799058966356443,0.841202857986232,0.649993475397398,0.270353789809497
188.57,0,6.01207518320409,0.798835343448961,0.841077456654897,0.651468832853101,0.26948010901629
188.58,0,6.02358282902791,0.799158563320837,0.840980455654672,0.649673579267378,0.269679250609428
188.59,0,6.03527797032625,0.802147745675016,0.838926128806093,0.650529602669148,0.268427055065156
188.6,0,6.04716603853359,0.798226623570104,0.837987779350136,0.65083511415092,0.268979152493146
188.61,0,6.05925249030134,0.800230275783887,0.840442472558523,0.652512192669101,0.269032242609214
188.62,0,6.07154280654962,0.798441731111191,0.844117295041354,0.651178854468191,0.271202806084666
188.63,0,6.08404249153412,0.798514692058851,0.842716282180943,0.651158315643765,0.269128288901217
188.64,0,6.09675707192777,0.796510499544184,0.842881255599938,0.653630733836966,0.268634520372604
188.65,0,6.10969209591686,0.79635875018438,0.843454408275859,0.652055286024735,0.269529959695059
188.66,0,6.12285313231122,0.797523561486882,0.842097104338301,0.650851629582421,0.268285014741227
188.67,0,6.13624576966838,0.799475380023649,0.843957154403276,0.651754191718195,0.273667298719681
188.68,0,6.14987561543078,0.796355215131025,0.843231014468414,0.653185894081518,0.269411835531619
188.69,0,6.16374829507603,0.795269873151846,0.840835468603895,0.652617630611374,0.270507307570567
188.7,0,6.17786945127925,0.794536638914946,0.841734130119073,0.653941948606836,0.270386030517321
188.71,0,6.19224474308723,0.794333425215735,0.84388143159416,0.651204865792698,0.270517479211943
188.72,0,6.20687984510349,0.793668981857948,0.841977143109499,0.65166879071064,0.269547421261003
188.73,0,6.22178044668384,0.79576104246367,0.843462200935515,0.652993285129437,0.268515084010913
188.74,0,6.23695225114142,0.793924654749238,0.84293845398085,0.654710610640928,0.272695980630749
188.75,0,6.25240097496055,0.794040475971803,0.84422007439015,0.654164770912297,0.268905788371493
188.76,0,6.26813234701874,0.79536744203765,0.84350615647099,0.652940582305522,0.27048850493097
188.77,0,6.28415210781566,0.792752815570664,0.843355025349483,0.653495925063835,0.269079710391047
188.78,0,6.30046600870846,0.792256704335296,0.844219631691838,0.654449189631496,0.269418272246849
188.79,0,6.31707981115228,0.789574854845087,0.844719405936273,0.653120285360883,0.272705723372597
188.8,0,6.33399928594517,0.787690639078774,0.844268314976652,0.654195075718418,0.269730655802918
188.81,0,6.35123021247609,0.790161934096813,0.84453810376163,0.654605586099293,0.268010098574261
188.82,0,6.36877837797537,0.78893210783187,0.84480274037741,0.656127732279714,0.270325276190198
188.83,0,6.38664957676606,0.789923373829517,0.846430750553733,0.652084150521485,0.267805916040824
188.84,0,6.40484960951538,0.789460024604596,0.847704823090316,0.653732547164826,0.270772608529932
188.85,0,6.42338428248501,0.787581653646042,0.846446979700526,0.65430167862592,0.272458878082224
188.86,0,6.44225940677898,0.788791783048876,0.847282828660762,0.65438448062833,0.269532926172848
188.87,0,6.46148079758799,0.787180937366869,0.845836704527899,0.653715975472576,0.269528492425171
188.88,0,6.48105427342893,0.784878913810002,0.846355487873196,0.656500252006745,0.271901416304666
188.89,0,6.50098565537833,0.782814556496183,0.847535175438957,0.655703251201122,0.268694891803365
188.9,0,6.52128076629838,0.78535737453818,0.845597326860829,0.652700008135313,0.268526297709915
188.91,0,6.54194543005432,0.785189801947715,0.847101675041471,0.658609257912807,0.268240939767904
188.92,0,6.56298547072182,0.784490797616681,0.846878331632811,0.658022126465321,0.270166740702531
188.93,0,6.58440671178296,0.782941918737412,0.849583542651838,0.65483486166856,0.271269270237383
188.94,0,6.60621497530938,0.783482736938913,0.846077292405008,0.65485477173942,0.270402620467984
188.95,0,6.62841608113159,0.784322204647026,0.848476195343508,0.655718201594,0.270961373119903
188.96,0,6.65101584599247,0.782113563513679,0.849886703683585,0.656338647718314,0.268037417602423
188.97,0,6.67402008268404,0.782620608854957,0.850759764458347,0.659561433529867,0.269901897900234
188.98,0,6.69743459916591,0.778658926277136,0.851356697760366,0.657040931094327,0.269682455702078
188.99,0,6.72126519766395,0.780903969190504,0.848332008998622,0.657235026693405,0.270313687073432
189,0,6.74551767374776,0.782261945794997,0.848379617821775,0.655221989171276,0.270759970127839
189.01,0,6.77019781538562,0.777547586349111,0.850873886107685,0.658115666857515,0.269736419633417
189.02,0,6.79531140197561,0.776999807514216,0.851422349667449,0.655650831124189,0.270576500325252
189.03,0,6.82086420335083,0.776122759001712,0.851929326287586,0.653694990317382,0.268304336577818
189.04,0,6.84686197875836,0.775746030516076,0.851819944279,0.657694934524378,0.270011399090957
189.05,0,6.87331047580955,0.776792222756527,0.851179235814514,0.656314236704642,0.271000773834474
189.06,0,6.90021542940078,0.77652038681916,0.853500293057245,0.656321063717627,0.269719128599362
189.07,0,6.92758256060322,0.773817946718658,0.850949465802403,0.657937030579954,0.268550433113698
189.08,0,6.95541757552011,0.774385925484483,0.8502105582482,0.655303819335037,0.270336778192186
189.09,0,6.98372616411018,0.77136807569294,0.854139745572142,0.656809255275621,0.271501531942221
189.1,0,7.01251399897602,0.77295475947263,0.849613350164178,0.657493653999009,0.267871264244299
189.11,0,7.04178673411597,0.770368772558036,0.850410789495232,0.655696467903494,0.269049643423463
189.12,0,7.07155000363808,0.771570010493149,0.852766856396541,0.6585827995672,0.269853627135803
189.13,0,7.1018094204351,0.770119743836539,0.856096004354455,0.658524806718784,0.270416355737157
189.14,0,7.13257057481921,0.770743550793259,0.852707906599022,0.656381639957035,0.268312318017802
189.15,0,7.163839033115,0.767782000424307,0.853732303534793,0.657006968831883,0.269759293882175
189.16,0,7.19562033620973,0.769061384514458,0.851632921484431,0.655579182598846,0.273053832035948
189.17,0,7.22791999805988,0.767045698761424,0.853174807167127,0.657086956904712,0.270472246448657
189.18,0,7.26074350415228,0.767233690176865,0.854456467877502,0.657849731246296,0.268898052924589
189.19,0,7.2940963099193,0.765241284632236,0.853808296672034,0.658506104047676,0.267575522167222
189.2,0,7.32798383910683,0.765102645850415,0.853267465916261,0.656631828285637,0.270747629034606
189.21,0,7.36241148209397,0.764203265815693,0.85336765253581,0.657968169768727,0.270470313551787
189.22,0,7.39738459416347,0.760258670133433,0.856462628226315,0.658092853854278,0.267839499706636
189.23,0,7.43290849372229,0.759286691972521,0.8544255673484,0.654518195464735,0.270255599073538
189.24,0,7.46898846047102,0.76125766839093,0.857622231759249,0.658089430306021,0.269108113695826
189.25,0,7.50562973352142,0.758943341508681,0.857514241348739,0.655737141876792,0.270056651281621
189.26,0,7.54283750946177,0.759841047851217,0.85657982102168,0.657355978498434,0.27035422840333
189.27,0,7.58061694036864,0.75909063784699,0.85468807499024,0.656065339990289,0.270233340169728
189.28,0,7.61897313176488,0.757698621885067,0.855651110417232,0.655870453576462,0.270177944550449
189.29,0,7.65791114052331,0.754074952346783,0.857808586236694,0.657446132923831,0.271354936098812
189.3,0,7.69743597271535,0.754350035275028,0.857123195381788,0.655450407399766,0.267769097694331
189.31,0,7.73755258140399,0.753973572034873,0.857673127422062,0.658694125038513,0.27060070961279
189.32,0,7.77826586438149,0.751690039142757,0.858931995651184,0.656616271925895,0.271194457242674
189.33,0,7.81958066185067,0.752541747783215,0.858388615258569,0.659225557553692,0.268709537810458
189.34,0,7.86150175404987,0.751491578771327,0.855336987986101,0.657144578927929,0.272882724953907
189.35,0,7.90403385882166,0.750405427042149,0.857621858295591,0.657209094511413,0.267595263932482
189.36,0,7.94718162912503,0.749641513733953,0.858118532210765,0.65879798955734,0.270698636685758
189.37,0,7.99094965049092,0.751954386630953,0.856355713397146,0.657098051106888,0.268767245987846
189.38,0,8.03534243842145,0.751482373874346,0.856609892296994,0.656166882313351,0.271446061068861
189.39,0,8.08036443573319,0.746447786373265,0.856912539315193,0.655974248530775,0.271494238353179
189.4,0,8.12602000984414,0.746125320483163,0.860811733436965,0.65850033057201,0.269654598774989
189.41,0,8.17231345000543,0.741295481171286,0.859272440565235,0.657180225940628,0.270495886341124
189.42,0,8.21924896447804,0.742302578517752,0.861588066990864,0.656318062134929,0.270682472934693
189.43,0,8.26683067765476,0.743332260525514,0.857807685573239,0.658066989972588,0.27150024224727
189.44,0,8.31506262712845,0.743382085606017,0.85988432916902,0.659220878359327,0.271691616178816
189.45,0,8.36394876070743,0.741791184703063,0.858312536880559,0.65580627138872,0.268619621983139
189.46,0,8.41349293337847,0.740803174547726,0.859033698161119,0.656774410023171,0.27117240958733
189.47,0,8.46369890421846,0.74136501819587,0.860944959055693,0.659160156018138,0.271835519960736
189.48,0,8.51457033325643,0.739045628860164,0.859594003098375,0.657561339293498,0.270675600358601
189.49,0,8.56611077828619,0.73658876915155,0.859320543345774,0.658607088322492,0.269945695629123
189.5,0,8.61832369163141,0.7361652501644,0.860073994185623,0.659019308382233,0.272207658276833
189.51,0,8.67121241686472,0.734337400549971,0.862197771538779,0.656778408646774,0.269116519582172
189.52,0,8.72478018548207,0.73408550328668,0.862870519314059,0.657121437466935,0.269921050506333
189.53,0,8.7790301135336,0.731613251338419,0.864429413153919,0.655181302507239,0.270403129269273
189.54,0,8.833965198214,0.733452222776372,0.866773759732751,0.655651363558203,0.270321568669788
189.55,0,8.88958831441298,0.728352036992416,0.859439689023321,0.655958193972828,0.2688925532611
189.56,0,8.94590221122825,0.727865701118521,0.865183087112262,0.656344353915296,0.269677696831031
189.57,0,9.00290950844357,0.728623216557475,0.862140553014813,0.656213666219815,0.269172530346432
189.58,0,9.06061269297361,0.725950126840012,0.868044703403457,0.658916936421937,0.271990065638729
189.59,0,9.11901411527794,0.725356623842103,0.863756657836738,0.656870042367495,0.267778821737508
189.6,0,9.17811598574703,0.724132581299759,0.863063817455951,0.652917846654629,0.271006584947781
189.61,0,9.23792037106273,0.722761081224824,0.866294842965479,0.659807626593259,0.271313499486247
189.62,0,9.2984291905354,0.720235129698045,0.864713923941141,0.653366713711164,0.270251018395822
189.63,0,9.3596442124214,0.719409468573284,0.861896678173198,0.655016900875645,0.269204505077333
189.64,0,9.42156705022352,0.719856404219632,0.862958804784769,0.65603073392265,0.269111287558674
189.65,0,9.4841991589771,0.720696024869569,0.862702202072712,0.653372129576639,0.271490216022688
189.66,0,9.54754183152549,0.72022023021759,0.866586195606768,0.654707184289944,0.269833049823462
189.67,0,9.61159619478828,0.717220473057954,0.867240594551969,0.653756295205007,0.268558751272953
189.68,0,9.67636320602518,0.716744378356716,0.865177192672522,0.657307784534818,0.270069620745349
189.69,0,9.74184364909937,0.71404621146754,0.865085929919798,0.65450242606508,0.271253994002285
189.7,0,9.80803813074457,0.716473323070854,0.866684253660441,0.655614729747979,0.269819289389373
189.71,0,9.87494707683853,0.711469081782989,0.866305848835274,0.654532314417992,0.26926865263083
189.72,0,9.94257072868757,0.710795093532342,0.866918841806377,0.654598165958007,0.272614715506287
189.73,0,10.0109091393264,0.7094948863745,0.866269351908355,0.65812856303635,0.269608033859788
189.74,0,10.0799621698364,0.707430304347985,0.86848575040402,0.655240195301921,0.270854745225955
189.75,0,10.1497294856873,0.706902143039005,0.868399560699077,0.655942341895572,0.272438630217305
189.76,0,10.2202105531068,0.70661857897448,0.868633360836737,0.654500054745066,0.267183296750932
189.77,0,10.2914046354819,0.70490482892847,0.86663121135212,0.655421672359494,0.269099751677594
189.78,0,10.3633107897962,0.705831233780195,0.868555304998069,0.652899473015004,0.267498811871088
189.79,0,10.435927863109,0.701283972955636,0.869429690541926,0.654064347531149,0.27236554329209
189.8,0,10.5092544890806,0.703269401517628,0.86816208685098,0.653572861762942,0.268163694419376
189.81,0,10.5832890845466,0.699317760596785,0.872522454372459,0.65420946513547,0.27022870441494
189.82,0,10.6574492691849,0.699701532587124,0.868865306895279,0.652060946203124,0.269287689442233
189.83,0,10.7308038199452,0.695852723359547,0.868806743217682,0.65296449196623,0.272342587410959
189.84,0,10.8043597964621,0.695590460181114,0.871720464200636,0.6529984742156,0.269940158314897
189.85,0,10.8784880018538,0.695088280277282,0.87051408885826,0.652191515935675,0.271020833212116
189.86,0,10.9532569997277,0.69359915197015,0.868238086324629,0.652097190093311,0.268713921304094
189.87,0,11.0286749283362,0.69407135662331,0.871209093907039,0.653060601461141,0.272492875434351
189.88,0,11.1047399843946,0.690921078399343,0.869677078677152,0.651454834287681,0.270866536364045
189.89,0,11.1814487225778,0.689957779810407,0.873139534129159,0.652165476765973,0.268773118209128
189.9,0,11.258797273555,0.689688552411557,0.872187573848352,0.652937613874986,0.269361687647232
189.91,0,11.3367815093193,0.688626399472547,0.871567618231114,0.653103441344141,0.269580503367594
189.92,0,11.415397063001,0.687472694883242,0.873536508219114,0.652885365512422,0.267906674774419
189.93,0,11.4946393296294,0.686591157677325,0.871827054578553,0.651909261196836,0.271128029770021
189.94,0,11.5745034645833,0.681495731323155,0.875302630060704,0.652826861151409,0.270138931416649
189.95,0,11.6549843818635,0.682877222532519,0.874184647427281,0.650015999138915,0.270817332337156
189.96,0,11.736076752453,0.682514195081346,0.874325963424315,0.652076727563562,0.269595409729064
189.97,0,11.8177750028023,0.680464767701881,0.873763541384123,0.654397130662057,0.270624469105735
189.98,0,11.9000733134478,0.678083404141423,0.874027208999126,0.653594765960663,0.268933015497792
189.99,0,11.9829656177687,0.679445305463647,0.874394476445373,0.650826192274584,0.26862596555026
190,0.85,12.0664456008856,0.679007130706106,0.874203733388074,0.646680519402127,0.268971112453258
190.01,0.85,12.1505066987077,0.674731125294165,0.874501635801137,0.649642598905232,0.269124078537323
190.02,0.85,12.235142097131,0.675983989753477,0.87605615536897,0.650666930826953,0.269838928446998
190.03,0.85,12.3203447313926,0.672654499725667,0.875330500261896,0.651374322755003,0.269396560528584
190.04,0.85,12.4061072855864,0.671556840333678,0.874564968958237,0.650725981450166,0.269842505190705
190.05,0.85,12.4924221923424,0.670899650185617,0.878238680218867,0.64952386976408,0.269051776701001
190.06,0.85,12.5792816326752,0.668150566698435,0.876052146764573,0.649582065608408,0.270921263060189
190.07,0.85,12.6666775360057,0.670124796775878,0.873899604859827,0.651449307670134,0.269812446450439
190.08,0.85,12.754601580359,0.667777468202835,0.878194946420803,0.651077399622858,0.27152324518626
190.09,0.85,12.8430451927427,0.667235157903254,0.881612118457886,0.648914550838985,0.268913942347496
190.1,0.85,12.9319995497096,0.665920768778402,0.873851113988859,0.646572226126145,0.268731792570209
190.11,0.85,13.0214555781082,0.66604601755309,0.876718056380322,0.650271943612716,0.269805338286937
190.12,0.85,13.1114039560229,0.664172519862714,0.878878603786221,0.649378746616182,0.272487282022618
190.13,0.85,13.2018351139092,0.66291671353588,0.878434715346536,0.649150431519498,0.270031259481989
190.14,0.85,13.292739235926,0.660033664884958,0.879565197308425,0.649378442625233,0.268874052983992
190.15,0.85,13.3841062614671,0.659914123666446,0.880411025419373,0.648717348923815,0.267738533065083
190.16,0.85,13.4759258868953,0.658695348036916,0.880102908610652,0.649203278012312,0.271011772021294
190.17,0.85,13.5681875674819,0.656834002790413,0.875253603982304,0.649296472101134,0.267997487097173
190.18,0.85,13.6608805195528,0.656246305188804,0.879854552347175,0.64649818942212,0.271921308155804
190.19,0.85,13.7539937228437,0.657519318569666,0.881575823552871,0.649369939779041,0.271488347524541
190.2,0.85,13.8475159230669,0.654408054493432,0.884516952344861,0.649771530518914,0.269883066414982
190.21,0.85,13.9414356346902,0.653518640959708,0.88375674845533,0.648439586239314,0.270933277754753
190.22,0.85,14.0357411439294,0.651881085170276,0.883646096592972,0.650257674058223,0.27045530784669
190.23,0.85,14.130420511957,0.648064972462305,0.881127346448281,0.649032206358949,0.270318792956527
190.24,0.85,14.2254615783258,0.64960763313962,0.881614262629599,0.645288749120924,0.269763018804049
190.25,0.85,14.320851964609,0.646638502276867,0.88275636115326,0.646023974952455,0.268288234463365
190.26,0.85,14.4165790782585,0.645286449105307,0.883685040092762,0.649018418819111,0.270703766179282
190.27,0.85,14.5126301166792,0.643895880940717,0.884149159204697,0.646026940031065,0.27132042384545
190.28,0.85,14.6089920715202,0.645508390004116,0.883712896747828,0.648809681010999,0.270595929586706
190.29,0.85,14.7056517331834,0.643307571784635,0.882825756561657,0.646151964557276,0.270358138162343
190.3,0.85,14.8025956955478,0.642458615241391,0.879584580315783,0.64683873811847,0.27091180575999
190.31,0.85,14.8998103609078,0.642231790197338,0.883071195043064,0.64876289744011,0.270188753351113
190.32,0.85,14.997281945126,0.639903118209955,0.882966337561293,0.64769820482721,0.271666342514305
190.33,0.85,15.0949964829988,0.636536268544543,0.88201440920256,0.6455714352378,0.268740073944603
190.34,0.85,15.1929398338304,0.641072178913498,0.8809492350554,0.645995190807585,0.269623191611708
190.35,0.85,15.2910976872174,0.635644890008567,0.885470578206561,0.646617908671643,0.26964061730979
190.36,0.85,15.3894555690376,0.634987721025479,0.885164009605603,0.645285178680413,0.268534144374382
190.37,0.85,15.4879988476429,0.633344695880132,0.886337978732514,0.645127826498174,0.269462963035248
190.38,0.85,15.5867127402521,0.631131806015513,0.884395996482332,0.64628269726084,0.271303466024004
190.39,0.85,15.6855823195411,0.63178372411468,0.883555825687547,0.644660674303122,0.270948981654427
190.4,0.85,15.7845925204258,0.630995846160306,0.885004637335698,0.646840239175804,0.270054134874427
190.41,0.85,15.8837281470357,0.627199590257703,0.885772126346453,0.644325851359056,0.269223364911285
190.42,0.85,15.9829738798726,0.630372062139241,0.886882631435751,0.644596948398307,0.27305759404932
190.43,0.85,16.0823142831497,0.627472878300419,0.887267425201208,0.644133120739303,0.268790391469727
190.44,0.85,16.1817338123081,0.627713446147164,0.885682405324252,0.645873160346205,0.271101891355048
190.45,0.85,16.2812168217047,0.624893642489188,0.888941292328946,0.643864329677967,0.269885248332841
190.46,0.85,16.3807475724658,0.622160679639345,0.886865373723018,0.643479232515726,0.270734770665018
190.47,0.85,16.4803102405011,0.624635386959903,0.890369925580501,0.644737911937222,0.272589627193884
190.48,0.85,16.5798889246737,0.623084598847004,0.886799027136496,0.643795514394648,0.269698966580836
190.49,0.85,16.6794676551187,0.624330673732525,0.889441985360843,0.644641901183179,0.270695068779061
190.5,0.85,16.7790304017026,0.618567440276516,0.88656453790069,0.646058841602033,0.271384381549567
190.51,0.85,16.8785610826212,0.62206816624312,0.888998287724779,0.64421025625691,0.27073541740279
190.52,0.85,16.9780435731253,0.617017792695264,0.888857936371264,0.646626754439979,0.273060211283189
190.53,0.85,17.0774617143677,0.618629774361025,0.889994401398891,0.643728460367515,0.269702361481021
190.54,0.85,17.1767993223674,0.616067431679646,0.889922680442961,0.645688463940104,0.273113100634223
190.55,0.85,17.2760401970787,0.615313667699947,0.891752343150739,0.639299844981119,0.269901202353506
190.56,0.85,17.3751681315613,0.615989955682382,0.889575960868404,0.645796434555405,0.270875601409047
190.57,0.85,17.4741669212417,0.613572166778689,0.888686389748698,0.643200289541831,0.271713910151332
190.58,0.85,17.5730203732582,0.611516222755644,0.891696285665554,0.645387636606333,0.268985780925625
190.59,0.85,17.6717123158813,0.611212068625415,0.891930832125524,0.644914350580062,0.270728900888535
190.6,0.85,17.7702266080009,0.608622891810802,0.893613464737921,0.645280975439629,0.270726087544709
190.61,0.85,17.8685471486718,0.610304946660147,0.890329292175231,0.644047096374339,0.270636142460139
190.62,0.85,17.9666578867086,0.60783559985118,0.889633837583937,0.642478480055399,0.268364160656491
190.63,0.85,18.0645428303207,0.606046436160675,0.893173581793447,0.643603506256765,0.270397567607347
190.64,0.85,18.1621860567802,0.60532155787383,0.891874624382007,0.642090872155923,0.269643253038822
190.65,0.85,18.2595717221101,0.604907743861023,0.894648338060089,0.643798727611137,0.269514306430384
190.66,0.85,18.3566840707874,0.603282677358496,0.896643650967239,0.644887796034017,0.271664887305012
190.67,0.85,18.4535074454491,0.603125613866833,0.893884981642916,0.642268000247445,0.269748859598227
190.68,0.85,18.5500262965926,0.600169438053454,0.892109483372433,0.642329693035847,0.271891426704397
190.69,0.85,18.6462251922609,0.598108743402361,0.894678910226798,0.644204827213121,0.270180103579759
190.7,0.85,18.7420888277039,0.60304814672675,0.895248873837456,0.644618051742213,0.270349398001631
190.71,0.85,18.8377752229957,0.59924728692829,0.892331373111793,0.640366182281203,0.268353590351855
190.72,0.85,18.9350053017855,0.601303593564034,0.897279144047328,0.644210486227378,0.270954731268404
190.73,0.85,19.032949190796,0.597108677956068,0.897018051760397,0.642661659888337,0.269603722566253
190.74,0.85,19.130760977144,0.595784478431773,0.894050225511508,0.64281069042558,0.27047514755133
190.75,0.85,19.2282183034024,0.59630674398706,0.894400349042849,0.641202061798116,0.268598870267911
190.76,0.85,19.3031249081113,0.595112408759668,0.895071652033197,0.642148456230815,0.273043981222422
190.77,0.85,19.3424938708823,0.596748567445702,0.894079698375837,0.643557667388662,0.274178951256594
190.78,0.85,19.3709185008014,0.593701412097509,0.893311521296798,0.644271737515839,0.27002129941969
190.79,0.85,19.3963450291692,0.593880999521847,0.896730500256356,0.638982985953192,0.269874818515988
190.8,0.85,19.4204840102449,0.596226392079169,0.897878168621724,0.644740550327086,0.270997129879314
190.81,0.85,19.4436624491634,0.595240674089976,0.896113148985575,0.643660020300971,0.268635095596865
190.82,0.85,19.4659368322812,0.595676555539773,0.895529884507551,0.641900010593159,0.269660946954989
190.83,0.85,19.4873133487089,0.591557469243166,0.897494495742197,0.642887316535401,0.270543019055345
190.84,0.85,19.5077892693722,0.592945405997246,0.898502337146358,0.643318919451727,0.269547010792104
190.85,0.85,19.5273605597406,0.593503283459058,0.896528321939962,0.644589040557031,0.26841518156666
190.86,0.85,19.546023268123,0.593503833253332,0.897419169937929,0.641812471481543,0.270210052849684
190.87,0.85,19.5637737787801,0.59428947975512,0.898191766890181,0.64429528880368,0.270499316536391
190.88,0.85,19.580608858967,0.596601255235784,0.897154967712412,0.645383013264257,0.268123879580014
190.89,0.85,19.5965256684957,0.592484393390811,0.89901156375105,0.640662592211323,0.270400149099163
190.9,0.85,19.6115217622984,0.592283899745948,0.899621359564071,0.643222678517322,0.26900941158294
190.91,0.85,19.6255950914871,0.594103441311141,0.900632839236368,0.643456391265315,0.269203677173187
190.92,0.85,19.6387440038987,0.594792916943528,0.902117044392996,0.644004631187819,0.269836524347504
190.93,0.85,19.6509672443022,0.593664204867772,0.898013577038449,0.64201517762305,0.267710882784917
190.94,0.85,19.6622639543003,0.591323231282366,0.900655382640927,0.644600036000646,0.272110912403675
190.95,0.85,19.6726336719319,0.593502980914678,0.897238793376686,0.643007798926408,0.269085308713998
190.96,0.85,19.6820763309766,0.592906937295754,0.899484940457688,0.644597956129989,0.271723953436643
190.97,0.85,19.6905922599633,0.592196619140989,0.898770652499706,0.642232718101073,0.269216494106315
190.98,0.85,19.6981864248265,0.592838284067855,0.899226771871386,0.641177366991036,0.269158695174673
190.99,0.85,19.7053559203399,0.594709677076552,0.897152088370656,0.644301002656576,0.270529904933659
191,0.85,19.7123811249794,0.594158787697247,0.900469656655295,0.640511089314492,0.266968952465788
191.01,0.85,19.7192624614604,0.591248955970688,0.902056551746793,0.643340790899024,0.269397577793053
191.02,0.85,19.7260003912729,0.594064866544926,0.898538916404194,0.642135193550418,0.269721047602808
191.03,0.85,19.7325954144019,0.594473210471543,0.902571743986382,0.643614566857634,0.266301135893024
191.04,0.85,19.7390480690369,0.594527626856717,0.901530958811558,0.641579002076844,0.272245969318582
191.05,0.85,19.7453589312695,0.592757887377145,0.902712836321836,0.643331807535263,0.267514077671892
191.06,0.85,19.7515286147789,0.592000637833551,0.90469479786181,0.642525466183559,0.269095654428487
191.07,0.85,19.7575577705068,0.591759516625569,0.901982606138061,0.642225923021156,0.273168236912496
191.08,0.85,19.7634470863202,0.589521527085387,0.902166951616656,0.64217811970639,0.270926720734686
191.09,0.85,19.7691972866629,0.59563900373799,0.903609006142518,0.647521938590718,0.272422889753126
191.1,0.85,19.7748091321962,0.595676982991097,0.903638010105431,0.645062828695746,0.270910525354482
191.11,0.85,19.7802834194277,0.594356285123054,0.903534387086204,0.645404086239333,0.272578970832389
191.12,0.85,19.7856209803293,0.591522065184851,0.903171363024827,0.643893119323429,0.268001923934003
191.13,0.85,19.7908226819439,0.59276246115473,0.903882013742068,0.643091744291416,0.270853849962921
191.14,0.85,19.7958894259818,0.593525226228253,0.904190041389331,0.645578013976471,0.269657765913488
191.15,0.85,19.8008221484047,0.592094515371146,0.903827210481915,0.645835057346242,0.270263741565789
191.16,0.85,19.8056218190008,0.592899168702895,0.905927967905358,0.644952040397112,0.27085753352182
191.17,0.85,19.8102894409472,0.592520275405782,0.903782924779998,0.64268113133119,0.269891076201211
191.18,0.85,19.8148260503632,0.59526992801781,0.905982525646213,0.646603712461233,0.269048395269011
191.19,0.85,19.8192327158519,0.592754260682468,0.902997403416689,0.644358001304788,0.270644661154526
191.2,0.85,19.8235105380321,0.591508523598398,0.907436444880786,0.643821443514752,0.272449697143107
191.21,0.85,19.8276606490591,0.591936148134092,0.905045810665309,0.644346967819096,0.268572211571155
191.22,0.85,19.7550026550481,0.594865951700011,0.90587866610023,0.645542862006953,0.270119191421101
191.23,0.85,19.7144282878558,0.595887887842302,0.904098057051911,0.645287081263043,0.271901145575823
191.24,0.85,19.6936861418195,0.596255629919906,0.90792537145434,0.642736625994967,0.26914054069871
191.25,0.85,19.6767372505512,0.594272240230783,0.90607619374508,0.642552128432212,0.272053776892644
191.26,0.85,19.6598823831999,0.594910898280798,0.906101187217755,0.647342244389494,0.268469457549431
191.27,0.85,19.6424252906235,0.596591507602153,0.904596441718394,0.6447412497488,0.267990613360562
191.28,0.85,19.6242512039588,0.596096257109854,0.905025269038506,0.646391309243931,0.269786919704028
191.29,0.85,19.6053494583174,0.596133061665697,0.905852533786088,0.647346496879068,0.269463203086516
191.3,0.85,19.5857275381794,0.596643599860504,0.905755463639244,0.643715520679989,0.270950022108399
191.31,0.85,19.5653961846201,0.59534770844191,0.905546607806003,0.645483667508437,0.269487367845816
191.32,0.85,19.5443668570655,0.598017259088162,0.910708465862261,0.644293425015581,0.269402951298588
191.33,0.85,19.5226512991176,0.59745491092899,0.908188551426379,0.647472786276132,0.269357621896454
191.34,0.85,19.5002614588424,0.598729347536121,0.907356894293648,0.64547481705906,0.268304755136199
191.35,0.85,19.4772094683679,0.595824296783928,0.90676339770365,0.641985527720287,0.269735714231395
191.36,0.85,19.4535076333329,0.597992808198394,0.907542245138035,0.644773913954977,0.269972248200907
191.37,0.85,19.4291684239414,0.597232964844793,0.906337192551385,0.648422486255508,0.26982690870258
191.38,0.85,19.4042044662564,0.599115845877274,0.910752956535992,0.645840979271449,0.268172691398576
191.39,0.85,19.3786285335141,0.597816143824472,0.909481802614808,0.645809179251732,0.271252216316931
191.4,0.85,19.3524535374285,0.600288167034807,0.908689177037084,0.647006112367753,0.270597014231092
191.41,0.85,19.3256925194887,0.599697361042002,0.910046076473181,0.65012166081244,0.268277954169439
191.42,0.85,19.2983586422544,0.601371000446342,0.911974366663925,0.646827762221152,0.270136453586282
191.43,0.85,19.2704651806595,0.601035718727913,0.910239155543034,0.646771204825198,0.268975956587968
191.44,0.85,19.2420255133291,0.603901935315752,0.910298968293162,0.647539425328009,0.270207328490046
191.45,0.85,19.213141713,0.5986020203212,0.907746393232594,0.646108073824257,0.268581479342667
191.46,0.85,19.1844591390914,0.600707816942702,0.90787845314512,0.645984469810499,0.269069079625932
191.47,0.85,19.155625841005,0.600814146657208,0.909253926643254,0.648267660319799,0.270467054840995
191.48,0.85,19.1263839038071,0.600476794929932,0.911962753214589,0.64876792065681,0.27017009299224
191.49,0.85,19.0966896953906,0.599528842574748,0.912070461735227,0.646658994351314,0.270010691912078
191.5,0.85,19.0665472891004,0.602612748203441,0.910656437672056,0.646719327576683,0.27159081017457
191.51,0.85,19.0359686859447,0.600064874310469,0.90990353469325,0.647137802770023,0.271270250583942
191.52,0.85,19.0049670629322,0.601090171896655,0.911771625858798,0.650185756477056,0.26711586591225
191.53,0.85,18.9735557765165,0.604173258314294,0.907085604138941,0.648190440991832,0.271767371393584
191.54,0.85,18.9417482222119,0.604899584748145,0.910538360015443,0.648930725003785,0.269504180209838
191.55,0.85,18.9095578102703,0.603006637531747,0.911733017047904,0.648487516010121,0.267784475872825
191.56,0.85,18.8769979561174,0.601344064734454,0.912492043447509,0.649204504790293,0.272780059859522
191.57,0.85,18.844082072632,0.60470312914705,0.912085059694389,0.649265608092212,0.269405950469419
191.58,0.85,18.8108235627181,0.606080289309688,0.91226245467345,0.649333616098288,0.265919780819833
191.59,0.85,18.7772358119958,0.602732277288464,0.910831663528856,0.649790106037253,0.268950729420723
191.6,0.85,18.7433321815994,0.605293705227947,0.912809731983336,0.651648552901085,0.270951053359926
191.61,0.85,18.7091260010812,0.60558860806645,0.912094450302976,0.650074493358928,0.270105586084773
191.62,0.85,18.6746305614276,0.60597256716817,0.913731580363434,0.649530689604685,0.269456873507788
191.63,0.85,18.6398591081904,0.607085933904872,0.914340953533066,0.650709742966273,0.268766622914352
191.64,0.85,18.6048248347352,0.607042658152867,0.91299039440251,0.651364266506343,0.268289790546459
191.65,0.85,18.5695408756129,0.605273810441521,0.911087465778161,0.650404466494606,0.267462389791753
191.66,0.85,18.5340203000552,0.607861800845418,0.913818866590771,0.64787893705339,0.269156951840286
191.67,0.85,18.4982761055974,0.608233407280013,0.915535187270616,0.648318536259621,0.269478603713378
191.68,0.85,18.4623212118321,0.610028780101262,0.914108213227838,0.650207258280369,0.269372150103555
191.69,0.85,18.4261684542948,0.60904214283381,0.912612064936182,0.65207455551296,0.269923856789194
191.7,0.85,18.3898305784846,0.607922643538234,0.910218405326999,0.649851535344299,0.272021194109038
191.71,0.85,18.3533202340217,0.611144869150801,0.913377162281716,0.653659517345491,0.271267528636018
191.72,0.85,18.3166499689437,0.610511922052583,0.91175557198811,0.64945937200732,0.268581206306458
191.73,0.85,18.2798322241414,0.612531883712012,0.914726880801133,0.648639496032041,0.269076677309868
191.74,0.85,18.2428793279373,0.609826834662548,0.913683528580708,0.653772209185897,0.271487312034447
191.75,0.85,18.2058034908058,0.611902266054304,0.911563466196095,0.650056665101889,0.269468972013961
191.76,0.85,18.1686168002382,0.611679333264325,0.912803813066775,0.653626793657239,0.270939892879773
191.77,0.85,18.1313312157519,0.612509924208773,0.91585049181306,0.649865111281565,0.268200134939882
191.78,0.85,18.093958564045,0.609665024390886,0.913939383614856,0.651284387286328,0.267784512832119
191.79,0.85,18.0565105342968,0.612711660963544,0.913479550857463,0.652002420815555,0.26846461863473
191.8,0.85,18.0189986736145,0.613510404318806,0.914023139206078,0.651235588831006,0.268974729523304
191.81,0.85,17.9814343826261,0.614125653009658,0.916437375837583,0.650409215268099,0.271143789268317
191.82,0.85,17.9438289112193,0.615267382315707,0.914977339442371,0.651798733506542,0.2702883839885
191.83,0.85,17.906193354427,0.614271555577071,0.915253611829166,0.653665069136523,0.270317296072552
191.84,0.85,17.8685386484579,0.61520065157298,0.915872717872889,0.654253350204813,0.268663967594747
191.85,0.85,17.830875566873,0.615099907598467,0.914651459957928,0.652508845858222,0.27117250977503
191.86,0.85,17.7932147169055,0.615275048208191,0.914942018331283,0.656639737726987,0.271705056879854
191.87,0.85,17.7555665359261,0.616542118599212,0.913623523303298,0.654021568709294,0.270453382373084
191.88,0.85,17.7179412880496,0.616428815793719,0.916897761089358,0.653432070136575,0.269463800863138
191.89,0.85,17.6803490608847,0.617289000761174,0.916792828776637,0.653048440864396,0.269572368988636
191.9,0.85,17.6427997624233,0.615527960891653,0.913735134249564,0.65310521121719,0.271774650269611
191.91,0.85,17.6053031180701,0.620676244991683,0.91611752549481,0.653147208611682,0.269903291031931
191.92,0.85,17.56786866781,0.619720761922028,0.916246650957546,0.653921385820077,0.267926249661461
191.93,0.85,17.5305057635115,0.617932231456606,0.916717937104345,0.655447931808347,0.272218151726896
191.94,0.85,17.4932235663663,0.61774897314215,0.915956125941014,0.654142871731814,0.267189339705216
191.95,0.85,17.4560310444604,0.61901556175885,0.919685547384887,0.654989433217117,0.269323906789746
191.96,0.85,17.4189369704789,0.621688003028997,0.914162934933948,0.655441075095028,0.27216696329643
191.97,0.85,17.3819499195384,0.620184077627533,0.91561319992848,0.651836665968269,0.268914355514519
191.98,0.85,17.3450782671487,0.620176912990222,0.915131235376222,0.654196195220078,0.269701056367866
191.99,0.85,17.3083301872995,0.621465015636659,0.915374761329782,0.658116623956151,0.268428359090844
192,0.85,17.2717136506712,0.62212014920695,0.915409665122004,0.653470874682453,0.26923442837448
192.01,0.85,17.2352364229671,0.621515246663579,0.916908915064526,0.655193502415057,0.267791394700839
192.02,0.85,17.1989060633655,0.624316083009927,0.91639918152078,0.653947479112906,0.27177399579775
192.03,0.85,17.1627299230888,0.622518727461738,0.915964234522189,0.652375559557986,0.269736087677507
192.04,0.85,17.1267151440876,0.625555352579099,0.916116324799858,0.652605246637012,0.269192109113451
192.05,0.85,17.0908686578382,0.620485331756162,0.916914007054255,0.655530744849736,0.270414764180744
192.06,0.85,17.0551971842498,0.625575559940928,0.918128215518166,0.654911237791429,0.269971538290811
192.07,0.85,17.0197072306808,0.625431117655563,0.917366046216988,0.656790972844762,0.2691459424043
192.08,0.85,16.9844050910602,0.624705781116578,0.91655043576498,0.656313287004535,0.270611858186788
192.09,0.85,16.9492968451132,0.626043699080526,0.917896917870788,0.655933485789305,0.269905819510162
192.1,0.85,16.9143883576874,0.626430057706577,0.916425628222363,0.656133776550328,0.270292936016153
192.11,0.85,16.8796852781787,0.627793618816065,0.918162726898451,0.652525895209192,0.270264127778966
192.12,0.85,16.8451930400526,0.625476973783889,0.917956654217885,0.654440988382799,0.270474191366488
192.13,0.85,16.8109168604605,0.625517932065792,0.916476654908598,0.655064333608656,0.269000696169298
192.14,0.85,16.7768617399477,0.627082395174779,0.919531450599852,0.656529619498486,0.270875206202262
192.15,0.85,16.7430324622507,0.628258608242457,0.915053220162979,0.655996446051517,0.272179394157749
192.16,0.85,16.7094335941818,0.628173792484692,0.916246749809975,0.656033131400964,0.26999205074676
192.17,0.85,16.6760694855985,0.629327413322331,0.919875335512709,0.655374078927193,0.269184147568763
192.18,0.85,16.6429442694565,0.627081347163221,0.918134863680192,0.656659354891036,0.271262922781463
192.19,0.85,16.610061861942,0.630573767128365,0.917853384239733,0.656052300348806,0.270762077528366
192.2,0.85,16.5774259626832,0.632219825258113,0.919686421597381,0.655442081267024,0.271752381123914
192.21,0.85,16.5450400550376,0.63071732838471,0.916311872322682,0.65867173006232,0.270232980336235
192.22,0.85,16.512907406454,0.629401052674217,0.91872241541488,0.655376399971358,0.268978521137187
192.23,0.85,16.4810310689056,0.632253363085237,0.918581725341142,0.65498553355828,0.270300910084569
192.24,0.85,16.4494138793944,0.632030840679793,0.915139991382922,0.656299104883668,0.268620120261238
192.25,0.85,16.4180584605232,0.633019764177317,0.917679126595904,0.656681634970805,0.269763628116026
192.26,0.85,16.3869672211334,0.631830661259078,0.919050543811193,0.657019959274538,0.271097934039437
192.27,0.85,16.3561423570083,0.632278239974053,0.918392842829536,0.65706607579863,0.270166245697659
192.28,0.85,16.3255858516381,0.632916728013033,0.917530499763963,0.655973789542881,0.272435083932332
192.29,0.85,16.2952994770466,0.633907984277855,0.918027194821566,0.656867853998426,0.268503142954885
192.3,0.85,16.2652847946767,0.635235970648358,0.919649616797083,0.656844345542274,0.269234532998244
192.31,0.85,16.2355431563341,0.632770325323003,0.91845599203974,0.656796308737834,0.269805358791632
192.32,0.85,16.2060757051864,0.63443697739889,0.915541875764371,0.657677694076736,0.268947292282034
192.33,0.85,16.176883376818,0.634332885533409,0.917059023640795,0.659440050386829,0.272511730885419
192.34,0.85,16.1479669003376,0.635144085603839,0.918685712286835,0.65785500371944,0.270877137877353
192.35,0.85,16.1193267995382,0.632695119410882,0.91765799041652,0.656160176435991,0.268139021583269
192.36,0.85,16.0909633941073,0.633622324010086,0.917431838301537,0.654623456484305,0.269607848817688
192.37,0.85,16.0628768008873,0.63436303585242,0.919009173201048,0.656900827475502,0.270510286931844
192.38,0.85,16.0350669351842,0.635122052131256,0.917356443526825,0.659988802639683,0.269688098123356
192.39,0.85,16.0075335121237,0.637215561787264,0.918162304486402,0.657516306452184,0.272472508965623
192.4,0.85,15.9802760480538,0.636724759111343,0.91918803950012,0.656359198951095,0.269685965285961
192.41,0.85,15.9532938619932,0.638598205336457,0.9200909958243,0.658106689613483,0.270195470113068
192.42,0.85,15.9265860771241,0.637021322792867,0.918223607221759,0.657035826848409,0.269590473907378
192.43,0.85,15.9001516223291,0.641166658702595,0.916415572795661,0.656978204782141,0.269153823079884
192.44,0.85,15.8739892337719,0.634364694925886,0.918922429289184,0.656878060397169,0.269073842092224
192.45,0.85,15.8480974565203,0.637084423637347,0.920604860611988,0.656833937494793,0.267107524050232
192.46,0.85,15.8224746462108,0.639163614797381,0.920463475369643,0.654894874357395,0.270533733260622
192.47,0.85,15.7971189707563,0.637422505663736,0.918075388988854,0.654700966435896,0.269359407097403
192.48,0.85,15.7720284120937,0.640267632606707,0.920399502729038,0.657735748712393,0.267770134913216
192.49,0.85,15.747200767973,0.641736537461693,0.919470307367289,0.656483729624997,0.26849964626115
192.5,0.85,15.7226336537871,0.640590481477925,0.919706526495881,0.658129005050986,0.269230609869918
192.51,0.85,15.6983245044415,0.640866322198614,0.918563259553953,0.654945253595113,0.269257191598988
192.52,0.85,15.6742705762649,0.640112201869152,0.917567116282841,0.657259545268116,0.268575095406473
192.53,0.85,15.6504689489594,0.639444445848652,0.917270181455754,0.655756991648417,0.269056567277062
192.54,0.85,15.6269165275908,0.642470120846305,0.921441277825158,0.656521836363833,0.26698640086363
192.55,0.85,15.6036100446189,0.643417421699457,0.919728298669074,0.659510848403132,0.269441798549974
192.56,0.85,15.5805460619685,0.642008147764319,0.918088465149436,0.653028699800729,0.270874975060058
192.57,0.85,15.5577209731398,0.64224618941958,0.918792097774943,0.654681062996516,0.270292428208877
192.58,0.85,15.5351310053596,0.642193611623851,0.920478323164927,0.658312465928193,0.271156658872701
192.59,0.85,15.5127722217729,0.643199920849862,0.918527965670454,0.656912225198885,0.272119794231991
192.6,0.85,15.4906405236755,0.640973374835852,0.916669918438666,0.656798612544378,0.27164303698915
192.61,0.85,15.4687316527872,0.641634680574328,0.919646943111799,0.654860482532008,0.27272962896368
192.62,0.85,15.4470411935671,0.643650342844683,0.918761303402201,0.656416618624217,0.269560079023178
192.63,0.85,15.4255645755698,0.645981184383722,0.919195429558699,0.657267231751527,0.269385643210062
192.64,0.85,15.4042970758444,0.640713509222269,0.919356205550924,0.656477839690046,0.270882568065872
192.65,0.85,15.3832338213751,0.644357230718706,0.91652238688181,0.657513149988022,0.27091685091476
192.66,0.85,15.3623697915662,0.643491354742696,0.917526666860878,0.654838937264997,0.270819559514744
192.67,0.85,15.3416998207689,0.644767164426829,0.91986966009511,0.65819763329638,0.271792153784586
192.68,0.85,15.3212186008525,0.645100847279547,0.916878079050404,0.654248664796346,0.269010615688019
192.69,0.85,15.3009206838206,0.645828511160864,0.919308676861995,0.65442084453944,0.267828763165581
192.7,0.85,15.2808004844712,0.644877950868109,0.918955911815397,0.655735582295916,0.26883176180472
192.71,0.85,15.2608522831023,0.648571616172632,0.913409316113022,0.652886940695578,0.269896968596392
192.72,0.85,15.2410702282635,0.646813089841729,0.918345572606732,0.655962909219501,0.267220160182708
192.73,0.85,15.2214483395542,0.646767040600858,0.919260171762991,0.656728848471459,0.269474790442273
192.74,0.85,15.2019805104678,0.647198321567268,0.917272373649584,0.654786543274557,0.269901506903583
192.75,0.85,15.1826605112838,0.647658803486587,0.919070886388982,0.655254251354724,0.270675431091062
192.76,0.85,15.1634819920077,0.646854663730316,0.919295024455734,0.654901629054258,0.270118146081034
192.77,0.85,15.1444384853587,0.650099754665297,0.916972786486183,0.654351548480031,0.270919367114563
192.78,0.85,15.1255234098067,0.649379107980913,0.918380611577801,0.655596114864021,0.270223023670532
192.79,0.85,15.1067300726579,0.648875053516964,0.917893388340718,0.654390775750506,0.271571653344487
192.8,0.85,15.0880516731903,0.649694873564827,0.920492509368106,0.654470275807119,0.268409466955047
192.81,0.85,15.0694813058387,0.650244497810524,0.917601036374626,0.654322191030274,0.269732946176613
192.82,0.85,15.0510119634304,0.648610451859605,0.918634714802823,0.654300932265695,0.269612479568621
192.83,0.85,15.0326365404714,0.647807938705293,0.917786772810556,0.653170029127831,0.269836841190103
192.84,0.85,15.0143478364828,0.651031160229543,0.917871573252736,0.654692582556683,0.271270004795275
192.85,0.85,14.996138559389,0.65128304712354,0.920088879448622,0.654977055157217,0.269458854472064
192.86,0.85,14.9780013289568,0.64879093982771,0.917974768202239,0.654247749248928,0.269787610708192
192.87,0.85,14.9599286802855,0.649336280398925,0.918556083625261,0.654689195025482,0.269603283563604
192.88,0.85,14.9419130673491,0.651431613551415,0.917654382191771,0.654939161524514,0.269790473876054
192.89,0.85,14.9239468665892,0.649010495171481,0.920491572063062,0.654524947525326,0.268807172204212
192.9,0.85,14.9060223805599,0.652574190706267,0.920490646845413,0.651686915732559,0.270356434624058
192.91,0.85,14.8881318416231,0.651688485856786,0.917587559723541,0.655055211038557,0.269935857167149
192.92,0.85,14.8702674156956,0.652210254214781,0.916643089343977,0.651620521260124,0.268295837205903
192.93,0.85,14.8524212060471,0.650275760747688,0.917853399128645,0.654802121844431,0.270167061522717
192.94,0.85,14.8345852571477,0.65281771718915,0.913424129256326,0.655107514309283,0.268247365800935
192.95,0.85,14.8167515585665,0.654055304305658,0.918695420021371,0.654583161109497,0.27082173643597
192.96,0.85,14.7989120489192,0.654247438564046,0.915404232802162,0.652880271559613,0.267934586016833
192.97,0.85,14.7810586198652,0.650333139978215,0.915379598156071,0.652097696420978,0.27044913875976
192.98,0.85,14.7631831201524,0.650992584205974,0.916580345692626,0.653245952209719,0.272530860798727
192.99,0.85,14.7452773597102,0.654094308617731,0.917436505310237,0.653476802261602,0.269685013318487
193,0.85,14.7273331137893,0.653732079261229,0.916722445910976,0.653147422730557,0.269502722973022
193.01,0.85,14.7093421271471,0.653432769585092,0.913348283666352,0.652564029185496,0.269038165368733
193.02,0.85,14.6912961182783,0.654977487715994,0.918028344621046,0.650482992353466,0.269957136580201
193.03,0.85,14.6731867836887,0.654272217636343,0.914626959912328,0.653569304236763,0.267897146699405
193.04,0.85,14.6550058022126,0.654842020965838,0.916693367447786,0.652967236394196,0.273668195577414
193.05,0.85,14.6367448393707,0.654283359861726,0.915175313319717,0.6521840244505,0.268967515533535
193.06,0.85,14.6183955517679,0.657180811452394,0.915205378411792,0.651480871024123,0.268955073983993
193.07,0.85,14.5999495915299,0.65655517272851,0.914518916692128,0.653433610962028,0.270854358949005
193.08,0.85,14.5813986107767,0.658436458931436,0.917915783731583,0.652772511936087,0.269113517169219
193.09,0.85,14.5627342661302,0.655060149016267,0.917936665566566,0.650793224969821,0.27111641293807
193.1,0.85,14.5439482232563,0.657042933403072,0.915379167021962,0.652309829746549,0.266808502964029
193.11,0.85,14.5250321614379,0.656705978494171,0.915965196960842,0.649611479453275,0.269994123275103
193.12,0.85,14.5059777781767,0.658676353595292,0.915687955226616,0.650696359368262,0.270121182570705
193.13,0.85,14.4867767938234,0.657360500211117,0.918682600306467,0.650466393555806,0.267770504544954
193.14,0.85,14.4674209562319,0.655753577757044,0.915351613329625,0.652397429264914,0.27249181388112
193.15,0.85,14.4479020454369,0.65557804743994,0.915054502782499,0.653975873671171,0.268413655769392
193.16,0.85,14.4282118783513,0.656914842111414,0.915823942964487,0.650682890943579,0.272154434173283
193.17,0.85,14.4083423134816,0.660160555931792,0.911209462695185,0.650361075356137,0.270371787123818
193.18,0.85,14.3882852556585,0.658559571198791,0.916291451394957,0.650020519782195,0.269303748512599
193.19,0.85,14.36803266078,0.660362667163648,0.912460777985201,0.652596857392023,0.268721055090177
193.2,0.85,14.3475765405638,0.657182094973238,0.915109403553508,0.650154832368822,0.267175837100473
193.21,0.85,14.3269089673065,0.658205090304821,0.915069709576431,0.648380420968928,0.269717155078697
193.22,0.85,14.3060220786468,0.657060210297349,0.914988229536065,0.648807337243008,0.270205768555919
193.23,0.85,14.2849080823289,0.660024114146611,0.913188822982365,0.65077316367953,0.269101830687377
193.24,0.85,14.2635592609637,0.658928024773276,0.91419927634605,0.651798933421767,0.26987138922064
193.25,0.85,14.2419679767836,0.661199406996905,0.912481496839324,0.648905108744814,0.27036886479874
193.26,0.85,14.2201266763888,0.662965380341537,0.912012684865589,0.650955214538338,0.271266551514034
193.27,0.85,14.1980278954804,0.663710694356442,0.912039680718244,0.649677168647464,0.272135091551094
193.28,0.85,14.1756642635778,0.661902620561611,0.911777503991084,0.646967274829432,0.270350733430182
193.29,0.85,14.1530285087161,0.661640025150093,0.914714179382511,0.649035284010693,0.267112305785113
193.3,0.85,14.1301134621204,0.661590133452319,0.913028613202202,0.648227770255307,0.270194095158192
193.31,0.85,14.1069120628529,0.662093895156037,0.91143592429503,0.649068745188747,0.272861830437034
193.32,0.85,14.0834173624293,0.665257207070138,0.914350999539695,0.646240700152878,0.268019780468867
193.33,0.85,14.0596225294004,0.663516865673564,0.914487155297109,0.647490424785432,0.270098100408568
193.34,0.85,14.0355208538957,0.663193344799073,0.911727415417682,0.647494292724611,0.269953425667003
193.35,0.85,14.0111057521239,0.665824731229063,0.913539313940318,0.648970543858116,0.268485507212873
193.36,0.85,13.9863707708279,0.663964738179389,0.9122219440923,0.646584561772228,0.269685046284838
193.37,0.85,13.9613095916886,0.664883123112707,0.913189182160778,0.646823791480505,0.269228498092062
193.38,0.85,13.9359160356749,0.665586444477619,0.911980363353313,0.648609226110313,0.272343184961886
193.39,0.85,13.9101840673357,0.663491547060933,0.912043733913247,0.646636849180909,0.270223054955627
193.4,0.85,13.8841077990282,0.666750334220457,0.910856577278274,0.649966335247461,0.271101364796854
193.41,0.85,13.8576814950813,0.667035853361335,0.912287150516402,0.648074856465328,0.268714575926818
193.42,0.85,13.8308995758871,0.666654598582611,0.911475929958563,0.648647063640902,0.270803962700454
193.43,0.85,13.8037566219189,0.666756791317217,0.912473401529318,0.647816413037626,0.271344783753136
193.44,0.85,13.7762473776693,0.668168870232763,0.915732024510682,0.645928916506377,0.269160550044254
193.45,0.85,13.748366755507,0.665124264300831,0.91191325889258,0.646159668634288,0.269824768044131
193.46,0.85,13.7201098394454,0.668954302620024,0.909170547331958,0.646421794878374,0.26887393798112
193.47,0.85,13.6914718888217,0.672355219751777,0.910367595232166,0.644157046657439,0.269568349155103
193.48,0.85,13.6624483418804,0.667809464333107,0.909643296369489,0.648630159706728,0.270008318124037
193.49,0.85,13.6330348192584,0.668596468730769,0.909773770194713,0.645755845740583,0.270988283635978
193.5,0.85,13.6032271273679,0.670587566544063,0.910237289517501,0.647708036579369,0.269847310001276
193.51,0.85,13.5730212616726,0.667431479614233,0.908924874530061,0.645763954401381,0.269922702639306
193.52,0.85,13.5424134098534,0.671955122894376,0.907573782647567,0.645587567747275,0.270336812781866
193.53,0.85,13.5113999548616,0.673327996253542,0.909855897506985,0.64815522872855,0.273103913861426
193.54,0.85,13.4799774778528,0.671812696338073,0.912004758490968,0.646949758221935,0.269600894676923
193.55,0.85,13.4481427610014,0.674106329786622,0.908597614281627,0.646420466233524,0.270264439530479
193.56,0.85,13.4158927901899,0.673164020403634,0.911317262418903,0.64583635908071,0.266946183531693
193.57,0.85,13.3832247575701,0.673611621690293,0.909979348548015,0.646145930535148,0.27102523865003
193.58,0.85,13.3501360639941,0.672649885428591,0.90971069539529,0.646398063429072,0.268651196539377
193.59,0.85,13.31662432131,0.67587876714747,0.910726859170361,0.64486018151933,0.271480324916245
193.6,0.85,13.2826873545213,0.673401544017105,0.908108149742277,0.64485577548106,0.266869850440039
193.61,0.85,13.2483232038051,0.673977944626599,0.909960266208695,0.643916732926039,0.269633770294532
193.62,0.85,13.2135301263881,0.675531917969205,0.908851374678207,0.647365903731844,0.269485946824001
193.63,0.85,13.1783065982761,0.678319913140386,0.90788046675964,0.643982254432327,0.270710754603525
193.64,0.85,13.1426513158361,0.674746758618844,0.90783500523305,0.644261284342723,0.27150889531058
193.65,0.85,13.1065631972269,0.680153152603483,0.905869063498323,0.643013350656522,0.268647403787283
193.66,0.85,13.0700413836773,0.677247516069184,0.906904748293718,0.640584594211766,0.27086996082031
193.67,0.85,13.033085240609,0.67877219537225,0.907992815100368,0.644604217111684,0.267471884310023
193.68,0.85,12.9956943586032,0.678809190351175,0.907624198571677,0.643899099826765,0.269323422315603
193.69,0.85,12.9578685542073,0.680309687770009,0.907738227355805,0.645153037609039,0.271028095687628
193.7,0.85,12.9196078705823,0.676856824757519,0.90880794649997,0.645401732684645,0.270771398112624
193.71,0.85,12.8809125779877,0.679110210341656,0.905448094578053,0.641411740100401,0.269046004366104
193.72,0.85,12.8417831741042,0.680342307012028,0.904503464084172,0.643778582410669,0.269417600965531
193.73,0.85,12.802220384191,0.682991416786227,0.905701275647504,0.645380290243862,0.270015895936409
193.74,0.85,12.7622251610791,0.683199926021199,0.906025333193319,0.6401963664184,0.271098403465702
193.75,0.85,12.7217986849981,0.684361080189875,0.906953206726553,0.643228804652806,0.269195554322882
193.76,0.85,12.6809423632372,0.681669569869843,0.904638338598828,0.642500901878243,0.269206897350331
193.77,0.85,12.6396578296389,0.68177025387607,0.905787150430635,0.642579113030403,0.27095050800779
193.78,0.85,12.5979469439264,0.683784700807521,0.903919352674655,0.6437503860389,0.268764099132394
193.79,0.85,12.5558117908637,0.685861490493014,0.903445881366326,0.643078350774578,0.269713385284129
193.8,0.85,12.513254679249,0.685832829061862,0.904574812300916,0.64462359853119,0.269995867451272
193.81,0.85,12.4702781407428,0.684555395570749,0.903033529414383,0.641805974982688,0.272540172415162
193.82,0.85,12.4268849285291,0.686225643992406,0.906920019630576,0.644499871345698,0.270857987335535
193.83,0.85,12.3830780158124,0.687232833710561,0.904875864858361,0.642874094049269,0.26904694146624
193.84,0.85,12.3388605941514,0.687416832975662,0.906373476562096,0.645889511540947,0.27020490045704
193.85,0.85,12.2942360716295,0.68868318218535,0.904954069094015,0.644106909616529,0.270588869349482
193.86,0.85,12.2492080708639,0.688827697354965,0.902704456049595,0.644177617461934,0.269788604364381
193.87,0.85,12.2037804268558,0.691898375733391,0.90431101193739,0.645092180896057,0.270183811595201
193.88,0.85,12.1579571846823,0.689959569689665,0.89968796867935,0.642997344722967,0.272183229872511
193.89,0.85,12.1117425970325,0.69075289253821,0.902990679724444,0.642482859044067,0.269878281990047
193.9,0.85,12.0651411215901,0.694116894828002,0.903922512061841,0.641988091931439,0.26986178342178
193.91,0.85,12.0181574182644,0.691234920131353,0.904921663898467,0.643344758411901,0.270192307789573
193.92,0.85,11.9707963462726,0.694443970785239,0.90252362914368,0.643556400607095,0.271392166801279
193.93,0.85,11.9230629610759,0.695084353203556,0.900893449435765,0.642859835155451,0.271927708636324
193.94,0.85,11.8749625111728,0.693447302662682,0.90351310736147,0.642818155375908,0.26965590072366
193.95,0.85,11.8265004347514,0.69650278877534,0.900765647511118,0.643037767000674,0.271148129749717
193.96,0.85,11.7776823562055,0.698115353424761,0.901455290286261,0.644018354395275,0.269298754234849
193.97,0.85,11.7285140825171,0.700632569039024,0.898978716740751,0.644772425139793,0.27099554640152
193.98,0.85,11.6790015995081,0.69997595525065,0.900133879332843,0.638785569991204,0.271239865804853
193.99,0.85,11.6291510679671,0.697748577668284,0.901125813360092,0.643341655875797,0.26992246070587
194,0.85,11.5789688196523,0.699578989589437,0.899907146672927,0.642093385029859,0.271652215606889
194.01,0.85,11.5281569593618,0.70165759420399,0.902124599137999,0.644778913233751,0.270468197847048
194.02,0.85,11.4757766415913,0.70254949744054,0.898929586781437,0.644679561163091,0.271466784975173
194.03,0.85,11.4226518649933,0.701440739371264,0.900368300444105,0.645226859933061,0.268606897897399
194.04,0.85,11.3691500520934,0.702750658715943,0.898627982584743,0.642387380306552,0.271859883992109
194.05,0.85,11.3153400536346,0.703956526559046,0.901319570837067,0.642459977535563,0.269787024449581
194.06,0.85,11.2612373003892,0.705890488825197,0.89953477683861,0.644524439261339,0.266974464057119
194.07,0.85,11.2068504393872,0.704756981272377,0.901876353806649,0.641227259393348,0.269594306530749
194.08,0.85,11.152187551022,0.707265997067187,0.89838673062977,0.642357154363977,0.268305431731294
194.09,0.85,11.0972567953145,0.708351604959984,0.898667408146701,0.643964652128276,0.270284688373105
194.1,0.85,11.0420664576164,0.706763252889945,0.900793776931989,0.643131719157172,0.270432954899645
194.11,0.85,10.9866249450689,0.706875060630262,0.897161102123327,0.643890017324374,0.269268528343648
194.12,0.85,10.9309407808121,0.711102719684356,0.895281942210161,0.64389015595899,0.269831769579845
194.13,0.85,10.8750225983236,0.709075678369289,0.894604109333968,0.642594628839498,0.269689370282655
194.14,0.85,10.8188791357668,0.712486541509001,0.897237829816008,0.643822842341087,0.269305804585178
194.15,0.85,10.7625192303009,0.715334676045067,0.898645039877828,0.642014710030855,0.269900834083583
194.16,0.85,10.7059518123471,0.713105793829534,0.896574191628145,0.643996653534175,0.271823499891808
194.17,0.85,10.6491858998174,0.714275721967658,0.895351607468653,0.643881439843226,0.271249513870674
194.18,0.85,10.5922305923109,0.714222475409159,0.897858718671231,0.642195418330608,0.270124062310378
194.19,0.85,10.5350950652841,0.717210571321125,0.896038124509545,0.640820383130833,0.270962808724275
194.2,0.85,10.4777885641994,0.716237391507506,0.896410571324321,0.643634463385309,0.269968900911004
194.21,0.85,10.4203203986603,0.718410331451956,0.897519810044164,0.645805886175128,0.26986193921391
194.22,0.85,10.3626999365369,0.720088201042032,0.896773542563734,0.643328387197886,0.268828299316748
194.23,0.85,10.3049365980888,0.72123837581662,0.895470013997464,0.645280904612706,0.27120374405331
194.24,0.85,10.2470398500899,0.722680697548929,0.89662327385461,0.645446032644145,0.269715926882616
194.25,0.85,10.1890191999628,0.723895158259993,0.897654623410807,0.64206902835811,0.271284036225613
194.26,0.85,10.1308841899264,0.720766954751476,0.893078852587081,0.644696917562661,0.273619603139346
194.27,0.85,10.0726443911633,0.722934650741045,0.896135460208082,0.644129413501076,0.269274523859035
194.28,0.85,10.0143093980131,0.724367349904802,0.893572877070941,0.641347877631887,0.271267341960494
194.29,0.85,9.95588882219594,0.727904356874497,0.893457682742692,0.644974982695256,0.269500513238706
194.3,0.85,9.89739228707153,0.729572342457431,0.895405336301857,0.646384653034899,0.2700747870527
194.31,0.85,9.83882942194109,0.726599454737616,0.893664565573621,0.644414271742344,0.269472720332371
194.32,0.85,9.78020985639449,0.731511767785072,0.89259645160495,0.640955046524058,0.269181250742501
194.33,0.85,9.72154321470948,0.728751127088693,0.894118584961614,0.647264671667832,0.271326049988941
194.34,0.85,9.66283911030792,0.731618248796615,0.895538035466885,0.644029630141017,0.270331835473609
194.35,0.85,9.60410714027289,0.733008023123129,0.89271317224244,0.645890665897463,0.269062639925635
194.36,0.85,9.54535687993211,0.734890911918646,0.891997174270879,0.643144553343568,0.268624803598044
194.37,0.85,9.48659787751256,0.734656088990396,0.891358280696066,0.64287872519143,0.271497133617995
194.38,0.85,9.42783964886978,0.736589727060132,0.890795261501256,0.644447590860502,0.270080918626959
194.39,0.85,9.3690916722969,0.737024318407896,0.894347188373835,0.646347403068534,0.269584980246691
194.4,0.85,9.31036338341743,0.739185647041993,0.88881480156262,0.646502913857173,0.269799460733334
194.41,0.85,9.25166417016584,0.742218086819159,0.89016197317958,0.645064911640619,0.266979030977744
194.42,0.85,9.19300336785929,0.741798597114493,0.890425736463686,0.644037094157193,0.268468277162958
194.43,0.85,9.13439025436513,0.742470771117515,0.890327837329577,0.645404952157392,0.270768915293179
194.44,0.85,9.07583404536691,0.741064464338253,0.889657297318726,0.649159364017531,0.269133207449415
194.45,0.85,9.0173438897325,0.743618228587347,0.887384441647753,0.645446031413047,0.271116795904921
194.46,0.85,8.95892886498769,0.745237776942267,0.889868506051983,0.642437922361764,0.26944086484929
194.47,0.85,8.90059797289842,0.745690317421813,0.886592285515122,0.645933832074535,0.269950117022268
194.48,0.85,8.84236013516359,0.747874113997096,0.891095710317825,0.64792710031259,0.267852050207884
194.49,0.85,8.78422418922242,0.748257262192154,0.889633159962803,0.647274359190174,0.27073028703266
194.5,0.85,8.72619888417809,0.74812649202223,0.891616179916839,0.645524647159871,0.268237983197472
194.51,0.85,8.66829287683977,0.749995966726338,0.888370571396549,0.648550877988741,0.270083985085088
194.52,0.85,8.61051472788584,0.753569703736856,0.886776300800647,0.649142225565301,0.268993957108783
194.53,0.85,8.55287289815024,0.756144753634552,0.888419148899385,0.649118606463097,0.269481641617546
194.54,0.85,8.49537574503273,0.755624436742695,0.88702029914032,0.645806209258365,0.270060453332085
194.55,0.85,8.4380315190358,0.757369144513681,0.890098734616578,0.649964183878719,0.270453129764835
194.56,0.85,8.3808483604296,0.756859167763189,0.884973208245147,0.646625111935635,0.270773270881592
194.57,0.85,8.32383429604493,0.76009538341027,0.887209525516,0.648145950399829,0.267895656712765
194.58,0.85,8.26699723619688,0.761178378192616,0.884846762634873,0.646132279503252,0.269453879629086
194.59,0.85,8.21034497173915,0.758686783041073,0.885964416516237,0.64889704864166,0.270732321742537
194.6,0.85,8.15388517124989,0.761949398600092,0.886849326817218,0.6472694761656,0.270518803933133
194.61,0.85,8.09762537834952,0.763660136830939,0.888935692395783,0.648010291014466,0.270798702615587
194.62,0.85,8.04157300915159,0.76410541237887,0.886676623060711,0.647934850637033,0.270242372065541
194.63,0.85,7.98573534984571,0.766867955579006,0.886097279789903,0.648803720296737,0.271087785709344
194.64,0.85,7.93011955441351,0.768241708462656,0.885780911937456,0.648591526730928,0.268970935683304
194.65,0.85,7.87473264247744,0.767599189977132,0.884461202082199,0.649251511545675,0.271988045873763
194.66,0.85,7.81958149728159,0.768753796946171,0.882575652611675,0.649729610275978,0.269914777505643
194.67,0.85,7.76467286380446,0.771759691825702,0.886070531807288,0.649451352871255,0.271146238086801
194.68,0.85,7.7100133470033,0.771594953217667,0.883920308936059,0.649478035786893,0.269544951716814
194.69,0.85,7.65560941018891,0.772807944974393,0.882300887534539,0.648016875806211,0.269875407128299
194.7,0.85,7.60146737352988,0.773278442107504,0.884495073861452,0.648317788376106,0.269501475557849
194.71,0.85,7.54759341268595,0.776657170484089,0.882799284100817,0.648178770494775,0.273113112043273
194.72,0.85,7.49399355756882,0.774972258679956,0.881027797608342,0.6496082267588,0.271028785744993
194.73,0.85,7.44067369122881,0.777982552551458,0.880555967767173,0.652358068887822,0.271041429506328
194.74,0.85,7.38763954886676,0.780462379302163,0.88159967210715,0.650921073874993,0.270569376454208
194.75,0.85,7.33489671696928,0.782520141990767,0.880993378474592,0.64977656333968,0.269677496987146
194.76,0.85,7.28245063256512,0.782072167719792,0.880351769921588,0.649888247741491,0.273165992167039
194.77,0.85,7.23030658260175,0.781825713109716,0.880074305177369,0.652086708177734,0.269337520148766
194.78,0.85,7.17846970344026,0.78433554298603,0.880474028075337,0.650412064275107,0.269640393081429
194.79,0.85,7.12694498046547,0.787880790056313,0.881467922178038,0.651643038945658,0.269901411417357
194.8,0.85,7.07573724781055,0.788342582725381,0.878401888380825,0.651332036595022,0.267836717227933
194.81,0.85,7.02485118819344,0.785186084444539,0.879657918454874,0.654183208050305,0.269528189044057
194.82,0.85,6.97429133286235,0.787483770892565,0.878943649783672,0.651856592453464,0.269682276067468
194.83,0.85,6.92406206164867,0.791098848104711,0.880148220086986,0.648400400532644,0.269156946323943
194.84,0.85,6.8741676031249,0.792363144193021,0.879641411663276,0.651247721365962,0.271969090313683
194.85,0.85,6.8246120348644,0.794410934949094,0.875867676111664,0.650827149327919,0.269930358166524
194.86,0.85,6.77539928380091,0.796050157642141,0.87959599533342,0.650269844430899,0.269217260387265
194.87,0.85,6.7265331266857,0.795205970771047,0.877202527700424,0.648093090111031,0.265374293799649
194.88,0.85,6.67801719063847,0.795261034354384,0.879556206659993,0.653329085811521,0.269839043501569
194.89,0.85,6.6298549537903,0.800161198734304,0.87851253043554,0.653402881079458,0.267935457756583
194.9,0.85,6.58204974601567,0.800554851794686,0.877998307320895,0.654205050155316,0.270332553124182
194.91,0.85,6.53460474975049,0.80108848174883,0.87867462081449,0.653317596300146,0.270553988011032
194.92,0.85,6.48752300089328,0.802374656307343,0.877224631976897,0.653250127636819,0.270072553283879
194.93,0.85,6.44080738978712,0.801155442137115,0.87724858221115,0.648369373662179,0.271603480720111
194.94,0.85,6.39446066227908,0.805533453190477,0.875637730829281,0.652282416190455,0.270760083449604
194.95,0.85,6.34848542085393,0.807854391302194,0.877310985059512,0.653272226077944,0.27037210685903
194.96,0.85,6.30288412584011,0.804611741835858,0.874538419700453,0.653187726253503,0.268051368833344
194.97,0.85,6.2576590966841,0.810406479501882,0.875971610322773,0.651216930294953,0.269229646089384
194.98,0.85,6.21281251329069,0.809577048906119,0.874925009689006,0.653393841397939,0.268447012454453
194.99,0.85,6.16834641742602,0.81001121637874,0.874691405000747,0.652924501971007,0.271474965346522
195,0,6.12426271418092,0.811483638696223,0.874031923519226,0.652166183428974,0.269021157066851
195.01,0,6.08056317349065,0.814724934698419,0.874912187802368,0.65149561248679,0.269387798197376
195.02,0,6.03724943170906,0.814945939813732,0.874859480573109,0.654335342721819,0.26635487629879
195.03,0,5.99432299323394,0.813322886482929,0.874817359105859,0.654432506572396,0.268913127447261
195.04,0,5.9517852321803,0.817499939399717,0.873885160717764,0.65192412522316,0.269313364352843
195.05,0,5.90963739409899,0.819024985972144,0.873557018150852,0.656724290129514,0.271141430007884
195.06,0,5.86788059773834,0.819799094503839,0.873619141646235,0.653915375052991,0.270330953100037
195.07,0,5.82651583684474,0.820978586620437,0.873333478760337,0.654008089792886,0.271851991234703
195.08,0,5.78554398200041,0.821328469816164,0.875003569892005,0.655229656358029,0.270134741928875
195.09,0,5.74496578249556,0.824339339322936,0.874207154135684,0.653493766074691,0.272683690834173
195.1,0,5.70814433115518,0.825001944032936,0.873797584670265,0.655605224812522,0.270457674480317
195.11,0,5.676473445985,0.825493236918552,0.872027869187202,0.655409334849695,0.267603519652932
195.12,0,5.64612324412786,0.825226439968894,0.870971914951451,0.654609412901084,0.271433981211977
195.13,0,5.6167340254135,0.830182734573061,0.871573426699738,0.652761513685151,0.269305080362805
195.14,0,5.59201133030312,0.827609257371205,0.870871354557717,0.653319560399164,0.270676126507896
195.15,0,5.56941053755407,0.830015274237036,0.87280092556923,0.653678168332844,0.271910811377734
195.16,0,5.54732158863021,0.828954895967864,0.872298167538434,0.653842857703064,0.270773994759243
195.17,0,5.52548114058978,0.830016741452853,0.870073520667721,0.655791395870307,0.267202399121802
195.18,0,5.50386330185997,0.828478037738352,0.867878696628514,0.656125786136458,0.269679464529579
195.19,0,5.48246862673716,0.832343129307526,0.871569682644984,0.655582221881008,0.271446698232642
195.2,0,5.46129946910471,0.831677983973717,0.867195361525313,0.655059023368187,0.271970644432178
195.21,0,5.44035810928289,0.833983406435942,0.868275685186743,0.653330046483588,0.270820700206265
195.22,0,5.41964671856342,0.8340750450875,0.868227891338659,0.655912640359248,0.271368545365123
195.23,0,5.39916737654179,0.831326146407396,0.869087245363972,0.654897424232812,0.270554584175026
195.24,0,5.37892207534292,0.835711243452062,0.866891104883098,0.654138645806884,0.271207535699941
195.25,0,5.35891272082248,0.831427998710325,0.867339362878388,0.656979537623341,0.268046143833515
195.26,0,5.33914113339644,0.836169562920242,0.867209662972386,0.654733003440024,0.268183752150097
195.27,0,5.31960904885744,0.834195069120914,0.86629172152024,0.655555852131337,0.272685482286224
195.28,0,5.30031811920897,0.836880658923353,0.866607204785869,0.65595627034198,0.268741705976341
195.29,0,5.28126991351686,0.835290120553566,0.867599657186704,0.655549735326982,0.269342675994783
195.3,0,5.26246591877679,0.838272804952466,0.868845211198232,0.656127106125487,0.269761235699475
195.31,0,5.24390754079637,0.836771625494279,0.866594129309302,0.657018274160813,0.270932829339102
195.32,0,5.22559610508942,0.837344548960362,0.865944398634493,0.657753846755174,0.269872972816751
195.33,0,5.20753285778185,0.839144005781335,0.866446349064445,0.65672922498807,0.270029150857245
195.34,0,5.18971896652735,0.838277662287507,0.864701710736593,0.657019468681734,0.268441532830039
195.35,0,5.1721555214312,0.841210870834867,0.864752537541304,0.657283084418106,0.268648003605907
195.36,0,5.15484353598103,0.839289193145071,0.864995687967398,0.656090053538241,0.267293296750901
195.37,0,5.13778394798341,0.841116862220065,0.866784677648913,0.655012884600396,0.269978029074382
195.38,0,5.12097762050444,0.842595334961237,0.865776159711646,0.65619620489421,0.267744071441349
195.39,0,5.10442534281336,0.842320620463691,0.860459986100269,0.658170391845052,0.269668250979535
195.4,0,5.08812783132806,0.845266218079451,0.861971027659704,0.657700305067945,0.268415795249423
195.41,0,5.07208573056105,0.841572192633725,0.861715638433585,0.657216411663484,0.269726200750478
195.42,0,5.05629961406469,0.843954562216198,0.864306769935458,0.654343840684351,0.271037103381797
195.43,0,5.04076998537496,0.844700157022229,0.863722097144072,0.655929670055535,0.268713211322693
195.44,0,5.02549727895229,0.841938331650973,0.863898844204209,0.658200420769267,0.266729224877399
195.45,0,5.01048186111854,0.844636496625418,0.859847459509754,0.657495799741646,0.268210562220586
195.46,0,4.99572403098934,0.845846134480931,0.862493659673447,0.655836098785821,0.272637988496014
195.47,0,4.98122402140071,0.845957934362227,0.863237643050118,0.657107138184981,0.268298542696938
195.48,0,4.96698199982884,0.847621733839088,0.863283016539261,0.655735399682643,0.269200756403396
195.49,0,4.9529980693027,0.846188054570584,0.860256836080351,0.656048738222077,0.269520520760594
195.5,0,4.93927226930833,0.846705559427047,0.862132515843475,0.657526991718793,0.270978455918655
195.51,0,4.92580457668397,0.84826963792478,0.860581252105619,0.655759065041123,0.271427803415283
195.52,0,4.91259490650571,0.846886468816755,0.861196508588405,0.655105823053698,0.270247269282403
195.53,0,4.89964311296267,0.849101192370122,0.861989433614502,0.659201323232942,0.271399442079359
195.54,0,4.88694899022118,0.847275841114643,0.862792309490803,0.65978654507738,0.268970767018953
195.55,0,4.87451227327739,0.84868228075086,0.856893004653299,0.656617435554468,0.267912175877804
195.56,0,4.86233263879803,0.848232635798849,0.858515867117832,0.656413312334935,0.267790788034628
195.57,0,4.85040970594823,0.847690685779313,0.858472995714238,0.658428956785891,0.267463973552908
195.58,0,4.83874303720669,0.8483970729765,0.859201205836394,0.658100432555447,0.270799253361356
195.59,0,4.82733213916741,0.851458619562155,0.856949556189033,0.655590427659885,0.270541345791997
195.6,0,4.81617646332756,0.852102687215664,0.859639701245125,0.655524745536245,0.269932154942947
195.61,0,4.80527540686145,0.850734199245054,0.859664947924107,0.65649128957672,0.271557183917638
195.62,0,4.79462831338029,0.852361350291497,0.85601726335781,0.654400731957137,0.270590057682017
195.63,0,4.78423447367734,0.851197605651689,0.857318761001052,0.654519493876325,0.26858607326665
195.64,0,4.77409312645838,0.852012034298675,0.857034297471665,0.657642796076652,0.268508358449901
195.65,0,4.7642034590576,0.851094629321285,0.861213856347205,0.658670513984717,0.270902791135524
195.66,0,4.75456460813847,0.850203899958907,0.857706258549034,0.654888486820967,0.267882453166165
195.67,0,4.74517566037967,0.85312365054593,0.858649738392816,0.656620000457962,0.267864514615935
195.68,0,4.73603565314619,0.852782697502403,0.855085371492271,0.656305188656572,0.270336941488412
195.69,0,4.72714357514556,0.852178701431705,0.857637199131372,0.655963862278132,0.269458199502579
195.7,0,4.71849836706917,0.855151124512875,0.856429245845936,0.656301325089891,0.26975519662358
195.71,0,4.71009892221898,0.85301554809946,0.855337430824548,0.655596680145749,0.268362206545424
195.72,0,4.70194408711974,0.855747722605503,0.855718573685866,0.658199827558483,0.271488928601394
195.73,0,4.69403266211669,0.856360897580447,0.857128514737366,0.658688415208981,0.273039736813002
195.74,0,4.68636340195932,0.855833792579066,0.853929713635166,0.655897022744678,0.271535047960522
195.75,0,4.67893501637111,0.856326876692645,0.853916966200707,0.654599175675529,0.269306107434159
195.76,0,4.67174617060582,0.853786538194621,0.858401664837721,0.657545572669708,0.271418213665126
195.77,0,4.66479548599036,0.855610376432501,0.856772033738943,0.655256781178656,0.272335221941399
195.78,0,4.65808154045513,0.853389406595912,0.856951355251314,0.656287875292513,0.269857966451707
195.79,0,4.65160286905138,0.857239702921667,0.854674698798474,0.655826119213484,0.270472953846061
195.8,0,4.64535796445686,0.855801025057142,0.85263775722652,0.653521450407256,0.269773402926017
195.81,0,4.63934527746984,0.856667002601221,0.85355210551997,0.655989221172913,0.269972362984111
195.82,0,4.63356321749178,0.855540259350067,0.852746914846143,0.65647402358796,0.269499561178328
195.83,0,4.62801015299955,0.857888904123518,0.855926776255833,0.654954802036382,0.269889334697319
195.84,0,4.62268441200762,0.856847618948233,0.852293652879833,0.657733872114272,0.271539346459729
195.85,0,4.61758428252058,0.857654744424343,0.850456989620093,0.654208245913342,0.270886597547419
195.86,0,4.61270801297681,0.855805206263235,0.853228527729363,0.65300082612465,0.27121271324344
195.87,0,4.60805381268386,0.854449406517597,0.851540916276364,0.657378584513689,0.270918317616661
195.88,0,4.60361985224613,0.857023202232636,0.85311123479518,0.65659217855637,0.269254132747968
195.89,0,4.59940426398548,0.856629070353333,0.852899424094794,0.655346345835862,0.267845216477661
195.9,0,4.5954051423556,0.856227731520085,0.851606849398892,0.657466273298911,0.271049356291571
195.91,0,4.59162054435071,0.859403852106297,0.853507066601137,0.657551100263471,0.271635929970105
195.92,0,4.58804848990917,0.855423471168949,0.850480102844056,0.654492196975386,0.269185269401244
195.93,0,4.58468696231316,0.857119720656784,0.850071976526548,0.652818306992986,0.271044052875416
195.94,0,4.58153390858474,0.857508399003999,0.851986237876182,0.656734010313752,0.270576884850624
195.95,0,4.5785872398792,0.859139312680427,0.848868496479315,0.654152823322142,0.272014236795723
195.96,0,4.5758448318766,0.859891049212549,0.851418994923702,0.653130642924398,0.269709157975317
195.97,0,4.57330452517218,0.85847190064868,0.849927101025481,0.654803813778217,0.269390541689859
195.98,0,4.5709641256663,0.857105434183727,0.849336030416809,0.652286984292695,0.268906238035574
195.99,0,4.56882140495506,0.856501379289025,0.849952465872005,0.651172893744032,0.26911467565087
196,0,4.56687410072209,0.858038840874797,0.85104682502221,0.656195852551085,0.26742662077957
196.01,0,4.56511991713245,0.858726018447136,0.850561578554775,0.653287760989733,0.270676133637247
196.02,0,4.56355652522956,0.856065545633654,0.850633678028634,0.652319863540667,0.270743296052942
196.03,0,4.56218156333585,0.855154700906371,0.84640546043779,0.656974518857978,0.271387643377345
196.04,0,4.56094011132433,0.86143832730725,0.848556378196857,0.655263820833939,0.269398252906764
196.05,0,4.55973143023702,0.856566601499277,0.847345395703554,0.653917240255028,0.27039318969649
196.06,0,4.55855339893928,0.858049686112799,0.8475265831174,0.656470668254509,0.269674787019872
196.07,0,4.55740559488049,0.85855416514319,0.84940957817721,0.653524457083266,0.269370412292842
196.08,0,4.55628758678378,0.85804903521503,0.848651934385322,0.65315779625735,0.26874808427678
196.09,0,4.55519893488123,0.856970482061445,0.843730094890476,0.652529362689368,0.270872612622537
196.1,0,4.55413919115259,0.854851010716607,0.849137809426439,0.651892714362125,0.267558337121097
196.11,0,4.55310789956748,0.857132808765669,0.848995429783993,0.651802407651805,0.267797573751491
196.12,0,4.55210459633084,0.857415513633736,0.846898533414352,0.651769958156934,0.26908206507251
196.13,0,4.55112881013153,0.859837750873245,0.846530853287039,0.65459871772095,0.271327864800117
196.14,0,4.55018006239394,0.856723565383593,0.847356994803439,0.65037641519872,0.26708490387502
196.15,0,4.54925786753245,0.857620532320127,0.844687204092147,0.653386684113045,0.268841430165252
196.16,0,4.54836173320854,0.858205836374903,0.847283140688869,0.651589907108401,0.271567173783691
196.17,0,4.54749116059054,0.858867530911517,0.843945697497541,0.650509913031443,0.271075855602677
196.18,0,4.54664564461567,0.859382402059283,0.844098872448149,0.652555738692584,0.269025611595943
196.19,0,4.54582467425441,0.858111809998644,0.846810770376104,0.651765126319131,0.273339527882745
196.2,0,4.54502773277694,0.857103009622719,0.845194173116698,0.655143051846436,0.270219807353801
196.21,0,4.54425429802152,0.85667732044379,0.84433617352474,0.653118192770285,0.27115723663733
196.22,0,4.54350384266469,0.857720275996823,0.845769682752137,0.651408226583561,0.269602202334021
196.23,0,4.54277583449311,0.857450312241289,0.844558904208073,0.651560549696407,0.271291765572841
196.24,0,4.54206973667691,0.857200563584573,0.841781522233289,0.648391942778538,0.270482947664268
196.25,0,4.54138500804435,0.859019864883934,0.843646934856131,0.651430006108175,0.270267169955397
196.26,0,4.54072110335779,0.856546727367627,0.8418964370388,0.649662000352551,0.269491101560114
196.27,0,4.5400774735906,0.858551915661498,0.842668711810927,0.652540293561467,0.269821743929809
196.28,0,4.53945356620504,0.859615168568478,0.842772222110334,0.651418889331583,0.270364409809282
196.29,0,4.55520360844587,0.857596122003712,0.844143600400535,0.65208936121606,0.270545503498972
196.3,0,4.56179556019598,0.858710371478184,0.844633765082538,0.651026698446184,0.27057102897232
196.31,0,4.56520589210353,0.855327475329017,0.841560556219515,0.648850454897187,0.268637544699559
196.32,0,4.56819295263151,0.859819122397324,0.845233044144122,0.649117603248972,0.269205852914526
196.33,0,4.57122053552377,0.854872061257653,0.842736279078936,0.650852130493005,0.268963484957548
196.34,0,4.57434327980999,0.85868918378608,0.841132101213301,0.648590387415662,0.271269533658194
196.35,0,4.5775636114623,0.855130300760816,0.844028546460382,0.649505723875454,0.268287497119055
196.36,0,4.58087876887063,0.853958833809371,0.84281265689546,0.648821688516526,0.272418800014324
196.37,0,4.58428561469023,0.859271541917024,0.842656737676774,0.650226699825821,0.269133645502088
196.38,0,4.5877809947908,0.854163175496435,0.84015425363083,0.648160498361546,0.269692832390278
196.39,0,4.59136174909198,0.854858906770572,0.841997214828402,0.649809076216004,0.268009898372136
196.4,0,4.59502470995909,0.854826970607865,0.838550623504976,0.648419618745826,0.266895729781574
196.41,0,4.59876670259905,0.855120074544605,0.840778006438736,0.648352658726401,0.269183509647794
196.42,0,4.60258454603654,0.855485622367771,0.841217795911883,0.6498454552258,0.270415577213879
196.43,0,4.6064750542001,0.852276380488327,0.838675171917641,0.648930621650837,0.270820191068892
196.44,0,4.61043503704231,0.854059239257855,0.841188986322865,0.647552508717394,0.270617502732948
196.45,0,4.6144613016843,0.853363221035581,0.839020189909578,0.648929235020856,0.270858691546024
196.46,0,4.61855065358383,0.852472215902658,0.841630505964235,0.651211332185489,0.269583055662253
196.47,0,4.6226998977262,0.852854193660425,0.842930222349598,0.649374332372246,0.269244046483526
196.48,0,4.62690583983786,0.854036185480796,0.841543250769562,0.648719896002582,0.270549450561768
196.49,0,4.63116528762231,0.853541465911849,0.839707303780474,0.649687279973724,0.271650726955032
196.5,0,4.63547505201762,0.852864468784144,0.83923926488372,0.647485428774184,0.268468967417729
196.51,0,4.63983194847537,0.850974864291105,0.839249406243521,0.649375903863062,0.269570644078097
196.52,0,4.64423279826015,0.854817218529368,0.839000722566501,0.646626092053735,0.27006367197185
196.53,0,4.64867442976935,0.852027125246653,0.838938945475592,0.647107575722312,0.267218131769998
196.54,0,4.65315367987221,0.853214520412519,0.840689980845895,0.64502377703783,0.269183699726091
196.55,0,4.65766739526788,0.851155394985564,0.83653884301851,0.647783363747527,0.26916119121072
196.56,0,4.66221243386134,0.850554479011328,0.83770552192698,0.647273553522813,0.270306798095587
196.57,0,4.66678566615669,0.848942449663569,0.837960091407779,0.648040995353987,0.269933695479431
196.58,0,4.67138397666685,0.852733206785782,0.840951258957661,0.647520691347142,0.271085986851979
196.59,0,4.67600426533881,0.849762425494599,0.84101030779696,0.648583226918191,0.268766247692212
196.6,0,4.68064344899363,0.853187751611715,0.837760509736683,0.647246399383825,0.272130533897192
196.61,0,4.68529846278003,0.849437614257878,0.83865031783597,0.646199832158186,0.271122371002137
196.62,0,4.68996626164078,0.851343603253762,0.838566961276273,0.647060442774852,0.271037083121545
196.63,0,4.6946438217908,0.8522121128376,0.8356649868676,0.648211359842854,0.269504132955039
196.64,0,4.69932814220579,0.851856708264213,0.839013816437009,0.643973569432717,0.271405775297508
196.65,0,4.70401624612044,0.849779832513734,0.837452003001651,0.644360073941956,0.269422193940801
196.66,0,4.70870518253499,0.850475102553067,0.837389412744719,0.645089152619244,0.270551390739449
196.67,0,4.71339202772895,0.848951970912231,0.838365181515002,0.646200833534353,0.272958414728732
196.68,0,4.71807388678085,0.848984803860928,0.838786940125062,0.645876430673542,0.268509976228396
196.69,0,4.7227478950927,0.849784785148245,0.836275806051581,0.644782812696177,0.270111611131944
196.7,0,4.72741121991788,0.846630353950941,0.837979564971928,0.645195074673061,0.269436322790367
196.71,0,4.7320610618913,0.847372669836501,0.83793916900035,0.644956116112302,0.270138225549434
196.72,0,4.7366946565603,0.84942771004421,0.837743792747279,0.645082816537574,0.268866003246258
196.73,0,4.7413092759151,0.848379869537377,0.838847809687688,0.647803025710448,0.271359947745697
196.74,0,4.74590222991737,0.848922513421813,0.83390303205724,0.644516014709338,0.272805854748514
196.75,0,4.75047086802554,0.846514755875562,0.835170898145055,0.644965979270842,0.270996482931733
196.76,0,4.75501258071546,0.848246672184866,0.836004396559687,0.641980840224418,0.269700575226544
196.77,0,4.7595248009949,0.845278424111585,0.835507024544886,0.644594874587377,0.270913259882398
196.78,0,4.7640050059106,0.847770341430601,0.833768592744363,0.643644757811883,0.271291369795036
196.79,0,4.76845071804635,0.845910620289402,0.833212629995461,0.645648651648512,0.269384781897771
196.8,0,4.77285950701051,0.847124378725685,0.836720489796543,0.647182637865599,0.26927787139918
196.81,0,4.77722899091183,0.847538707937904,0.833038197503648,0.642339920054259,0.269946836193532
196.82,0,4.78155683782178,0.848497552875562,0.834889259227656,0.641952816733809,0.269519304313105
196.83,0,4.78584076722206,0.845607570129581,0.836418455782158,0.643255982561254,0.269663110364801
196.84,0,4.79007855143584,0.848376200610152,0.835633725283234,0.643629623587866,0.27073816599937
196.85,0,4.79426801704131,0.846946046803362,0.834776597588584,0.644078974645748,0.272473548555502
196.86,0,4.79840704626587,0.845995789129561,0.837520772593376,0.645358997851913,0.270247466618849
196.87,0,4.80249357835978,0.84821434662289,0.83590129651309,0.643664852333639,0.270812970238173
196.88,0,4.80652561094763,0.845946151554841,0.836986613346756,0.640921842235732,0.269735825189813
196.89,0,4.81050120135633,0.845163903331393,0.833739790667595,0.643907073509044,0.267968058301822
196.9,0,4.81441846791812,0.845310242722378,0.835134636893338,0.643167579557404,0.268730519197152
196.91,0,4.81827559124729,0.844220993203352,0.836128278484357,0.645348135814236,0.268910244443735
196.92,0,4.82207081548915,0.845902129162863,0.832064531443817,0.644271167297106,0.269660483687091
196.93,0,4.82580244953999,0.845858261766476,0.832115584939242,0.646050850238481,0.271602066407009
196.94,0,4.82946886823666,0.846104894797259,0.833312895873044,0.642022170959524,0.270316305293582
196.95,0,4.8330685135145,0.844520781289178,0.833565131018246,0.641189782367423,0.267860422573091
196.96,0,4.8365998955323,0.84115151690312,0.833696674320298,0.643459034841566,0.27070704292312
196.97,0,4.84006159376316,0.842403545007937,0.833019752891015,0.642466845524696,0.272367558117742
196.98,0,4.84345225804992,0.842687005160895,0.831788477206537,0.643726895919916,0.270399423288199
196.99,0,4.8467706096242,0.843415583798904,0.832465067172803,0.644173804561557,0.271622031614773
197,0,4.85001544208769,0.843253420414149,0.833129715828705,0.643360049326396,0.268125659574816
197.01,0,4.8531856223548,0.841449416271006,0.834571580147874,0.642557010338692,0.270154685182879
197.02,0,4.85628009155556,0.844124276417039,0.83363887388924,0.642779520115006,0.269238001396249
197.03,0,4.85929786589775,0.843020750071376,0.833549132588883,0.643978038342335,0.270562770984062
197.04,0,4.8622380374875,0.843433253963595,0.834410563832542,0.638892535625379,0.27226905521889
197.05,0,4.86509977510711,0.843151723181495,0.83444550389762,0.6443369815408,0.270203076824676
197.06,0,4.86788232494969,0.841544960964218,0.835246269812506,0.643483117497052,0.268168811121807
197.07,0,4.87058501130944,0.844805342466165,0.834258652396501,0.642342165110868,0.269614966362152
197.08,0,4.87320723722714,0.843918524961556,0.831815796798456,0.644676789355257,0.269594200024727
197.09,0,4.87574848508994,0.845118774568202,0.830695404089739,0.643033443347819,0.269449843255463
197.1,0,4.87820831718501,0.840617867760435,0.835142596796382,0.643668381376066,0.271590927941129
197.11,0,4.88058637620631,0.840086547575164,0.83392326029974,0.644440469603079,0.269459908776314
197.12,0,4.88288238571416,0.844016358331982,0.833824838601458,0.641799075683071,0.269946195482258
197.13,0,4.88509615054703,0.842495813743396,0.831131397416548,0.642270034566424,0.270593026509059
197.14,0,4.88722755718519,0.841491916646807,0.832116534116629,0.641335222221591,0.27086993325047
197.15,0,4.88927657406598,0.840188460926263,0.833968873013668,0.640914637018299,0.270323250835174
197.16,0,4.89124325185031,0.841425560853493,0.831327722077618,0.643224162057617,0.26848813203969
197.17,0,4.89312772364031,0.841325861618728,0.831514759315894,0.64287736017388,0.271428489856531
197.18,0,4.89493020514791,0.840429143761168,0.834229161216677,0.642157322887209,0.269748534312569
197.19,0,4.89665099481435,0.839074010942817,0.829929051681689,0.642754104013038,0.267281390180629
197.2,0,4.89829047388057,0.84117769623919,0.832845850436153,0.644511727286868,0.268700218681244
197.21,0,4.89984910640852,0.841806121431329,0.831887946141357,0.644502411842233,0.26847010040453
197.22,0,4.90132743925364,0.838394811887747,0.832101566573856,0.642535289365399,0.270287642256671
197.23,0,4.90272610198841,0.84013576131787,0.831467513486672,0.640565619009653,0.268440321434377
197.24,0,4.90404580677762,0.84100586599391,0.831608196856961,0.643004838080992,0.272383487515399
197.25,0,4.90528734820529,0.842026433629979,0.831597542177652,0.642631318981004,0.26883705374658
197.26,0,4.90645160305383,0.837763291242045,0.83154512089444,0.642882826132954,0.26816596942782
197.27,0,4.90753953003587,0.84138513023973,0.830201239207984,0.645171501247221,0.273288919757554
197.28,0,4.90855216947913,0.839681500496917,0.830468134026485,0.644339561106111,0.272460189730639
197.29,0,4.90949064296499,0.840019490947965,0.830315658284457,0.644035618555804,0.267473454679517
197.3,0,4.91035615292133,0.839208770011173,0.830827436949276,0.643304772827346,0.268979806413341
197.31,0,4.91114998217037,0.840481204031087,0.826905658726683,0.642258306344809,0.271099497203969
197.32,0,4.91187349343216,0.838985156396236,0.829962126487853,0.641776001236267,0.270612550283931
197.33,0,4.91252812878449,0.841301112182521,0.832528110105209,0.641292412099173,0.271187895700292
197.34,0,4.91311540908018,0.840929703594984,0.832398905577726,0.641640522436079,0.269746713466051
197.35,0,4.9136369333225,0.84262372501137,0.832472141402332,0.645160958388233,0.270239520713585
197.36,0,4.91409437799972,0.84230408239916,0.832309101403413,0.642747885028484,0.270561760227684
197.37,0,4.91448949637981,0.839609916076613,0.830386077029251,0.644689831957633,0.271353996752056
197.38,0,4.91482411776624,0.839615256611654,0.830323121382096,0.643642835516294,0.270004111165954
197.39,0,4.91510014671595,0.838557421608106,0.830985392990487,0.641525997659069,0.270308630964064
197.4,0,4.91531956222084,0.838344038067435,0.831964269189224,0.644262780443551,0.272255685421192
197.41,0,4.91548441685356,0.838148480676329,0.830162667650562,0.644026181588795,0.269116539084302
197.42,0,4.91559683587905,0.840212394420869,0.832476717649584,0.641918011461527,0.271903752816051
197.43,0,4.91565901633313,0.839162333075012,0.832497474723692,0.644947431375405,0.268757156915864
197.44,0,4.91567322606917,0.83870381761972,0.830010255455783,0.644747046821203,0.269177441977293
197.45,0,4.91564180277429,0.839385765860888,0.828236240764343,0.647004410904693,0.269780926622146
197.46,0,4.91556715295642,0.839321491924052,0.833373760493073,0.643321734219186,0.269155296325473
197.47,0,4.91545175090358,0.838504696675713,0.831066483743248,0.643197521314068,0.27067976987226
197.48,0,4.91529813761665,0.839158372811122,0.830539986340584,0.645407793884412,0.270338846929311
197.49,0,4.91510891971721,0.835861167301402,0.82972361206555,0.644498972455888,0.269547263775879
197.5,0,4.91488676833177,0.840019195192228,0.829523360754586,0.645027314919242,0.267195054702039
197.51,0,4.91463441795375,0.840164307139167,0.832476683476679,0.644721398774198,0.271345602104462
197.52,0,4.91435466528488,0.838577575260506,0.834584635410314,0.64632761811818,0.269003259107758
197.53,0,4.91405036805733,0.837295440781859,0.828914229595405,0.645457728064084,0.273139077679848
197.54,0,4.91372444383811,0.8390229670628,0.830491884011425,0.643683816427941,0.269039689504834
197.55,0,4.91337986881701,0.840735746454366,0.829442447083894,0.643936970758741,0.268613442375065
197.56,0,4.91301967658015,0.839433408992641,0.830728757048149,0.644778057986266,0.26949312238158
197.57,0,4.91264695686978,0.839159344064992,0.830276335810796,0.64546705283866,0.270499017401653
197.58,0,4.9122648543326,0.836225415331057,0.83146641734255,0.64408980026138,0.271395930715774
197.59,0,4.91187656725763,0.839028445310063,0.831259656735265,0.646424464093274,0.272010074442018
197.6,0,4.91148534630524,0.838159250051836,0.829749966835963,0.645670674378516,0.269772080410347
197.61,0,4.91109449322885,0.836317509961547,0.829994742141909,0.645011793014816,0.272086808747199
197.62,0,4.91070735959068,0.839279195509799,0.831450144651158,0.646075339135811,0.27040619045935
197.63,0,4.91032734547309,0.840049203879896,0.830735679282048,0.645722816289994,0.268829022559524
197.64,0,4.90995789818681,0.838350455042018,0.831293766931282,0.648458852571292,0.269579516532664
197.65,0,4.90960251097764,0.838841874538654,0.831571445050539,0.645075639699806,0.271337811419303
197.66,0,4.90926472173294,0.838137221983801,0.830851066847755,0.648647209720295,0.270736213794878
197.67,0,4.90894811168913,0.839312175067901,0.835103483112246,0.645884765274004,0.266874092828578
197.68,0,4.90865630414193,0.836757725098668,0.832291167921706,0.642102837666421,0.269569682253874
197.69,0,4.90839296316021,0.838886801341678,0.831868898096257,0.646415999353607,0.27045019402039
197.7,0,4.90816179230508,0.836322808482224,0.83420924980232,0.644461778007435,0.268732717682658
197.71,0,4.90796653335534,0.837002719398463,0.828462553292956,0.648620074003142,0.271026743285031
197.72,0,4.90781096504059,0.840064124825124,0.832253593209733,0.647447506937874,0.269899354857028
197.73,0,4.90769890178305,0.839529175267805,0.830476431016982,0.651153760291914,0.268397193237385
197.74,0,4.9076341924495,0.83514172119843,0.829941637481313,0.646012462508874,0.273793112088043
197.75,0,4.90762071911426,0.836941736045476,0.83184791993753,0.648759120211623,0.269771961458378
197.76,0,4.9076623958344,0.840065183444119,0.833047942708457,0.648988366362229,0.26837912568356
197.77,0,4.90776316743812,0.837743061985589,0.833057579899107,0.649363328345112,0.270582169585347
197.78,0,4.90792700832752,0.837493933680066,0.83480386638857,0.645925875289155,0.270382548328278
197.79,0,4.9081579212965,0.836527857176907,0.831392250722439,0.649179972529282,0.270056973352257
197.8,0,4.90845993636483,0.837779513588268,0.831028346894883,0.648111836902911,0.270384282510139
197.81,0,4.90883710962922,0.837836414276606,0.830918306274192,0.647506041447157,0.269696122095394
197.82,0,4.90929352213227,0.839595368563262,0.832646319542777,0.649703219851,0.272210352667582
197.83,0,4.90983327875007,0.836308917608914,0.833435606574539,0.651535950306547,0.271248455790369
197.84,0,4.9104605070991,0.838629640326917,0.833519086520333,0.65152685320406,0.271269798117034
197.85,0,4.91117935646322,0.838108088688762,0.832224458341437,0.650652427406078,0.267788402506063
197.86,0,4.91199399674139,0.839353387700239,0.833162598781676,0.65025956941379,0.271862963601838
197.87,0,4.91290861741662,0.8371371839524,0.831777624931204,0.648985687461714,0.270225037579976
197.88,0,4.91392742654679,0.838615974000423,0.82972454762218,0.647406552347831,0.27030477875057
197.89,0,4.91505464977768,0.833365489863683,0.834226997992219,0.652021837614386,0.271852011619386
197.9,0,4.91629452937886,0.836341339270108,0.831341659535515,0.647151254783631,0.269540025719205
197.91,0,4.91765132330267,0.83849484709127,0.83037117857255,0.64721856184546,0.271005654254128
197.92,0,4.91912930426655,0.836343735749104,0.83263511097714,0.650792430757548,0.268250718784059
197.93,0,4.92073275885929,0.836864097810807,0.832664630115091,0.651942995938925,0.268147451500803
197.94,0,4.92246598667114,0.837729346292522,0.834275042694754,0.650741724799678,0.269570132049622
197.95,0,4.92433329944807,0.836346040875513,0.835003213802228,0.648800312218614,0.269699900724949
197.96,0,4.92633902027027,0.836376424509841,0.832102596334648,0.652320975338631,0.268116126132948
197.97,0,4.92848748275517,0.835378232090085,0.834481273689155,0.65060049538557,0.269801213841219
197.98,0,4.93078303028455,0.837418299523083,0.832337060229166,0.653101216436948,0.267936069872905
197.99,0,4.93323001525629,0.83552970627901,0.83333781120348,0.651687119272622,0.268181984229341
198,0,4.93583279836017,0.837618186021508,0.832525582640077,0.65163933785475,0.270964718679779
198.01,0,4.93859574787787,0.837148532587617,0.8331869752116,0.648865193259236,0.269766100781549
198.02,0,4.941523239007,0.836706611739761,0.833577329783921,0.650820014834659,0.269833986159906
198.03,0,4.94461965320879,0.835726047177516,0.833210774685443,0.650521854415961,0.268820132203184
198.04,0,4.94788937757926,0.836389647356076,0.834929643357509,0.652016573293985,0.269833546450823
198.05,0,4.95133680424351,0.834392435178324,0.834048730849547,0.649233030400908,0.26907781318836
198.06,0,4.9549663297729,0.835450268226321,0.833435130623443,0.653104431943398,0.270683673328575
198.07,0,4.95878235462442,0.832274610444769,0.831014186166601,0.651667552241842,0.269369245238922
198.08,0,4.96278928260209,0.832144338197855,0.835510203007309,0.651750515719252,0.268503077553004
198.09,0,4.96699152033967,0.834132628388084,0.833449255406487,0.651726822689546,0.271695872768106
198.1,0,4.97139347680435,0.834045247815966,0.834271396182274,0.653243948024053,0.269451701576669
198.11,0,4.97599956282053,0.834515671587237,0.834593650802514,0.649952728194429,0.27048153408848
198.12,0,4.98081419061341,0.831875716111992,0.836657775274783,0.652123578071943,0.267520800496005
198.13,0,4.98584177337142,0.834585017526663,0.835890678566734,0.650232233567311,0.267101385663493
198.14,0,4.99108672482698,0.834124264476697,0.833090969259798,0.651830210759686,0.271154272155184
198.15,0,4.99655345885474,0.833108591220604,0.836158529458203,0.652622305792353,0.269675736665533
198.16,0,5.00224638908657,0.834874946918607,0.836045066845527,0.654182645805414,0.270027931650638
198.17,0,5.00816992854242,0.832950998315908,0.835051341926605,0.65301366823185,0.267775775857475
198.18,0,5.01432848927631,0.830189473589461,0.832996707843822,0.654485281359093,0.270207689052794
198.19,0,5.02072648203642,0.831406113967195,0.835414883172547,0.653385206524805,0.27102585983917
198.2,0,5.02736831593844,0.833497113770696,0.83491561479135,0.653368192274634,0.270091486666708
198.21,0,5.0342583981513,0.82869118081245,0.836879021994628,0.652340246836224,0.271603809602213
198.22,0,5.04140113359414,0.83206353623943,0.835421238951985,0.655139557941533,0.26942393174115
198.23,0,5.04880092464359,0.830483280479317,0.836708561005524,0.654023805304591,0.271813574605741
198.24,0,5.05646217085051,0.831200141063403,0.836968872748122,0.654478056365431,0.268174011831428
198.25,0,5.06438926866466,0.832479239675602,0.836753324769426,0.655348525022716,0.273753663689928
198.26,0,5.07258661116683,0.830118235021818,0.833987062477805,0.653149854195756,0.268792185115421
198.27,0,5.08105858780679,0.831155772780536,0.836275622431463,0.655271226912114,0.269196484674898
198.28,0,5.08980958414627,0.828148058969781,0.837450597561627,0.653874309856481,0.270757115008356
198.29,0,5.0988439816057,0.828560726406659,0.839668374739866,0.65439508229187,0.273307108862726
198.3,0,5.10816615721349,0.828884902014279,0.835998362661054,0.657278956117454,0.267729040425321
198.31,0,5.11778048335682,0.827920990367016,0.835956392389081,0.654411249611815,0.270101393922881
198.32,0,5.12769132753262,0.828980470211403,0.836796116860552,0.654000733877401,0.273410076687361
198.33,0,5.1379030520976,0.825394878173275,0.839112186385308,0.654152749502908,0.269524149465365
198.34,0,5.14842001401598,0.826394396622006,0.8383944120936,0.655161039037319,0.268822001246695
198.35,0,5.15924656460393,0.826489966901481,0.836892429535227,0.655060854009617,0.269120443130141
198.36,0,5.1703870492692,0.827040643461081,0.835927798825211,0.657849642009779,0.269733536889347
198.37,0,5.18184580724489,0.828893078174126,0.837543540907028,0.655287192103427,0.270417341106794
198.38,0,5.19362717131593,0.824766095279332,0.836154386775179,0.65400841416579,0.270845623114544
198.39,0,5.20573546753724,0.823540043431629,0.839025519564493,0.656632395589897,0.269877513794236
198.4,0,5.21817501494198,0.826066462701195,0.838248635114548,0.654818429954836,0.271123707530096
198.41,0,5.23095012523895,0.824806227280095,0.840798576620601,0.657083851278437,0.271025574621958
198.42,0,5.24406510249763,0.823764319386915,0.837390310554238,0.654195037654396,0.27132437211366
198.43,0,5.25752424281961,0.823570431840619,0.83765745606439,0.65718064579994,0.271370604430618
198.44,0,5.27133183399536,0.822938365713132,0.838871955817897,0.65583992750491,0.271969894359866
198.45,0,5.28549215514473,0.8228124937517,0.840593778854178,0.656513668603969,0.268618450548612
198.46,0,5.30000947634021,0.822205122833412,0.837472707841982,0.654989222668156,0.269302045836851
198.47,0,5.31488805821146,0.821144400001558,0.839671396670426,0.657572283693277,0.267718374359808
198.48,0,5.33013215153013,0.8207966671929,0.838038911898176,0.654427820814137,0.271881471440241
198.49,0,5.34574599677344,0.819723004471063,0.840781667815738,0.657260283373239,0.268462307176447
198.5,0,5.36173382366545,0.821152644296707,0.837974404132271,0.658314312441521,0.269500613974664
198.51,0,5.37809985069484,0.820172613583098,0.839335741261823,0.656715777526048,0.270769692699811
198.52,0,5.39484828460789,0.817401936078218,0.840545551514552,0.656682916338833,0.269855934725476
198.53,0,5.4119833198755,0.815983276810903,0.842928002188236,0.655162404198998,0.269733155476588
198.54,0,5.42950913813307,0.816634039286846,0.843507793238853,0.655708920277374,0.270351791047755
198.55,0,5.44742990759228,0.816481307443592,0.839394019773772,0.657754788301444,0.268647229801584
198.56,0,5.46574978242321,0.819097286085416,0.841801562120134,0.655581438010311,0.271133001052282
198.57,0,5.48447290210621,0.816232643485625,0.839489917702051,0.655375541037787,0.270619586323387
198.58,0,5.50360339075195,0.814809066840197,0.840696806250217,0.658990427699298,0.26962094295776
198.59,0,5.52314535638901,0.815545017717043,0.84313877091927,0.657640768988893,0.269221677698486
198.6,0,5.54310289021759,0.815394847721647,0.840954376157251,0.657282282070597,0.2712114356793
198.61,0,5.56348006582871,0.812684146592418,0.839349064298015,0.657558805284655,0.269231773361595
198.62,0,5.58428093838758,0.812682497695194,0.8410365041687,0.657538305416465,0.271237557009502
198.63,0,5.60550954378037,0.812865091830029,0.843227175869058,0.654786574785953,0.27147643913928
198.64,0,5.62716989772357,0.811181029363237,0.842915861359897,0.656628198457191,0.270685947708193
198.65,0,5.64926599483474,0.811336724872531,0.839689234858791,0.654172301389662,0.269070171164225
198.66,0,5.67180180766416,0.809363306516037,0.842585209028839,0.655829408599688,0.268144273081931
198.67,0,5.69478128568633,0.805330847838561,0.842728997694108,0.656105114324037,0.267514008197498
198.68,0,5.71820835425073,0.807116278341833,0.846329339308291,0.656393209311531,0.270422116275748
198.69,0,5.74208691349088,0.806402227151436,0.839433629161321,0.656350344198214,0.271951054022663
198.7,0,5.76642083719141,0.805895222816338,0.843855916484534,0.655833330787703,0.26947603045081
198.71,0,5.79121397161204,0.806235855535974,0.845505945196591,0.656350974861094,0.270899771918391
198.72,0,5.81647013426821,0.804672317913349,0.842691829977667,0.654969260380873,0.268987677116589
198.73,0,5.84219311266779,0.804758200599616,0.843503843732871,0.655028038150531,0.271799067958749
198.74,0,5.86838666300325,0.801873956046326,0.843165644583869,0.658045429612841,0.269619543601903
198.75,0,5.8950545087988,0.802096197028805,0.843016384008436,0.655856499321123,0.270671238195133
198.76,0,5.92220033951252,0.801492371671686,0.845336108103021,0.65816754644307,0.269989313566183
198.77,0,5.94982780909267,0.800137360849948,0.845986785174337,0.654878406649602,0.269312879000498
198.78,0,5.97794053448802,0.798986856004867,0.843519382591137,0.654835399581835,0.269212740983801
198.79,0,6.00654209411237,0.797357240771823,0.843980549266463,0.65460178379705,0.268561990269803
198.8,0,6.03563602626258,0.798525845464101,0.845306955234802,0.654329385190818,0.268018913757342
198.81,0,6.06522582749027,0.798167222391711,0.845876618354135,0.656993429841011,0.267965558399043
198.82,0,6.09531495092725,0.797150774566176,0.846203402760142,0.655648433908785,0.268772474808201
198.83,0,6.12590680456464,0.794379790378671,0.844151302463323,0.656267093704401,0.27070351794038
198.84,0,6.15700474948552,0.794584840967054,0.846740311856151,0.657024078696725,0.270673041542554
198.85,0,6.18861209805185,0.795973773157817,0.84678532367182,0.658447883197444,0.271419101718469
198.86,0,6.22073211204549,0.795854984325025,0.846684504309665,0.656633179988684,0.269851817557522
198.87,0,6.25336800076347,0.794158596107309,0.846794568554841,0.657144431963218,0.269548915101243
198.88,0,6.28652291906862,0.79094405913912,0.848436920835928,0.657267873610019,0.268234701801979
198.89,0,6.32019996539526,0.79004217485277,0.847816345880766,0.654747333190619,0.270113129683277
198.9,0,6.35440217971088,0.787889611665852,0.848589345429556,0.65497153919489,0.268838976348922
198.91,0,6.38913254143432,0.786121039473802,0.848486927221689,0.655594717033147,0.270688139979067
198.92,0,6.42439396731141,0.788136396875992,0.848175092582539,0.655041263666799,0.265664919166781
198.93,0,6.46018930924828,0.78729284786,0.845209096014047,0.654367315567109,0.26543109182361
198.94,0,6.49652135210379,0.785954022050888,0.845688824741785,0.657124556969059,0.270401548065984
198.95,0,6.53339281144177,0.782965264291574,0.847902369846333,0.654615738253543,0.267596806919813
198.96,0,6.57080633124399,0.784753956097114,0.846378177830038,0.65390177062406,0.271382730267467
198.97,0,6.6087644815852,0.781735957683201,0.847818898153709,0.654910171919934,0.270542916373262
198.98,0,6.64726975627132,0.783099871049521,0.849886780520607,0.657175785002597,0.271097572485494
198.99,0,6.6863245704421,0.781678250638885,0.849718953755244,0.653702421494476,0.270807127742246
199,0,6.72593125813944,0.778508716196025,0.848306178464618,0.65356170275324,0.269256947558522
199.01,0,6.76609206984338,0.778497209200104,0.849607503046136,0.653570233459036,0.269122878107782
199.02,0,6.80680916997653,0.776951717203418,0.85047214771423,0.656359959629365,0.269811090727761
199.03,0,6.84808463437913,0.778436923262409,0.849558186178039,0.655282444637745,0.269660843600592
199.04,0,6.88992044775642,0.775694762332157,0.847118992621025,0.655678844895523,0.271238228887985
199.05,0,6.93231850110007,0.772831683820936,0.849674137097311,0.655338937287627,0.269829687433959
199.06,0,6.97528058908516,0.774024574986448,0.852110329199589,0.652817231264469,0.2692839703393
199.07,0,7.01880840744574,0.771106874573116,0.851195223064861,0.656044773839325,0.269444470478917
199.08,0,7.06290355032997,0.770711408433167,0.850078685384105,0.653140776115929,0.27145465285547
199.09,0,7.10756750763755,0.77155389195909,0.854085224529716,0.654907865554198,0.268974627255708
199.1,0,7.15280166234181,0.768425252843084,0.850568217380872,0.65697568266937,0.272252963320826
199.11,0,7.19860728779865,0.768732457674784,0.848930694042139,0.656020792675379,0.269302801552334
199.12,0,7.24498554504449,0.765888848995033,0.851801925822482,0.652386709509875,0.26744797089859
199.13,0,7.29193748008647,0.768039624078202,0.853234642393286,0.656021824453807,0.270077853454924
199.14,0,7.33946402118698,0.765515854095748,0.849978913248119,0.65578849245582,0.268192757953428
199.15,0,7.38756597614513,0.763154549653373,0.849708843026179,0.653974491385374,0.269134401120392
199.16,0,7.43624402957858,0.76435177731125,0.851380685700781,0.654622081587521,0.271543105055665
199.17,0,7.48549874020804,0.760664778148047,0.852645620207092,0.65527344106743,0.269970714082054
199.18,0,7.53533053814755,0.760363520395544,0.853521366601978,0.653530486386016,0.271495026362798
199.19,0,7.5857397222036,0.758586271742105,0.851911598200873,0.653963162480277,0.269633838161231
199.2,0,7.63672645718654,0.755871001553441,0.854400760735753,0.652970914484016,0.269718849639986
199.21,0,7.68829077123668,0.75525490443276,0.855438646337818,0.654237877609272,0.270013826510386
199.22,0,7.740432553169,0.754701367560295,0.856701476381319,0.653174408008617,0.268647249329904
199.23,0,7.79315154983992,0.755531680936823,0.856086845499136,0.652729835586682,0.269884479930019
199.24,0,7.84644736353883,0.75427717847902,0.855886992729133,0.652259902918174,0.268516353468416
199.25,0,7.90031944940833,0.750840229865484,0.855278988093498,0.653571229898475,0.268609927572163
199.26,0,7.95476711289689,0.751532040311083,0.856214470954496,0.653046371678276,0.27114856375657
199.27,0,8.00978950724716,0.749213279946224,0.855997012388768,0.652970279642147,0.270492820769651
199.28,0,8.06538563102326,0.749236259108489,0.857347592582533,0.652303240747326,0.267066570333024
199.29,0,8.12155432568191,0.746194848191327,0.858490993635608,0.653181512967868,0.269733226837889
199.3,0,8.17829427318998,0.747373676830166,0.854156335546603,0.654769059193243,0.270018113249459
199.31,0,8.23560399369234,0.743891350741971,0.85861184650456,0.653025415546841,0.271247251283521
199.32,0,8.29348184323492,0.745222325279784,0.855622866533417,0.651796142622419,0.269278859394415
199.33,0,8.35192601154559,0.741932729988194,0.854537365482808,0.652770003951395,0.27097821480421
199.34,0,8.4109345198771,0.742336537860776,0.854692354696094,0.650062256489387,0.269530672571296
199.35,0,8.47050521891658,0.736937113850894,0.858872150965454,0.652606639107154,0.269034939651017
199.36,0,8.53063578676489,0.739141608698117,0.860200318890206,0.651742072709059,0.269277706721474
199.37,0,8.59132372698972,0.736253040500679,0.859275247280474,0.651613795220823,0.272102630969892
199.38,0,8.65256636675706,0.7351730389169,0.858161556370128,0.651748318438638,0.269142529170471
199.39,0,8.71436085504441,0.733374984434384,0.859031245292554,0.649576356935069,0.269841168103658
199.4,0,8.77670416093979,0.734760281670364,0.856406909583636,0.650215065490607,0.271284169406604
199.41,0,8.83959307203055,0.729034564339563,0.85809768086335,0.652482752752861,0.270613651860161
199.42,0,8.90302419288645,0.729658055980191,0.859264888792045,0.650792402303887,0.271857321609217
199.43,0,8.96699394363973,0.731328211250692,0.861518479970643,0.649903121308166,0.269014630914643
199.44,0,9.0314985586672,0.728202362244788,0.858627512866268,0.652089368102878,0.270518634049987
199.45,0,9.09653408537788,0.73033498785852,0.861632439869337,0.650758619310373,0.27299559897138
199.46,0,9.16209638310969,0.727520692739756,0.858418501479434,0.652791952456252,0.2711357963157
199.47,0,9.22818112213916,0.724540803369112,0.859697532984311,0.650962037916178,0.269518081899505
199.48,0,9.29478378280834,0.722130516695293,0.861231864279262,0.652354617491164,0.272416784024322
199.49,0,9.36189965477192,0.722713408363086,0.862629459468955,0.651335780153322,0.271038672008795
199.5,0,9.42952383636812,0.720752284045972,0.861639712572337,0.650813620300874,0.269351801511179
199.51,0,9.49765123411805,0.718708792319987,0.862352835288264,0.649811014487038,0.271243064660175
199.52,0,9.56627656235541,0.721375215539295,0.863735233347127,0.650958566512291,0.26809330410359
199.53,0,9.63539434299068,0.716162994155286,0.859418551507884,0.649943220482534,0.271383261692019
199.54,0,9.70499890541351,0.718497588329878,0.862046813615579,0.649445811789701,0.268166641619307
199.55,0,9.77508438653578,0.716090693286754,0.863619874759152,0.648799967556455,0.272436836346046
199.56,0,9.8456447309782,0.715008724814426,0.864726056964962,0.648234066047951,0.269190740827973
199.57,0,9.91667369140464,0.712662030713407,0.864171515391398,0.647516423896707,0.270622490579754
199.58,0,9.98816482900579,0.711820164476577,0.863460858547092,0.650164119343233,0.26868014089549
199.59,0,10.0601115141351,0.709783955523207,0.865383690431636,0.6485759978231,0.270216737326395
199.6,0,10.1325069271,0.710684889724935,0.866295543454112,0.650674553115372,0.26954223300919
199.61,0,10.2053440591114,0.706175730188911,0.865566924916037,0.648949974176845,0.270698933825292
199.62,0,10.2786157133909,0.702856766572954,0.86490381097904,0.650090367785412,0.26872835495849
199.63,0,10.3523145064425,0.704151637738647,0.865993007645988,0.648511472881394,0.269913483089386
199.64,0,10.4264328694861,0.702680128202994,0.865561942509641,0.645693119431121,0.268397757296691
199.65,0,10.5009630500581,0.699862411794405,0.8652457685886,0.648134859637599,0.269663216490714
199.66,0,10.5758971137781,0.700412142180502,0.866602559632656,0.649571614788102,0.272353159894456
199.67,0,10.6512269462861,0.701777974735152,0.865915603136783,0.645822458045364,0.269227288819386
199.68,0,10.7258954411851,0.699500922637611,0.867500638916801,0.648082243192814,0.269579101840395
199.69,0,10.7996590868339,0.699053648996748,0.865780582742866,0.650447519875565,0.271070844858317
199.7,0,10.8734558185452,0.696905496170107,0.86743923080262,0.645055887692763,0.271860400380974
199.71,0,10.9475305245398,0.69739931278602,0.866117486052152,0.649294987260143,0.269969258304051
199.72,0,11.0219191768044,0.693386178355963,0.867601637905482,0.64928097172057,0.270035239535608
199.73,0,11.0966195742716,0.690876197569302,0.866158922091025,0.646381261809627,0.269829912822089
199.74,0,11.1716235605547,0.691992634172441,0.867078696319678,0.647140798984805,0.27214402292366
199.75,0,11.2469220310794,0.692048040425266,0.866805293342526,0.644708255258693,0.26895607486143
199.76,0,11.3225056372525,0.688648198391602,0.867527558084051,0.647069425323608,0.27195019916174
199.77,0,11.3983648816174,0.685739333359464,0.867560006500999,0.648119007020437,0.271384898030237
199.78,0,11.4744901329697,0.689293393913141,0.867948061336692,0.646619197095093,0.271516084268401
199.79,0,11.5508716316413,0.685299585291864,0.868865221130531,0.645457766197631,0.266366514241256
199.8,0,11.6274994937504,0.682052617361299,0.871858162560386,0.646088810248237,0.268976103712963
199.81,0,11.7043637154696,0.683287932743434,0.870253300814996,0.647887493116855,0.269394538578748
199.82,0,11.7814541774288,0.680149916737475,0.869576911932287,0.645252345412324,0.268520553242831
199.83,0,11.8587606492655,0.681227105734717,0.872024948201279,0.646028376535357,0.270570709071851
199.84,0,11.9362727943196,0.678995589113211,0.871328160763416,0.647045278221611,0.269050464396689
199.85,0,12.0139801744726,0.679886219066411,0.868966440681281,0.643874542508183,0.271328230077198
199.86,0,12.0918722551269,0.678724982509828,0.868790344070439,0.643707597719135,0.271511788044663
199.87,0,12.169938410322,0.677743986674955,0.870276571628096,0.645313357267079,0.27255868371539
199.88,0,12.2481679279867,0.672467934966864,0.869620814658338,0.643526199667726,0.270087623458995
199.89,0,12.3265500153214,0.673158965590498,0.872336167931453,0.646330185595925,0.270382867595054
199.9,0,12.4050738043082,0.673382767798464,0.872452948179821,0.646694379556773,0.268631609615984
199.91,0,12.4837283573455,0.670907007500767,0.870983041079859,0.645673337076575,0.270979165311087
199.92,0,12.5625026730014,0.670405242039448,0.873998619709701,0.644695586573984,0.268600924288525
199.93,0,12.6413856918844,0.670515562444632,0.873726065205597,0.645337030661366,0.268220723959602
199.94,0,12.7203663026242,0.665282596152113,0.872610067665658,0.646696014126205,0.271591975197102
199.95,0,12.7994333479602,0.667026748603256,0.87260510909905,0.645236938509016,0.27033306636794
199.96,0,12.8785756309326,0.666805499600661,0.87499599525432,0.642798451392113,0.27212902823942
199.97,0,12.9577819211696,0.665342638419734,0.872441544138124,0.642932523888037,0.26929639156198
199.98,0,13.0370409612682,0.662998058932773,0.876745110043493,0.645227957406409,0.271403777996991
199.99,0,13.116341473262,0.663966685715744,0.877946450077186,0.642080653310435,0.269188956203416
200,0.85,13.1956721651693,0.66062493523199,0.873906351054514,0.647811282342938,0.271022663263556
